1	1.05	0	0	0	-nan
1	1.1	1260	1	52	-nan
2	1.1	0	0	0	-nan
1	1.15	1260	1	52	-nan
2	1.15	129	2	50	0
1	1.2	9838	7	53	0
2	1.2	129	2	50	0
1	1.25	9838	7	53	0
2	1.25	350	6	51	0
1	1.3	22026	16	56	0
2	1.3	408	7	51	0
1	1.35	22082	17	51	0
2	1.35	627	11	51	0
1	1.4	34222	25	64	0
2	1.4	797	14	52	0
1	1.45	46465	35	63	0
2	1.45	912	16	52	0
1	1.5	51082	39	59	0
2	1.5	1242	22	52	0
1	1.55	81473	60	86	0
2	1.55	1356	24	52	0
1	1.6	95233	71	73	0
2	1.6	1909	34	51	0
1	1.65	124152	92	77	0
2	1.65	2313	41	51	0
1	1.7	156049	114	108	1.54545
2	1.7	2820	50	50	0
1	1.75	186489	136	131	1.43567
2	1.75	3332	59	50	0
1	1.8	216929	158	126	1.34045
2	1.8	3785	67	50	0
1	1.85	247369	180	149	1.25708
2	1.85	4354	77	50	0
1	1.9	277754	201	178	2.36354
2	1.9	4866	86	51	0
1	1.95	305158	221	200	2.233
2	1.95	5373	95	51	0
1	2	337059	243	223	2.11503
2	2	5801	102	50	0
1	2.05	369063	266	247	2.00749
2	2.05	6233	109	50	0
1	2.1	401030	288	278	2.86471
2	2.1	6721	117	50	0
1	2.15	428436	307	299	2.73764
2	2.15	7153	124	50	0
1	2.2	457365	327	321	2.61873
2	2.2	7544	130	54	0
1	2.25	489390	350	352	2.50783
2	2.25	8027	137	54	0
1	2.3	521357	372	372	2.40613
2	2.3	8515	144	54	0
1	2.35	553382	395	392	3.08291
2	2.35	9003	151	54	0
1	2.4	584552	428	171	2.97012
2	2.4	9555	159	53	0
1	2.45	615058	450	172	2.86465
2	2.45	10427	172	53	0
1	2.5	645622	473	170	2.76432
2	2.5	11023	181	54	0
1	2.55	676128	495	172	3.34092
2	2.55	11688	191	54	0
1	2.6	709847	522	172	3.23086
2	2.6	12348	201	50	0
1	2.65	740353	544	168	3.13089
2	2.65	13082	212	50	0
1	2.7	769398	566	169	3.03854
2	2.7	13678	221	51	0
1	2.75	800020	590	178	3.53943
2	2.75	14343	231	51	0
1	2.8	832103	614	179	3.43356
2	2.8	14949	240	51	0
1	2.85	862663	637	178	3.33841
2	2.85	15545	249	51	0
1	2.9	893227	660	178	3.24743
2	2.9	16213	259	52	0
1	2.95	923854	684	175	3.68952
2	2.95	16883	269	52	0
1	3	954418	707	180	3.59507
2	3	17558	279	52	0
1	3.05	984982	730	177	3.50536
2	3.05	18163	288	52	0
1	3.1	1014023	752	175	3.42127
2	3.1	18708	296	54	0
1	3.15	1044587	775	178	3.33996
2	3.15	19383	306	54	0
1	3.2	1076728	800	179	3.72769
2	3.2	19980	314	52	0
1	3.25	1107234	822	174	3.64377
2	3.25	20577	322	52	0
1	3.3	1137852	846	170	3.56161
2	3.3	21169	330	53	0
1	3.35	1168778	875	65	3.48372
2	3.35	21766	338	53	0
1	3.4	1199284	897	61	3.83626
2	3.4	22492	348	53	0
1	3.45	1229906	921	63	3.75664
2	3.45	23199	358	53	0
1	3.5	1261989	945	62	3.67803
2	3.5	23827	367	52	0
1	3.55	1292554	968	61	3.60485
2	3.55	24608	378	52	0
1	3.6	1324695	993	62	3.92644
2	3.6	25315	388	50	0
1	3.65	1355201	1015	62	3.85138
2	3.65	26017	398	50	0
1	3.7	1384246	1037	68	3.77974
2	3.7	26650	407	52	0
1	3.75	1414864	1061	64	3.70995
2	3.75	27228	415	52	0
1	3.8	1446947	1085	63	4.00495
2	3.8	28009	426	51	0
1	3.85	1477511	1108	67	3.9338
2	3.85	28711	436	51	0
1	3.9	1509657	1133	62	3.863
2	3.9	29344	445	50	0
1	3.95	1540221	1156	68	3.79682
2	3.95	30125	456	50	0
1	4	1569262	1178	65	3.73461
2	4	30753	465	51	0
1	4.05	1601345	1202	71	4.00325
2	4.05	31460	475	51	0
1	4.1	1631909	1225	70	3.93798
2	4.1	32038	483	51	0
1	4.15	1662473	1248	68	3.87481
2	4.15	32740	493	51	0
1	4.2	1693092	1272	65	3.81352
2	4.2	33447	503	51	0
1	4.25	1723655	1295	70	4.06717
2	4.25	34154	513	51	0
1	4.3	1755738	1319	69	4.00305
2	4.3	34861	523	50	0
1	4.35	1786307	1342	70	3.94273
2	4.35	35563	533	50	0
1	4.4	1815352	1364	75	3.88591
2	4.4	36196	542	51	0
1	4.45	1847431	1388	71	4.1206
2	4.45	36848	551	51	0
1	4.5	1876534	1411	72	4.06171
2	4.5	37476	560	53	0
1	4.55	1907098	1434	73	4.004
2	4.55	38183	570	53	0
1	4.6	1939181	1458	69	3.94733
2	4.6	38890	580	51	0
1	4.65	1969745	1481	68	4.17086
2	4.65	39597	590	51	0
1	4.7	2000305	1504	75	4.11403
2	4.7	40299	600	51	0
1	4.75	2030869	1527	73	4.05873
2	4.75	40877	608	51	0
1	4.8	2061496	1551	75	4.00266
2	4.8	41584	618	53	0
1	4.85	2092060	1574	70	3.95028
2	4.85	42212	627	53	0
1	4.9	2121101	1596	72	4.16081
2	4.9	42919	637	54	0
1	4.95	2153184	1620	71	4.10514
2	4.95	43626	647	54	0
1	5	2185267	1644	68	4.05299
2	5	44328	657	52	0
1	5.05	2215889	1668	75	4.00258
2	5.05	44980	666	52	0
1	5.1	2247972	1692	70	4.19999
2	5.1	45687	676	50	0
1	5.15	2278532	1715	77	4.14907
2	5.15	46394	686	50	0
1	5.2	2309101	1738	76	4.09937
2	5.2	47096	696	50	0
1	5.25	2339665	1761	74	4.05083
2	5.25	47729	705	50	0
1	5.3	2368710	1783	78	4.2394
2	5.3	48436	715	52	0
1	5.35	2399328	1807	74	4.19029
2	5.35	49064	724	52	0
1	5.4	2429892	1830	77	4.14238
2	5.4	49716	733	52	0
1	5.45	2461975	1854	79	4.09326
2	5.45	50423	743	52	0
1	5.5	2492539	1877	76	4.27335
2	5.5	51130	753	51	0
1	5.55	2523103	1900	74	4.22613
2	5.55	51832	763	51	0
1	5.6	2553721	1924	82	4.17807
2	5.6	52465	772	53	0
1	5.65	2584290	1947	78	4.13287
2	5.65	53098	781	53	0
1	5.7	2613335	1969	79	4.09002
2	5.7	53745	790	54	0
1	5.75	2645418	1993	80	4.25744
2	5.75	54452	800	54	0
1	5.8	2677498	2017	75	4.21425
2	5.8	55159	810	50	0
1	5.85	2708061	2040	77	4.1706
2	5.85	55861	820	50	0
1	5.9	2737164	2063	87	4.12734
2	5.9	56568	830	53	0
1	5.95	2767728	2086	81	4.28968
2	5.95	57201	839	53	0
1	6	2798292	2109	79	4.24573
2	6	57853	848	54	0
1	6.05	2828852	2132	81	4.20351
2	6.05	58555	858	54	0
1	6.1	2862459	2157	74	4.16052
2	6.1	59262	868	51	0
1	6.15	2893081	2181	82	4.31612
2	6.15	59969	878	51	0
1	6.2	2923645	2204	83	4.27442
2	6.2	60597	887	51	0
1	6.25	2954209	2227	80	4.23355
2	6.25	61304	897	51	0
1	6.3	2983250	2249	84	4.19384
2	6.3	62011	907	53	0
1	6.35	3013814	2272	80	4.1545
2	6.35	62584	915	53	0
1	6.4	3045897	2296	78	4.30259
2	6.4	63291	925	51	0
1	6.45	3076519	2320	85	4.26294
2	6.45	63998	935	51	0
1	6.5	3108603	2344	88	4.22209
2	6.5	64705	945	51	0
1	6.55	3139167	2367	85	4.18393
2	6.55	65407	955	51	0
1	6.6	3169731	2390	84	4.32752
2	6.6	66114	965	50	0
1	6.65	3200353	2414	83	4.28907
2	6.65	66821	975	50	0
1	6.7	3230917	2437	88	4.25132
2	6.7	67528	985	50	0
1	6.75	3262996	2461	89	4.21237
2	6.75	68101	993	50	0
1	6.8	3293560	2484	86	4.34996
2	6.8	68808	1003	50	0
1	6.85	3324124	2507	91	4.31268
2	6.85	69515	1013	50	0
1	6.9	3351650	2528	95	4.27672
2	6.9	70143	1022	54	0
1	6.95	3383734	2552	91	4.23891
2	6.95	70776	1031	54	0
1	7	3415875	2577	79	4.37195
2	7	71428	1040	51	0
1	7.05	3446439	2600	87	4.33573
2	7.05	72208	1051	51	0
1	7.1	3477003	2623	88	4.30011
2	7.1	72841	1060	51	0
1	7.15	3507567	2646	85	4.26507
2	7.15	73548	1070	51	0
1	7.2	3536608	2668	90	4.23023
2	7.2	74255	1080	54	0
1	7.25	3567172	2691	92	4.35771
2	7.25	74883	1089	54	0
1	7.3	3600837	2717	83	4.32233
2	7.3	75590	1099	50	0
1	7.35	3631401	2740	85	4.28822
2	7.35	76371	1110	50	0
1	7.4	3660444	2762	93	4.25362
2	7.4	76944	1118	54	0
1	7.45	3691006	2785	89	4.37691
2	7.45	77577	1127	54	0
1	7.5	3723147	2810	83	4.34415
2	7.5	78284	1137	50	0
1	7.55	3755230	2834	87	4.30928
2	7.55	79069	1148	50	0
1	7.6	3782756	2855	94	4.2772
2	7.6	79697	1157	54	0
1	7.65	3813316	2878	100	4.39659
2	7.65	80275	1165	54	0
1	7.7	3846918	2903	83	4.36311
2	7.7	80982	1175	50	0
1	7.75	3877545	2927	92	4.33071
2	7.75	81758	1186	50	0
1	7.8	3906590	2949	93	4.29844
2	7.8	82391	1195	53	0
1	7.85	3937154	2972	99	4.41419
2	7.85	83098	1205	53	0
1	7.9	3969233	2996	86	4.38183
2	7.9	83800	1215	51	0
1	7.95	3999797	3019	93	4.35026
2	7.95	84507	1225	51	0
1	8	4030361	3042	92	4.31915
2	8	85140	1234	51	0
1	8.05	4060983	3066	97	4.28845
2	8.05	85792	1243	51	0
1	8.1	4091543	3089	97	4.39887
2	8.1	86420	1252	53	0
1	8.15	4122107	3112	93	4.36808
2	8.15	87127	1262	53	0
1	8.2	4154195	3136	90	4.33803
2	8.2	87834	1272	50	0
1	8.25	4184759	3159	90	4.30808
2	8.25	88536	1282	50	0
1	8.3	4215381	3183	95	4.41653
2	8.3	89243	1292	50	0
1	8.35	4247460	3207	98	4.38494
2	8.35	89950	1302	50	0
1	8.4	4276505	3229	103	4.35557
2	8.4	90602	1311	52	0
1	8.45	4307069	3252	100	4.32632
2	8.45	91230	1320	52	0
1	8.5	4337633	3275	98	4.43175
2	8.5	91937	1330	52	0
1	8.55	4368193	3298	94	4.40238
2	8.55	92570	1339	52	0
1	8.6	4398820	3322	101	4.37221
2	8.6	93272	1349	54	0
1	8.65	4429384	3345	99	4.34359
2	8.65	93850	1357	54	0
1	8.7	4461467	3369	94	4.44645
2	8.7	94631	1368	51	0
1	8.75	4492035	3392	94	4.41774
2	8.75	95337	1378	51	0
1	8.8	4521080	3414	100	4.38911
2	8.8	95970	1387	54	0
1	8.85	4551644	3437	100	4.36114
2	8.85	96603	1396	54	0
1	8.9	4582266	3461	102	4.3335
2	8.9	97250	1405	54	0
1	8.95	4612830	3484	97	4.43286
2	8.95	97957	1415	54	0
1	9	4644911	3508	95	4.40488
2	9	98664	1425	52	0
1	9.05	4675478	3531	95	4.37751
2	9.05	99371	1435	52	0
1	9.1	4706042	3554	95	4.34993
2	9.1	100073	1445	53	0
1	9.15	4736664	3578	102	4.44674
2	9.15	100706	1454	53	0
1	9.2	4768747	3602	99	4.41933
2	9.2	101487	1465	51	0
1	9.25	4799307	3625	96	4.39255
2	9.25	102194	1475	51	0
1	9.3	4829871	3648	103	4.36608
2	9.3	102767	1483	51	0
1	9.35	4862012	3673	102	4.45914
2	9.35	103474	1493	51	0
1	9.4	4890999	3694	105	4.43234
2	9.4	104107	1502	54	0
1	9.45	4921626	3718	108	4.40609
2	9.45	104809	1512	54	0
1	9.5	4953705	3742	98	4.37991
2	9.5	105516	1522	52	0
1	9.55	4984269	3765	100	4.47199
2	9.55	106223	1532	52	0
1	9.6	5016410	3790	100	4.44573
2	9.6	106925	1542	50	0
1	9.65	5046974	3813	102	4.42001
2	9.65	107632	1552	50	0
1	9.7	5076015	3835	107	4.39539
2	9.7	108284	1561	51	0
1	9.75	5108098	3859	109	4.36901
2	9.75	108917	1570	51	0
1	9.8	5137143	3881	104	4.45927
2	9.8	109619	1580	52	0
1	9.85	5167707	3904	108	4.43408
2	9.85	110252	1589	52	0
1	9.9	5199853	3929	105	4.40892
2	9.9	110959	1599	50	0
1	9.95	5230413	3952	104	4.3843
2	9.95	111735	1610	50	0
1	10	5260977	3975	106	4.47071
2	10	112313	1618	52	0
1	10.05	5291541	3998	113	4.44603
2	10.05	113020	1628	52	0
1	10.1	5323624	4022	109	4.42138
2	10.1	113727	1638	50	0
1	10.15	5354184	4045	104	4.39724
2	10.15	114429	1648	50	0
1	10.2	5383287	4068	112	4.4824
2	10.2	115062	1657	53	0
1	10.25	5413851	4091	111	4.45816
2	10.25	115640	1665	53	0
1	10.3	5444420	4114	108	4.43421
2	10.3	116342	1675	53	0
1	10.35	5474984	4137	108	4.41051
2	10.35	117049	1685	53	0
1	10.4	5505544	4160	108	4.49407
2	10.4	117756	1695	53	0
1	10.45	5536108	4183	105	4.47031
2	10.45	118384	1704	53	0
1	10.5	5552413	4201	51	4.45036
2	10.5	119091	1714	51	0
1	10.55	5552650	4205	51	4.42444
2	10.55	119745	1723	51	0
1	10.6	5553029	4210	53	4.4053
2	10.6	120120	1728	53	0
1	10.65	5553545	4216	53	4.37661
2	10.65	120515	1733	53	0
1	10.7	5553975	4221	52	4.36173
2	10.7	120515	1733	53	0
1	10.75	5553975	4221	52	4.36173
2	10.75	120515	1733	53	0
1	10.8	5553975	4221	52	4.36173
2	10.8	120515	1733	53	0
1	10.85	5553975	4221	52	4.36173
2	10.85	120515	1733	53	0
1	10.9	5553975	4221	52	4.36173
2	10.9	120515	1733	53	0
1	10.95	5553975	4221	52	4.36173
2	10.95	120515	1733	53	0
1	11	5553975	4221	52	4.36173
2	11	120515	1733	53	0
1	11.05	5553975	4221	52	4.36173
2	11.05	120515	1733	53	0
1	11.1	5553975	4221	52	4.36173
2	11.1	120515	1733	53	0
1	11.15	5553975	4221	52	4.36173
2	11.15	120515	1733	53	0
1	11.2	5553975	4221	52	4.36173
2	11.2	120515	1733	53	0
1	11.25	5553975	4221	52	4.36173
2	11.25	120515	1733	53	0
1	11.3	5553975	4221	52	4.36173
2	11.3	120515	1733	53	0
1	11.35	5553975	4221	52	4.36173
2	11.35	120515	1733	53	0
1	11.4	5553975	4221	52	4.36173
2	11.4	120515	1733	53	0
1	11.45	5553975	4221	52	4.36173
2	11.45	120515	1733	53	0
1	11.5	5553975	4221	52	4.36173
2	11.5	120515	1733	53	0
1	11.55	5553975	4221	52	4.36173
2	11.55	120515	1733	53	0
1	11.6	5553975	4221	52	4.36173
2	11.6	120515	1733	53	0
1	11.65	5553975	4221	52	4.36173
2	11.65	120515	1733	53	0
1	11.7	5553975	4221	52	4.36173
2	11.7	120515	1733	53	0
1	11.75	5553975	4221	52	4.36173
2	11.75	120515	1733	53	0
1	11.8	5553975	4221	52	4.36173
2	11.8	120515	1733	53	0
1	11.85	5553975	4221	52	4.36173
2	11.85	120515	1733	53	0
1	11.9	5553975	4221	52	4.36173
2	11.9	120515	1733	53	0
1	11.95	5553975	4221	52	4.36173
2	11.95	120515	1733	53	0
1	12	5553975	4221	52	4.36173
2	12	120515	1733	53	0
1	12.05	5553975	4221	52	4.36173
2	12.05	120515	1733	53	0
1	12.1	5553975	4221	52	4.36173
2	12.1	120515	1733	53	0
1	12.15	5553975	4221	52	4.36173
2	12.15	120515	1733	53	0
1	12.2	5553975	4221	52	4.36173
2	12.2	120515	1733	53	0
1	12.25	5553975	4221	52	4.36173
2	12.25	120515	1733	53	0
1	12.3	5553975	4221	52	4.36173
2	12.3	120515	1733	53	0
1	12.35	5553975	4221	52	4.36173
2	12.35	120515	1733	53	0
1	12.4	5553975	4221	52	4.36173
2	12.4	120515	1733	53	0
1	12.45	5553975	4221	52	4.36173
2	12.45	120515	1733	53	0
1	12.5	5553975	4221	52	4.36173
2	12.5	120515	1733	53	0
1	12.55	5553975	4221	52	4.36173
2	12.55	120515	1733	53	0
1	12.6	5553975	4221	52	4.36173
2	12.6	120515	1733	53	0
1	12.65	5553975	4221	52	4.36173
2	12.65	120515	1733	53	0
1	12.7	5553975	4221	52	4.36173
2	12.7	120515	1733	53	0
1	12.75	5553975	4221	52	4.36173
2	12.75	120515	1733	53	0
1	12.8	5553975	4221	52	4.36173
2	12.8	120515	1733	53	0
1	12.85	5553975	4221	52	4.36173
2	12.85	120515	1733	53	0
1	12.9	5553975	4221	52	4.36173
2	12.9	120515	1733	53	0
1	12.95	5553975	4221	52	4.36173
2	12.95	120515	1733	53	0
1	13	5553975	4221	52	4.36173
2	13	120515	1733	53	0
1	13.05	5553975	4221	52	4.36173
2	13.05	120515	1733	53	0
1	13.1	5553975	4221	52	4.36173
2	13.1	120515	1733	53	0
1	13.15	5553975	4221	52	4.36173
2	13.15	120515	1733	53	0
1	13.2	5553975	4221	52	4.36173
2	13.2	120515	1733	53	0
1	13.25	5553975	4221	52	4.36173
2	13.25	120515	1733	53	0
1	13.3	5553975	4221	52	4.36173
2	13.3	120515	1733	53	0
1	13.35	5553975	4221	52	4.36173
2	13.35	120515	1733	53	0
1	13.4	5553975	4221	52	4.36173
2	13.4	120515	1733	53	0
1	13.45	5553975	4221	52	4.36173
2	13.45	120515	1733	53	0
1	13.5	5553975	4221	52	4.36173
2	13.5	120515	1733	53	0
1	13.55	5553975	4221	52	4.36173
2	13.55	120515	1733	53	0
1	13.6	5553975	4221	52	4.36173
2	13.6	120515	1733	53	0
1	13.65	5553975	4221	52	4.36173
2	13.65	120515	1733	53	0
1	13.7	5553975	4221	52	4.36173
2	13.7	120515	1733	53	0
1	13.75	5553975	4221	52	4.36173
2	13.75	120515	1733	53	0
1	13.8	5553975	4221	52	4.36173
2	13.8	120515	1733	53	0
1	13.85	5553975	4221	52	4.36173
2	13.85	120515	1733	53	0
1	13.9	5553975	4221	52	4.36173
2	13.9	120515	1733	53	0
1	13.95	5553975	4221	52	4.36173
2	13.95	120515	1733	53	0
1	14	5553975	4221	52	4.36173
2	14	120515	1733	53	0
1	14.05	5553975	4221	52	4.36173
2	14.05	120515	1733	53	0
1	14.1	5553975	4221	52	4.36173
2	14.1	120515	1733	53	0
1	14.15	5553975	4221	52	4.36173
2	14.15	120515	1733	53	0
1	14.2	5553975	4221	52	4.36173
2	14.2	120515	1733	53	0
1	14.25	5553975	4221	52	4.36173
2	14.25	120515	1733	53	0
1	14.3	5553975	4221	52	4.36173
2	14.3	120515	1733	53	0
1	14.35	5553975	4221	52	4.36173
2	14.35	120515	1733	53	0
1	14.4	5553975	4221	52	4.36173
2	14.4	120515	1733	53	0
1	14.45	5553975	4221	52	4.36173
2	14.45	120515	1733	53	0
1	14.5	5553975	4221	52	4.36173
2	14.5	120515	1733	53	0
1	14.55	5553975	4221	52	4.36173
2	14.55	120515	1733	53	0
1	14.6	5553975	4221	52	4.36173
2	14.6	120515	1733	53	0
1	14.65	5553975	4221	52	4.36173
2	14.65	120515	1733	53	0
1	14.7	5553975	4221	52	4.36173
2	14.7	120515	1733	53	0
1	14.75	5553975	4221	52	4.36173
2	14.75	120515	1733	53	0
1	14.8	5553975	4221	52	4.36173
2	14.8	120515	1733	53	0
1	14.85	5553975	4221	52	4.36173
2	14.85	120515	1733	53	0
1	14.9	5553975	4221	52	4.36173
2	14.9	120515	1733	53	0
1	14.95	5553975	4221	52	4.36173
2	14.95	120515	1733	53	0
1	15	5553975	4221	52	4.36173
2	15	120515	1733	53	0
1	15.05	5553975	4221	52	4.36173
2	15.05	120515	1733	53	0
1	15.1	5553975	4221	52	4.36173
2	15.1	120515	1733	53	0
1	15.15	5553975	4221	52	4.36173
2	15.15	120515	1733	53	0
1	15.2	5553975	4221	52	4.36173
2	15.2	120515	1733	53	0
1	15.25	5553975	4221	52	4.36173
2	15.25	120515	1733	53	0
1	15.3	5553975	4221	52	4.36173
2	15.3	120515	1733	53	0
1	15.35	5553975	4221	52	4.36173
2	15.35	120515	1733	53	0
1	15.4	5553975	4221	52	4.36173
2	15.4	120515	1733	53	0
1	15.45	5553975	4221	52	4.36173
2	15.45	120515	1733	53	0
1	15.5	5553975	4221	52	4.36173
2	15.5	120515	1733	53	0
1	15.55	5553975	4221	52	4.36173
2	15.55	120515	1733	53	0
1	15.6	5553975	4221	52	4.36173
2	15.6	120515	1733	53	0
1	15.65	5553975	4221	52	4.36173
2	15.65	120515	1733	53	0
1	15.7	5553975	4221	52	4.36173
2	15.7	120515	1733	53	0
1	15.75	5553975	4221	52	4.36173
2	15.75	120515	1733	53	0
1	15.8	5553975	4221	52	4.36173
2	15.8	120515	1733	53	0
1	15.85	5553975	4221	52	4.36173
2	15.85	120515	1733	53	0
1	15.9	5553975	4221	52	4.36173
2	15.9	120515	1733	53	0
1	15.95	5553975	4221	52	4.36173
2	15.95	120515	1733	53	0
1	16	5553975	4221	52	4.36173
2	16	120515	1733	53	0
1	16.05	5553975	4221	52	4.36173
2	16.05	120515	1733	53	0
1	16.1	5553975	4221	52	4.36173
2	16.1	120515	1733	53	0
1	16.15	5553975	4221	52	4.36173
2	16.15	120515	1733	53	0
1	16.2	5553975	4221	52	4.36173
2	16.2	120515	1733	53	0
1	16.25	5553975	4221	52	4.36173
2	16.25	120515	1733	53	0
1	16.3	5553975	4221	52	4.36173
2	16.3	120515	1733	53	0
1	16.35	5553975	4221	52	4.36173
2	16.35	120515	1733	53	0
1	16.4	5553975	4221	52	4.36173
2	16.4	120515	1733	53	0
1	16.45	5553975	4221	52	4.36173
2	16.45	120515	1733	53	0
1	16.5	5553975	4221	52	4.36173
2	16.5	120515	1733	53	0
1	16.55	5553975	4221	52	4.36173
2	16.55	120515	1733	53	0
1	16.6	5553975	4221	52	4.36173
2	16.6	120515	1733	53	0
1	16.65	5553975	4221	52	4.36173
2	16.65	120515	1733	53	0
1	16.7	5553975	4221	52	4.36173
2	16.7	120515	1733	53	0
1	16.75	5553975	4221	52	4.36173
2	16.75	120515	1733	53	0
1	16.8	5553975	4221	52	4.36173
2	16.8	120515	1733	53	0
1	16.85	5553975	4221	52	4.36173
2	16.85	120515	1733	53	0
1	16.9	5553975	4221	52	4.36173
2	16.9	120515	1733	53	0
1	16.95	5553975	4221	52	4.36173
2	16.95	120515	1733	53	0
1	17	5553975	4221	52	4.36173
2	17	120515	1733	53	0
1	17.05	5553975	4221	52	4.36173
2	17.05	120515	1733	53	0
1	17.1	5553975	4221	52	4.36173
2	17.1	120515	1733	53	0
1	17.15	5553975	4221	52	4.36173
2	17.15	120515	1733	53	0
1	17.2	5553975	4221	52	4.36173
2	17.2	120515	1733	53	0
1	17.25	5553975	4221	52	4.36173
2	17.25	120515	1733	53	0
1	17.3	5553975	4221	52	4.36173
2	17.3	120515	1733	53	0
1	17.35	5553975	4221	52	4.36173
2	17.35	120515	1733	53	0
1	17.4	5553975	4221	52	4.36173
2	17.4	120515	1733	53	0
1	17.45	5553975	4221	52	4.36173
2	17.45	120515	1733	53	0
1	17.5	5553975	4221	52	4.36173
2	17.5	120515	1733	53	0
1	17.55	5553975	4221	52	4.36173
2	17.55	120515	1733	53	0
1	17.6	5553975	4221	52	4.36173
2	17.6	120515	1733	53	0
1	17.65	5553975	4221	52	4.36173
2	17.65	120515	1733	53	0
1	17.7	5553975	4221	52	4.36173
2	17.7	120515	1733	53	0
1	17.75	5553975	4221	52	4.36173
2	17.75	120515	1733	53	0
1	17.8	5553975	4221	52	4.36173
2	17.8	120515	1733	53	0
1	17.85	5553975	4221	52	4.36173
2	17.85	120515	1733	53	0
1	17.9	5553975	4221	52	4.36173
2	17.9	120515	1733	53	0
1	17.95	5553975	4221	52	4.36173
2	17.95	120515	1733	53	0
1	18	5553975	4221	52	4.36173
2	18	120515	1733	53	0
1	18.05	5553975	4221	52	4.36173
2	18.05	120515	1733	53	0
1	18.1	5553975	4221	52	4.36173
2	18.1	120515	1733	53	0
1	18.15	5553975	4221	52	4.36173
2	18.15	120515	1733	53	0
1	18.2	5553975	4221	52	4.36173
2	18.2	120515	1733	53	0
1	18.25	5553975	4221	52	4.36173
2	18.25	120515	1733	53	0
1	18.3	5553975	4221	52	4.36173
2	18.3	120515	1733	53	0
1	18.35	5553975	4221	52	4.36173
2	18.35	120515	1733	53	0
1	18.4	5553975	4221	52	4.36173
2	18.4	120515	1733	53	0
1	18.45	5553975	4221	52	4.36173
2	18.45	120515	1733	53	0
1	18.5	5553975	4221	52	4.36173
2	18.5	120515	1733	53	0
1	18.55	5553975	4221	52	4.36173
2	18.55	120515	1733	53	0
1	18.6	5553975	4221	52	4.36173
2	18.6	120515	1733	53	0
1	18.65	5553975	4221	52	4.36173
2	18.65	120515	1733	53	0
1	18.7	5553975	4221	52	4.36173
2	18.7	120515	1733	53	0
1	18.75	5553975	4221	52	4.36173
2	18.75	120515	1733	53	0
1	18.8	5553975	4221	52	4.36173
2	18.8	120515	1733	53	0
1	18.85	5553975	4221	52	4.36173
2	18.85	120515	1733	53	0
1	18.9	5553975	4221	52	4.36173
2	18.9	120515	1733	53	0
1	18.95	5553975	4221	52	4.36173
2	18.95	120515	1733	53	0
1	19	5553975	4221	52	4.36173
2	19	120515	1733	53	0
1	19.05	5553975	4221	52	4.36173
2	19.05	120515	1733	53	0
1	19.1	5553975	4221	52	4.36173
2	19.1	120515	1733	53	0
1	19.15	5553975	4221	52	4.36173
2	19.15	120515	1733	53	0
1	19.2	5553975	4221	52	4.36173
2	19.2	120515	1733	53	0
1	19.25	5553975	4221	52	4.36173
2	19.25	120515	1733	53	0
1	19.3	5553975	4221	52	4.36173
2	19.3	120515	1733	53	0
1	19.35	5553975	4221	52	4.36173
2	19.35	120515	1733	53	0
1	19.4	5553975	4221	52	4.36173
2	19.4	120515	1733	53	0
1	19.45	5553975	4221	52	4.36173
2	19.45	120515	1733	53	0
1	19.5	5553975	4221	52	4.36173
2	19.5	120515	1733	53	0
1	19.55	5553975	4221	52	4.36173
2	19.55	120515	1733	53	0
1	19.6	5553975	4221	52	4.36173
2	19.6	120515	1733	53	0
1	19.65	5553975	4221	52	4.36173
2	19.65	120515	1733	53	0
1	19.7	5553975	4221	52	4.36173
2	19.7	120515	1733	53	0
1	19.75	5553975	4221	52	4.36173
2	19.75	120515	1733	53	0
1	19.8	5553975	4221	52	4.36173
2	19.8	120515	1733	53	0
1	19.85	5553975	4221	52	4.36173
2	19.85	120515	1733	53	0
1	19.9	5553975	4221	52	4.36173
2	19.9	120515	1733	53	0
1	19.95	5553975	4221	52	4.36173
2	19.95	120515	1733	53	0
1	20	5553975	4221	52	4.36173
2	20	120515	1733	53	0
1	20.05	5553975	4221	52	4.36173
2	20.05	120515	1733	53	0
1	20.1	5553975	4221	52	4.36173
2	20.1	120515	1733	53	0
1	20.15	5553975	4221	52	4.36173
2	20.15	120515	1733	53	0
1	20.2	5553975	4221	52	4.36173
2	20.2	120515	1733	53	0
1	20.25	5553975	4221	52	4.36173
2	20.25	120515	1733	53	0
1	20.3	5553975	4221	52	4.36173
2	20.3	120515	1733	53	0
1	20.35	5553975	4221	52	4.36173
2	20.35	120515	1733	53	0
1	20.4	5553975	4221	52	4.36173
2	20.4	120515	1733	53	0
1	20.45	5553975	4221	52	4.36173
2	20.45	120515	1733	53	0
1	20.5	5553975	4221	52	4.36173
2	20.5	120515	1733	53	0
1	20.55	5553975	4221	52	4.36173
2	20.55	120515	1733	53	0
1	20.6	5553975	4221	52	4.36173
2	20.6	120515	1733	53	0
1	20.65	5553975	4221	52	4.36173
2	20.65	120515	1733	53	0
1	20.7	5553975	4221	52	4.36173
2	20.7	120515	1733	53	0
1	20.75	5553975	4221	52	4.36173
2	20.75	120515	1733	53	0
1	20.8	5553975	4221	52	4.36173
2	20.8	120515	1733	53	0
1	20.85	5553975	4221	52	4.36173
2	20.85	120515	1733	53	0
1	20.9	5553975	4221	52	4.36173
2	20.9	120515	1733	53	0
1	20.95	5553975	4221	52	4.36173
2	20.95	120515	1733	53	0
1	21	5553975	4221	52	4.36173
2	21	120515	1733	53	0
1	21.05	5553975	4221	52	4.36173
2	21.05	120515	1733	53	0
1	21.1	5553975	4221	52	4.36173
2	21.1	120515	1733	53	0
1	21.15	5553975	4221	52	4.36173
2	21.15	120515	1733	53	0
1	21.2	5553975	4221	52	4.36173
2	21.2	120515	1733	53	0
1	21.25	5553975	4221	52	4.36173
2	21.25	120515	1733	53	0
1	21.3	5553975	4221	52	4.36173
2	21.3	120515	1733	53	0
1	21.35	5553975	4221	52	4.36173
2	21.35	120515	1733	53	0
1	21.4	5553975	4221	52	4.36173
2	21.4	120515	1733	53	0
1	21.45	5553975	4221	52	4.36173
2	21.45	120515	1733	53	0
1	21.5	5553975	4221	52	4.36173
2	21.5	120515	1733	53	0
1	21.55	5553975	4221	52	4.36173
2	21.55	120515	1733	53	0
1	21.6	5553975	4221	52	4.36173
2	21.6	120515	1733	53	0
1	21.65	5553975	4221	52	4.36173
2	21.65	120515	1733	53	0
1	21.7	5553975	4221	52	4.36173
2	21.7	120515	1733	53	0
1	21.75	5553975	4221	52	4.36173
2	21.75	120515	1733	53	0
1	21.8	5553975	4221	52	4.36173
2	21.8	120515	1733	53	0
1	21.85	5553975	4221	52	4.36173
2	21.85	120515	1733	53	0
1	21.9	5553975	4221	52	4.36173
2	21.9	120515	1733	53	0
1	21.95	5553975	4221	52	4.36173
2	21.95	120515	1733	53	0
1	22	5553975	4221	52	4.36173
2	22	120515	1733	53	0
1	22.05	5553975	4221	52	4.36173
2	22.05	120515	1733	53	0
1	22.1	5553975	4221	52	4.36173
2	22.1	120515	1733	53	0
1	22.15	5553975	4221	52	4.36173
2	22.15	120515	1733	53	0
1	22.2	5553975	4221	52	4.36173
2	22.2	120515	1733	53	0
1	22.25	5553975	4221	52	4.36173
2	22.25	120515	1733	53	0
1	22.3	5553975	4221	52	4.36173
2	22.3	120515	1733	53	0
1	22.35	5553975	4221	52	4.36173
2	22.35	120515	1733	53	0
1	22.4	5553975	4221	52	4.36173
2	22.4	120515	1733	53	0
1	22.45	5553975	4221	52	4.36173
2	22.45	120515	1733	53	0
1	22.5	5553975	4221	52	4.36173
2	22.5	120515	1733	53	0
1	22.55	5553975	4221	52	4.36173
2	22.55	120515	1733	53	0
1	22.6	5553975	4221	52	4.36173
2	22.6	120515	1733	53	0
1	22.65	5553975	4221	52	4.36173
2	22.65	120515	1733	53	0
1	22.7	5553975	4221	52	4.36173
2	22.7	120515	1733	53	0
1	22.75	5553975	4221	52	4.36173
2	22.75	120515	1733	53	0
1	22.8	5553975	4221	52	4.36173
2	22.8	120515	1733	53	0
1	22.85	5553975	4221	52	4.36173
2	22.85	120515	1733	53	0
1	22.9	5553975	4221	52	4.36173
2	22.9	120515	1733	53	0
1	22.95	5553975	4221	52	4.36173
2	22.95	120515	1733	53	0
1	23	5553975	4221	52	4.36173
2	23	120515	1733	53	0
1	23.05	5553975	4221	52	4.36173
2	23.05	120515	1733	53	0
1	23.1	5553975	4221	52	4.36173
2	23.1	120515	1733	53	0
1	23.15	5553975	4221	52	4.36173
2	23.15	120515	1733	53	0
1	23.2	5553975	4221	52	4.36173
2	23.2	120515	1733	53	0
1	23.25	5553975	4221	52	4.36173
2	23.25	120515	1733	53	0
1	23.3	5553975	4221	52	4.36173
2	23.3	120515	1733	53	0
1	23.35	5553975	4221	52	4.36173
2	23.35	120515	1733	53	0
1	23.4	5553975	4221	52	4.36173
2	23.4	120515	1733	53	0
1	23.45	5553975	4221	52	4.36173
2	23.45	120515	1733	53	0
1	23.5	5553975	4221	52	4.36173
2	23.5	120515	1733	53	0
1	23.55	5553975	4221	52	4.36173
2	23.55	120515	1733	53	0
1	23.6	5553975	4221	52	4.36173
2	23.6	120515	1733	53	0
1	23.65	5553975	4221	52	4.36173
2	23.65	120515	1733	53	0
1	23.7	5553975	4221	52	4.36173
2	23.7	120515	1733	53	0
1	23.75	5553975	4221	52	4.36173
2	23.75	120515	1733	53	0
1	23.8	5553975	4221	52	4.36173
2	23.8	120515	1733	53	0
1	23.85	5553975	4221	52	4.36173
2	23.85	120515	1733	53	0
1	23.9	5553975	4221	52	4.36173
2	23.9	120515	1733	53	0
1	23.95	5553975	4221	52	4.36173
2	23.95	120515	1733	53	0
1	24	5553975	4221	52	4.36173
2	24	120515	1733	53	0
1	24.05	5553975	4221	52	4.36173
2	24.05	120515	1733	53	0
1	24.1	5553975	4221	52	4.36173
2	24.1	120515	1733	53	0
1	24.15	5553975	4221	52	4.36173
2	24.15	120515	1733	53	0
1	24.2	5553975	4221	52	4.36173
2	24.2	120515	1733	53	0
1	24.25	5553975	4221	52	4.36173
2	24.25	120515	1733	53	0
1	24.3	5553975	4221	52	4.36173
2	24.3	120515	1733	53	0
1	24.35	5553975	4221	52	4.36173
2	24.35	120515	1733	53	0
1	24.4	5553975	4221	52	4.36173
2	24.4	120515	1733	53	0
1	24.45	5553975	4221	52	4.36173
2	24.45	120515	1733	53	0
1	24.5	5553975	4221	52	4.36173
2	24.5	120515	1733	53	0
1	24.55	5553975	4221	52	4.36173
2	24.55	120515	1733	53	0
1	24.6	5553975	4221	52	4.36173
2	24.6	120515	1733	53	0
1	24.65	5553975	4221	52	4.36173
2	24.65	120515	1733	53	0
1	24.7	5553975	4221	52	4.36173
2	24.7	120515	1733	53	0
1	24.75	5553975	4221	52	4.36173
2	24.75	120515	1733	53	0
1	24.8	5553975	4221	52	4.36173
2	24.8	120515	1733	53	0
1	24.85	5553975	4221	52	4.36173
2	24.85	120515	1733	53	0
1	24.9	5553975	4221	52	4.36173
2	24.9	120515	1733	53	0
1	24.95	5553975	4221	52	4.36173
2	24.95	120515	1733	53	0
1	25	5553975	4221	52	4.36173
2	25	120515	1733	53	0
1	25.05	5553975	4221	52	4.36173
2	25.05	120515	1733	53	0
1	25.1	5553975	4221	52	4.36173
2	25.1	120515	1733	53	0
1	25.15	5553975	4221	52	4.36173
2	25.15	120515	1733	53	0
1	25.2	5553975	4221	52	4.36173
2	25.2	120515	1733	53	0
1	25.25	5553975	4221	52	4.36173
2	25.25	120515	1733	53	0
1	25.3	5553975	4221	52	4.36173
2	25.3	120515	1733	53	0
1	25.35	5553975	4221	52	4.36173
2	25.35	120515	1733	53	0
1	25.4	5553975	4221	52	4.36173
2	25.4	120515	1733	53	0
1	25.45	5553975	4221	52	4.36173
2	25.45	120515	1733	53	0
1	25.5	5553975	4221	52	4.36173
2	25.5	120515	1733	53	0
1	25.55	5553975	4221	52	4.36173
2	25.55	120515	1733	53	0
1	25.6	5553975	4221	52	4.36173
2	25.6	120515	1733	53	0
1	25.65	5553975	4221	52	4.36173
2	25.65	120515	1733	53	0
1	25.7	5553975	4221	52	4.36173
2	25.7	120515	1733	53	0
1	25.75	5553975	4221	52	4.36173
2	25.75	120515	1733	53	0
1	25.8	5553975	4221	52	4.36173
2	25.8	120515	1733	53	0
1	25.85	5553975	4221	52	4.36173
2	25.85	120515	1733	53	0
1	25.9	5553975	4221	52	4.36173
2	25.9	120515	1733	53	0
1	25.95	5553975	4221	52	4.36173
2	25.95	120515	1733	53	0
1	26	5553975	4221	52	4.36173
2	26	120515	1733	53	0
1	26.05	5553975	4221	52	4.36173
2	26.05	120515	1733	53	0
1	26.1	5553975	4221	52	4.36173
2	26.1	120515	1733	53	0
1	26.15	5553975	4221	52	4.36173
2	26.15	120515	1733	53	0
1	26.2	5553975	4221	52	4.36173
2	26.2	120515	1733	53	0
1	26.25	5553975	4221	52	4.36173
2	26.25	120515	1733	53	0
1	26.3	5553975	4221	52	4.36173
2	26.3	120515	1733	53	0
1	26.35	5553975	4221	52	4.36173
2	26.35	120515	1733	53	0
1	26.4	5553975	4221	52	4.36173
2	26.4	120515	1733	53	0
1	26.45	5553975	4221	52	4.36173
2	26.45	120515	1733	53	0
1	26.5	5553975	4221	52	4.36173
2	26.5	120515	1733	53	0
1	26.55	5553975	4221	52	4.36173
2	26.55	120515	1733	53	0
1	26.6	5553975	4221	52	4.36173
2	26.6	120515	1733	53	0
1	26.65	5553975	4221	52	4.36173
2	26.65	120515	1733	53	0
1	26.7	5553975	4221	52	4.36173
2	26.7	120515	1733	53	0
1	26.75	5553975	4221	52	4.36173
2	26.75	120515	1733	53	0
1	26.8	5553975	4221	52	4.36173
2	26.8	120515	1733	53	0
1	26.85	5553975	4221	52	4.36173
2	26.85	120515	1733	53	0
1	26.9	5553975	4221	52	4.36173
2	26.9	120515	1733	53	0
1	26.95	5553975	4221	52	4.36173
2	26.95	120515	1733	53	0
1	27	5553975	4221	52	4.36173
2	27	120515	1733	53	0
1	27.05	5553975	4221	52	4.36173
2	27.05	120515	1733	53	0
1	27.1	5553975	4221	52	4.36173
2	27.1	120515	1733	53	0
1	27.15	5553975	4221	52	4.36173
2	27.15	120515	1733	53	0
1	27.2	5553975	4221	52	4.36173
2	27.2	120515	1733	53	0
1	27.25	5553975	4221	52	4.36173
2	27.25	120515	1733	53	0
1	27.3	5553975	4221	52	4.36173
2	27.3	120515	1733	53	0
1	27.35	5553975	4221	52	4.36173
2	27.35	120515	1733	53	0
1	27.4	5553975	4221	52	4.36173
2	27.4	120515	1733	53	0
1	27.45	5553975	4221	52	4.36173
2	27.45	120515	1733	53	0
1	27.5	5553975	4221	52	4.36173
2	27.5	120515	1733	53	0
1	27.55	5553975	4221	52	4.36173
2	27.55	120515	1733	53	0
1	27.6	5553975	4221	52	4.36173
2	27.6	120515	1733	53	0
1	27.65	5553975	4221	52	4.36173
2	27.65	120515	1733	53	0
1	27.7	5553975	4221	52	4.36173
2	27.7	120515	1733	53	0
1	27.75	5553975	4221	52	4.36173
2	27.75	120515	1733	53	0
1	27.8	5553975	4221	52	4.36173
2	27.8	120515	1733	53	0
1	27.85	5553975	4221	52	4.36173
2	27.85	120515	1733	53	0
1	27.9	5553975	4221	52	4.36173
2	27.9	120515	1733	53	0
1	27.95	5553975	4221	52	4.36173
2	27.95	120515	1733	53	0
1	28	5553975	4221	52	4.36173
2	28	120515	1733	53	0
1	28.05	5553975	4221	52	4.36173
2	28.05	120515	1733	53	0
1	28.1	5553975	4221	52	4.36173
2	28.1	120515	1733	53	0
1	28.15	5553975	4221	52	4.36173
2	28.15	120515	1733	53	0
1	28.2	5553975	4221	52	4.36173
2	28.2	120515	1733	53	0
1	28.25	5553975	4221	52	4.36173
2	28.25	120515	1733	53	0
1	28.3	5553975	4221	52	4.36173
2	28.3	120515	1733	53	0
1	28.35	5553975	4221	52	4.36173
2	28.35	120515	1733	53	0
1	28.4	5553975	4221	52	4.36173
2	28.4	120515	1733	53	0
1	28.45	5553975	4221	52	4.36173
2	28.45	120515	1733	53	0
1	28.5	5553975	4221	52	4.36173
2	28.5	120515	1733	53	0
1	28.55	5553975	4221	52	4.36173
2	28.55	120515	1733	53	0
1	28.6	5553975	4221	52	4.36173
2	28.6	120515	1733	53	0
1	28.65	5553975	4221	52	4.36173
2	28.65	120515	1733	53	0
1	28.7	5553975	4221	52	4.36173
2	28.7	120515	1733	53	0
1	28.75	5553975	4221	52	4.36173
2	28.75	120515	1733	53	0
1	28.8	5553975	4221	52	4.36173
2	28.8	120515	1733	53	0
1	28.85	5553975	4221	52	4.36173
2	28.85	120515	1733	53	0
1	28.9	5553975	4221	52	4.36173
2	28.9	120515	1733	53	0
1	28.95	5553975	4221	52	4.36173
2	28.95	120515	1733	53	0
1	29	5553975	4221	52	4.36173
2	29	120515	1733	53	0
1	29.05	5553975	4221	52	4.36173
2	29.05	120515	1733	53	0
1	29.1	5553975	4221	52	4.36173
2	29.1	120515	1733	53	0
1	29.15	5553975	4221	52	4.36173
2	29.15	120515	1733	53	0
1	29.2	5553975	4221	52	4.36173
2	29.2	120515	1733	53	0
1	29.25	5553975	4221	52	4.36173
2	29.25	120515	1733	53	0
1	29.3	5553975	4221	52	4.36173
2	29.3	120515	1733	53	0
1	29.35	5553975	4221	52	4.36173
2	29.35	120515	1733	53	0
1	29.4	5553975	4221	52	4.36173
2	29.4	120515	1733	53	0
1	29.45	5553975	4221	52	4.36173
2	29.45	120515	1733	53	0
1	29.5	5553975	4221	52	4.36173
2	29.5	120515	1733	53	0
1	29.55	5553975	4221	52	4.36173
2	29.55	120515	1733	53	0
1	29.6	5553975	4221	52	4.36173
2	29.6	120515	1733	53	0
1	29.65	5553975	4221	52	4.36173
2	29.65	120515	1733	53	0
1	29.7	5553975	4221	52	4.36173
2	29.7	120515	1733	53	0
1	29.75	5553975	4221	52	4.36173
2	29.75	120515	1733	53	0
1	29.8	5553975	4221	52	4.36173
2	29.8	120515	1733	53	0
1	29.85	5553975	4221	52	4.36173
2	29.85	120515	1733	53	0
1	29.9	5553975	4221	52	4.36173
2	29.9	120515	1733	53	0
1	29.95	5553975	4221	52	4.36173
2	29.95	120515	1733	53	0
