1	1.05	0	0	0	-nan
1	1.1	1260	1	51	-nan
2	1.1	0	0	0	-nan
1	1.15	1260	1	51	-nan
2	1.15	129	2	50	0
1	1.2	9838	7	52	0
2	1.2	129	2	50	0
1	1.25	9838	7	52	0
2	1.25	408	7	50	0
1	1.3	22026	16	55	0
2	1.3	408	7	50	0
1	1.35	22082	17	50	0
2	1.35	739	13	50	0
1	1.4	38775	28	69	0
2	1.4	797	14	50	0
1	1.45	46465	35	61	0
2	1.45	1021	18	50	0
1	1.5	58668	44	61	0
2	1.5	1242	22	50	0
1	1.55	92140	68	87	0
2	1.55	1517	27	50	0
1	1.6	105845	78	58	0
2	1.6	2074	37	50	0
1	1.65	140833	103	79	1.67724
2	1.65	2422	43	50	0
1	1.7	177338	129	104	1.54755
2	1.7	2986	53	50	0
1	1.75	213897	156	94	1.43641
2	1.75	3612	64	50	0
1	1.8	245798	178	122	1.33754
2	1.8	4238	75	50	0
1	1.85	276238	200	154	2.50904
2	1.85	4750	84	50	0
1	1.9	305103	220	182	2.35885
2	1.9	5314	94	50	0
1	1.95	338575	244	214	2.22768
2	1.95	5769	102	50	0
1	2	372086	268	235	2.11379
2	2	6338	112	50	0
1	2.05	407096	292	262	3.0113
2	2.05	6902	122	50	0
1	2.1	434560	312	295	2.86672
2	2.1	7471	132	50	0
1	2.15	469565	336	317	2.73255
2	2.15	7933	140	50	0
1	2.2	501590	359	340	2.6135
2	2.2	8421	148	50	0
1	2.25	533557	381	362	3.34016
2	2.25	8914	156	50	0
1	2.3	565581	404	386	3.20609
2	2.3	9346	163	50	0
1	2.35	600644	429	403	3.08469
2	2.35	9843	171	50	0
1	2.4	634193	453	428	2.96874
2	2.4	10363	179	50	0
1	2.45	666160	475	450	3.58172
2	2.45	10888	187	50	0
1	2.5	702739	501	477	3.45528
2	2.5	11348	194	50	0
1	2.55	739326	527	499	3.33789
2	2.55	11937	203	50	0
1	2.6	775908	553	522	3.23267
2	2.6	12494	211	50	0
1	2.65	810966	578	544	3.75603
2	2.65	13168	220	50	0
1	2.7	842935	600	565	3.64561
2	2.7	13902	229	50	0
1	2.75	875692	635	237	3.53568
2	2.75	14509	236	50	0
1	2.8	912345	662	240	3.4361
2	2.8	15715	248	50	0
1	2.85	950455	689	236	3.89542
2	2.85	16752	258	50	0
1	2.9	985586	715	237	3.79042
2	2.9	17802	268	50	0
1	2.95	1016168	738	243	3.68935
2	2.95	18742	277	50	0
1	3	1052821	765	236	4.10875
2	3	19841	287	50	0
1	3.05	1091392	799	84	4.00716
2	3.05	21114	297	50	0
1	3.1	1124966	823	96	3.90659
2	3.1	22747	310	50	0
1	3.15	1157061	847	104	3.81466
2	3.15	23911	319	50	0
1	3.2	1192249	874	106	4.1925
2	3.2	25020	327	50	0
1	3.25	1227370	900	102	4.09854
2	3.25	26432	339	50	0
1	3.3	1259458	924	109	4.00497
2	3.3	27844	351	50	0
1	3.35	1290076	948	114	3.91857
2	3.35	29058	361	50	0
1	3.4	1325197	974	113	4.26117
2	3.4	30222	370	50	0
1	3.45	1360381	1001	106	4.17274
2	3.45	31579	381	50	0
1	3.5	1397021	1028	100	4.08668
2	3.5	32991	393	50	0
1	3.55	1433720	1056	100	4.00408
2	3.55	34343	404	50	0
1	3.6	1467380	1082	104	4.31892
2	3.6	35700	415	50	0
1	3.65	1500982	1107	105	4.23633
2	3.65	37057	426	50	0
1	3.7	1536166	1134	107	4.15547
2	3.7	38276	436	50	0
1	3.75	1571341	1161	104	4.07776
2	3.75	39633	447	50	0
1	3.8	1607986	1188	102	4.36786
2	3.8	40985	458	50	0
1	3.85	1644684	1216	102	4.29017
2	3.85	42342	469	50	0
1	3.9	1676825	1241	105	4.21489
2	3.9	43754	481	50	0
1	3.95	1708909	1265	108	4.48688
2	3.95	45111	492	50	0
1	4	1740992	1289	120	4.41056
2	4	46330	502	50	0
1	4.05	1773133	1314	124	4.33676
2	4.05	47489	511	50	0
1	4.1	1805216	1338	124	4.26552
2	4.1	48708	521	50	0
1	4.15	1837295	1362	119	4.51949
2	4.15	49927	531	50	0
1	4.2	1869441	1387	117	4.44985
2	4.2	51146	541	50	0
1	4.25	1903043	1412	117	4.37944
2	4.25	52360	551	50	0
1	4.3	1935184	1437	117	4.31298
2	4.3	53717	562	50	0
1	4.35	1968786	1462	115	4.54865
2	4.35	54936	572	50	0
1	4.4	1999351	1485	122	4.48278
2	4.4	56155	582	50	0
1	4.45	2031434	1509	126	4.41553
2	4.45	57369	592	50	0
1	4.5	2066613	1536	119	4.35289
2	4.5	58588	602	50	0
1	4.55	2103316	1564	114	4.57588
2	4.55	59945	613	50	0
1	4.6	2135395	1588	114	4.51078
2	4.6	61302	624	50	0
1	4.65	2167536	1613	114	4.44709
2	4.65	62516	634	50	0
1	4.7	2199619	1637	118	4.388
2	4.7	63735	644	50	0
1	4.75	2233284	1663	116	4.59835
2	4.75	65092	655	50	0
1	4.8	2269920	1690	116	4.53661
2	4.8	66311	665	50	0
1	4.85	2306623	1718	105	4.4767
2	4.85	67663	676	50	0
1	4.9	2341802	1745	108	4.41971
2	4.9	69158	688	50	0
1	4.95	2378447	1772	108	4.61824
2	4.95	70570	700	50	0
1	5	2412103	1798	110	4.55997
2	5	71927	711	50	0
1	5.05	2445705	1823	115	4.5031
2	5.05	73146	721	50	0
1	5.1	2479370	1849	115	4.4489
2	5.1	74503	732	50	0
1	5.15	2514491	1875	115	4.63789
2	5.15	75717	742	50	0
1	5.2	2546628	1900	117	4.58161
2	5.2	77074	753	50	0
1	5.25	2578711	1924	121	4.52656
2	5.25	78293	763	50	0
1	5.3	2610857	1949	125	4.47495
2	5.3	79512	773	50	0
1	5.35	2644459	1974	128	4.65498
2	5.35	80864	784	50	0
1	5.4	2676539	1998	128	4.60024
2	5.4	82083	794	50	0
1	5.45	2707160	2022	130	4.54909
2	5.45	83302	804	50	0
1	5.5	2740767	2047	126	4.4965
2	5.5	84521	814	50	0
1	5.55	2772850	2071	125	4.66995
2	5.55	85735	824	50	0
1	5.6	2808029	2098	119	4.61899
2	5.6	86954	834	50	0
1	5.65	2844728	2126	116	4.56718
2	5.65	88311	845	50	0
1	5.7	2878330	2151	115	4.51965
2	5.7	89668	856	50	0
1	5.75	2913514	2178	115	4.68379
2	5.75	91020	867	50	0
1	5.8	2944078	2201	119	4.63555
2	5.8	92377	878	50	0
1	5.85	2976157	2225	125	4.58573
2	5.85	93596	888	50	0
1	5.9	3009817	2251	130	4.5387
2	5.9	94815	898	50	0
1	5.95	3043419	2276	125	4.6971
2	5.95	96029	908	50	0
1	6	3077084	2302	126	4.64898
2	6	97386	919	50	0
1	6.05	3110682	2327	120	4.60188
2	6.05	98605	929	50	0
1	6.1	3142823	2352	124	4.55793
2	6.1	99824	939	50	0
1	6.15	3176430	2377	126	4.70909
2	6.15	101181	950	50	0
1	6.2	3208571	2402	129	4.66232
2	6.2	102395	960	50	0
1	6.25	3239132	2425	132	4.61853
2	6.25	103752	971	50	0
1	6.3	3271214	2449	135	4.57353
2	6.3	104833	980	50	0
1	6.35	3301778	2472	134	4.72033
2	6.35	105992	989	50	0
1	6.4	3335385	2497	134	4.67573
2	6.4	107211	999	50	0
1	6.45	3369045	2523	128	4.63201
2	6.45	108430	1009	50	0
1	6.5	3401124	2547	126	4.59057
2	6.5	109787	1020	50	0
1	6.55	3434784	2573	127	4.72977
2	6.55	111001	1030	50	0
1	6.6	3466872	2597	130	4.68785
2	6.6	112358	1041	50	0
1	6.65	3500532	2623	127	4.64465
2	6.65	113577	1051	50	0
1	6.7	3531092	2646	133	4.60482
2	6.7	114796	1061	50	0
1	6.75	3563175	2670	131	4.73919
2	6.75	116010	1071	50	0
1	6.8	3598359	2697	131	4.69818
2	6.8	117229	1081	50	0
1	6.85	3633480	2723	126	4.65817
2	6.85	118586	1092	50	0
1	6.9	3667136	2749	127	4.61719
2	6.9	119943	1103	50	0
1	6.95	3699224	2773	123	4.74822
2	6.95	121162	1113	50	0
1	7	3729846	2797	134	4.70892
2	7	122376	1123	50	0
1	7.05	3761929	2821	139	4.66824
2	7.05	123595	1133	50	0
1	7.1	3792493	2844	138	4.63127
2	7.1	124814	1143	50	0
1	7.15	3824630	2869	139	4.75715
2	7.15	126028	1153	50	0
1	7.2	3856718	2893	140	4.71767
2	7.2	127247	1163	50	0
1	7.25	3887282	2916	138	4.6806
2	7.25	128466	1173	50	0
1	7.3	3923980	2944	134	4.64185
2	7.3	129685	1183	50	0
1	7.35	3959102	2970	128	4.76428
2	7.35	131037	1194	50	0
1	7.4	3994281	2997	122	4.72717
2	7.4	132394	1205	50	0.15886
1	7.45	4030984	3025	119	4.68908
2	7.45	133751	1216	50	0.157624
1	7.5	4061548	3048	125	4.65366
2	7.5	135108	1227	50	0.156406
1	7.55	4093627	3072	131	4.77073
2	7.55	136327	1237	50	0.155178
1	7.6	4125768	3097	134	4.7355
2	7.6	137541	1247	50	0.15395
1	7.65	4159370	3122	139	4.69933
2	7.65	138760	1257	50	0.152863
1	7.7	4193035	3148	131	4.66454
2	7.7	140117	1268	50	0.151589
1	7.75	4228152	3174	128	4.77816
2	7.75	141336	1278	50	0.150569
1	7.8	4263336	3201	128	4.74353
2	7.8	142688	1289	50	0.149365
1	7.85	4300034	3229	120	4.708
2	7.85	144045	1300	50	0.148279
1	7.9	4335155	3255	119	4.81955
2	7.9	145402	1311	50	0.14717
1	7.95	4370335	3282	124	4.78438
2	7.95	146759	1322	50	0.146091
1	8	4402418	3306	130	4.74955
2	8	148171	1334	50	0.144982
1	8.05	4433040	3330	136	4.71667
2	8.05	149330	1343	50	0.143974
1	8.1	4465123	3354	141	4.8244
2	8.1	150549	1353	50	0.142928
1	8.15	4495692	3377	143	4.79135
2	8.15	151768	1363	50	0.141941
1	8.2	4527771	3401	143	4.75722
2	8.2	152987	1373	50	0.14092
1	8.25	4559912	3426	146	4.72354
2	8.25	154201	1383	50	0.139916
1	8.3	4593514	3451	144	4.82975
2	8.3	155282	1392	50	0.139066
1	8.35	4628698	3478	138	4.79615
2	8.35	156639	1403	50	0.138074
1	8.4	4662296	3503	130	4.76359
2	8.4	157996	1414	50	0.137114
1	8.45	4695956	3529	133	4.73137
2	8.45	159348	1425	50	0.136101
1	8.5	4729563	3554	129	4.83469
2	8.5	160567	1435	50	0.135264
1	8.55	4764742	3581	129	4.80182
2	8.55	161924	1446	50	0.134295
1	8.6	4799922	3608	132	4.76957
2	8.6	163281	1457	50	0.133382
1	8.65	4833524	3633	128	4.73909
2	8.65	164500	1467	50	0.132564
1	8.7	4868703	3660	127	4.83897
2	8.7	165852	1478	50	0.131678
1	8.75	4903829	3686	126	4.8077
2	8.75	167264	1490	50	0.130783
1	8.8	4939004	3713	132	4.77544
2	8.8	168621	1501	50	0.129936
1	8.85	4972606	3738	131	4.74497
2	8.85	169840	1511	50	0.129139
1	8.9	5007790	3765	128	4.84294
2	8.9	171197	1522	50	0.128277
1	8.95	5044488	3793	128	4.81187
2	8.95	172549	1533	50	0.127478
1	9	5078149	3819	127	4.7822
2	9	173906	1544	50	0.126695
1	9.05	5113270	3845	130	4.87652
2	9.05	175263	1555	50	0.125846
1	9.1	5149973	3873	125	4.84594
2	9.1	176620	1566	50	0.125037
1	9.15	5185152	3900	128	4.81711
2	9.15	177977	1577	50	0.124286
1	9.2	5217231	3924	131	4.78764
2	9.2	179384	1589	50	0.123513
1	9.25	5249314	3948	131	4.88041
2	9.25	180548	1598	50	0.122794
1	9.3	5281460	3973	143	4.85081
2	9.3	181767	1608	50	0.122044
1	9.35	5313543	3997	149	4.82156
2	9.35	182986	1618	50	0.121304
1	9.4	5347143	4022	147	4.79161
2	9.4	184200	1628	50	0.120606
1	9.45	5379282	4047	146	4.88241
2	9.45	185419	1638	50	0.11989
1	9.5	5412889	4072	142	4.85321
2	9.5	186776	1649	50	0.119115
1	9.55	5445030	4097	140	4.82564
2	9.55	187995	1659	50	0.118434
1	9.6	5478632	4122	144	4.79653
2	9.6	189347	1670	50	0.117697
1	9.65	5510774	4147	140	4.88532
2	9.65	190566	1680	50	0.117019
1	9.7	5545895	4173	141	4.8576
2	9.7	191785	1690	50	0.116348
1	9.75	5551741	4187	50	4.8303
2	9.75	193142	1701	50	0.115684
1	9.8	5551915	4190	50	4.8089
2	9.8	194305	1710	50	0.115031
1	9.85	5552646	4199	50	4.77621
2	9.85	195005	1715	50	0.114365
1	9.9	5553076	4204	50	4.7489
2	9.9	195650	1720	50	0.11391
1	9.95	5553506	4209	50	4.73023
2	9.95	195791	1721	50	0.113586
1	10	5553592	4210	50	4.7169
2	10	195791	1721	50	0.113586
1	10.05	5553592	4210	50	4.7169
2	10.05	195791	1721	50	0.113586
1	10.1	5553592	4210	50	4.7169
2	10.1	195791	1721	50	0.113586
1	10.15	5553592	4210	50	4.7169
2	10.15	195791	1721	50	0.113586
1	10.2	5553592	4210	50	4.7169
2	10.2	195791	1721	50	0.113586
1	10.25	5553592	4210	50	4.7169
2	10.25	195791	1721	50	0.113586
1	10.3	5553592	4210	50	4.7169
2	10.3	195791	1721	50	0.113586
1	10.35	5553592	4210	50	4.7169
2	10.35	195791	1721	50	0.113586
1	10.4	5553592	4210	50	4.7169
2	10.4	195791	1721	50	0.113586
1	10.45	5553592	4210	50	4.7169
2	10.45	195791	1721	50	0.113586
1	10.5	5553592	4210	50	4.7169
2	10.5	195791	1721	50	0.113586
1	10.55	5553592	4210	50	4.7169
2	10.55	195791	1721	50	0.113586
1	10.6	5553592	4210	50	4.7169
2	10.6	195791	1721	50	0.113586
1	10.65	5553592	4210	50	4.7169
2	10.65	195791	1721	50	0.113586
1	10.7	5553592	4210	50	4.7169
2	10.7	195791	1721	50	0.113586
1	10.75	5553592	4210	50	4.7169
2	10.75	195791	1721	50	0.113586
1	10.8	5553592	4210	50	4.7169
2	10.8	195791	1721	50	0.113586
1	10.85	5553592	4210	50	4.7169
2	10.85	195791	1721	50	0.113586
1	10.9	5553592	4210	50	4.7169
2	10.9	195791	1721	50	0.113586
1	10.95	5553592	4210	50	4.7169
2	10.95	195791	1721	50	0.113586
1	11	5553592	4210	50	4.7169
2	11	195791	1721	50	0.113586
1	11.05	5553592	4210	50	4.7169
2	11.05	195791	1721	50	0.113586
1	11.1	5553592	4210	50	4.7169
2	11.1	195791	1721	50	0.113586
1	11.15	5553592	4210	50	4.7169
2	11.15	195791	1721	50	0.113586
1	11.2	5553592	4210	50	4.7169
2	11.2	195791	1721	50	0.113586
1	11.25	5553592	4210	50	4.7169
2	11.25	195791	1721	50	0.113586
1	11.3	5553592	4210	50	4.7169
2	11.3	195791	1721	50	0.113586
1	11.35	5553592	4210	50	4.7169
2	11.35	195791	1721	50	0.113586
1	11.4	5553592	4210	50	4.7169
2	11.4	195791	1721	50	0.113586
1	11.45	5553592	4210	50	4.7169
2	11.45	195791	1721	50	0.113586
1	11.5	5553592	4210	50	4.7169
2	11.5	195791	1721	50	0.113586
1	11.55	5553592	4210	50	4.7169
2	11.55	195791	1721	50	0.113586
1	11.6	5553592	4210	50	4.7169
2	11.6	195791	1721	50	0.113586
1	11.65	5553592	4210	50	4.7169
2	11.65	195791	1721	50	0.113586
1	11.7	5553592	4210	50	4.7169
2	11.7	195791	1721	50	0.113586
1	11.75	5553592	4210	50	4.7169
2	11.75	195791	1721	50	0.113586
1	11.8	5553592	4210	50	4.7169
2	11.8	195791	1721	50	0.113586
1	11.85	5553592	4210	50	4.7169
2	11.85	195791	1721	50	0.113586
1	11.9	5553592	4210	50	4.7169
2	11.9	195791	1721	50	0.113586
1	11.95	5553592	4210	50	4.7169
2	11.95	195791	1721	50	0.113586
1	12	5553592	4210	50	4.7169
2	12	195791	1721	50	0.113586
1	12.05	5553592	4210	50	4.7169
2	12.05	195791	1721	50	0.113586
1	12.1	5553592	4210	50	4.7169
2	12.1	195791	1721	50	0.113586
1	12.15	5553592	4210	50	4.7169
2	12.15	195791	1721	50	0.113586
1	12.2	5553592	4210	50	4.7169
2	12.2	195791	1721	50	0.113586
1	12.25	5553592	4210	50	4.7169
2	12.25	195791	1721	50	0.113586
1	12.3	5553592	4210	50	4.7169
2	12.3	195791	1721	50	0.113586
1	12.35	5553592	4210	50	4.7169
2	12.35	195791	1721	50	0.113586
1	12.4	5553592	4210	50	4.7169
2	12.4	195791	1721	50	0.113586
1	12.45	5553592	4210	50	4.7169
2	12.45	195791	1721	50	0.113586
1	12.5	5553592	4210	50	4.7169
2	12.5	195791	1721	50	0.113586
1	12.55	5553592	4210	50	4.7169
2	12.55	195791	1721	50	0.113586
1	12.6	5553592	4210	50	4.7169
2	12.6	195791	1721	50	0.113586
1	12.65	5553592	4210	50	4.7169
2	12.65	195791	1721	50	0.113586
1	12.7	5553592	4210	50	4.7169
2	12.7	195791	1721	50	0.113586
1	12.75	5553592	4210	50	4.7169
2	12.75	195791	1721	50	0.113586
1	12.8	5553592	4210	50	4.7169
2	12.8	195791	1721	50	0.113586
1	12.85	5553592	4210	50	4.7169
2	12.85	195791	1721	50	0.113586
1	12.9	5553592	4210	50	4.7169
2	12.9	195791	1721	50	0.113586
1	12.95	5553592	4210	50	4.7169
2	12.95	195791	1721	50	0.113586
1	13	5553592	4210	50	4.7169
2	13	195791	1721	50	0.113586
1	13.05	5553592	4210	50	4.7169
2	13.05	195791	1721	50	0.113586
1	13.1	5553592	4210	50	4.7169
2	13.1	195791	1721	50	0.113586
1	13.15	5553592	4210	50	4.7169
2	13.15	195791	1721	50	0.113586
1	13.2	5553592	4210	50	4.7169
2	13.2	195791	1721	50	0.113586
1	13.25	5553592	4210	50	4.7169
2	13.25	195791	1721	50	0.113586
1	13.3	5553592	4210	50	4.7169
2	13.3	195791	1721	50	0.113586
1	13.35	5553592	4210	50	4.7169
2	13.35	195791	1721	50	0.113586
1	13.4	5553592	4210	50	4.7169
2	13.4	195791	1721	50	0.113586
1	13.45	5553592	4210	50	4.7169
2	13.45	195791	1721	50	0.113586
1	13.5	5553592	4210	50	4.7169
2	13.5	195791	1721	50	0.113586
1	13.55	5553592	4210	50	4.7169
2	13.55	195791	1721	50	0.113586
1	13.6	5553592	4210	50	4.7169
2	13.6	195791	1721	50	0.113586
1	13.65	5553592	4210	50	4.7169
2	13.65	195791	1721	50	0.113586
1	13.7	5553592	4210	50	4.7169
2	13.7	195791	1721	50	0.113586
1	13.75	5553592	4210	50	4.7169
2	13.75	195791	1721	50	0.113586
1	13.8	5553592	4210	50	4.7169
2	13.8	195791	1721	50	0.113586
1	13.85	5553592	4210	50	4.7169
2	13.85	195791	1721	50	0.113586
1	13.9	5553592	4210	50	4.7169
2	13.9	195791	1721	50	0.113586
1	13.95	5553592	4210	50	4.7169
2	13.95	195791	1721	50	0.113586
1	14	5553592	4210	50	4.7169
2	14	195791	1721	50	0.113586
1	14.05	5553592	4210	50	4.7169
2	14.05	195791	1721	50	0.113586
1	14.1	5553592	4210	50	4.7169
2	14.1	195791	1721	50	0.113586
1	14.15	5553592	4210	50	4.7169
2	14.15	195791	1721	50	0.113586
1	14.2	5553592	4210	50	4.7169
2	14.2	195791	1721	50	0.113586
1	14.25	5553592	4210	50	4.7169
2	14.25	195791	1721	50	0.113586
1	14.3	5553592	4210	50	4.7169
2	14.3	195791	1721	50	0.113586
1	14.35	5553592	4210	50	4.7169
2	14.35	195791	1721	50	0.113586
1	14.4	5553592	4210	50	4.7169
2	14.4	195791	1721	50	0.113586
1	14.45	5553592	4210	50	4.7169
2	14.45	195791	1721	50	0.113586
1	14.5	5553592	4210	50	4.7169
2	14.5	195791	1721	50	0.113586
1	14.55	5553592	4210	50	4.7169
2	14.55	195791	1721	50	0.113586
1	14.6	5553592	4210	50	4.7169
2	14.6	195791	1721	50	0.113586
1	14.65	5553592	4210	50	4.7169
2	14.65	195791	1721	50	0.113586
1	14.7	5553592	4210	50	4.7169
2	14.7	195791	1721	50	0.113586
1	14.75	5553592	4210	50	4.7169
2	14.75	195791	1721	50	0.113586
1	14.8	5553592	4210	50	4.7169
2	14.8	195791	1721	50	0.113586
1	14.85	5553592	4210	50	4.7169
2	14.85	195791	1721	50	0.113586
1	14.9	5553592	4210	50	4.7169
2	14.9	195791	1721	50	0.113586
1	14.95	5553592	4210	50	4.7169
2	14.95	195791	1721	50	0.113586
1	15	5553592	4210	50	4.7169
2	15	195791	1721	50	0.113586
1	15.05	5553592	4210	50	4.7169
2	15.05	195791	1721	50	0.113586
1	15.1	5553592	4210	50	4.7169
2	15.1	195791	1721	50	0.113586
1	15.15	5553592	4210	50	4.7169
2	15.15	195791	1721	50	0.113586
1	15.2	5553592	4210	50	4.7169
2	15.2	195791	1721	50	0.113586
1	15.25	5553592	4210	50	4.7169
2	15.25	195791	1721	50	0.113586
1	15.3	5553592	4210	50	4.7169
2	15.3	195791	1721	50	0.113586
1	15.35	5553592	4210	50	4.7169
2	15.35	195791	1721	50	0.113586
1	15.4	5553592	4210	50	4.7169
2	15.4	195791	1721	50	0.113586
1	15.45	5553592	4210	50	4.7169
2	15.45	195791	1721	50	0.113586
1	15.5	5553592	4210	50	4.7169
2	15.5	195791	1721	50	0.113586
1	15.55	5553592	4210	50	4.7169
2	15.55	195791	1721	50	0.113586
1	15.6	5553592	4210	50	4.7169
2	15.6	195791	1721	50	0.113586
1	15.65	5553592	4210	50	4.7169
2	15.65	195791	1721	50	0.113586
1	15.7	5553592	4210	50	4.7169
2	15.7	195791	1721	50	0.113586
1	15.75	5553592	4210	50	4.7169
2	15.75	195791	1721	50	0.113586
1	15.8	5553592	4210	50	4.7169
2	15.8	195791	1721	50	0.113586
1	15.85	5553592	4210	50	4.7169
2	15.85	195791	1721	50	0.113586
1	15.9	5553592	4210	50	4.7169
2	15.9	195791	1721	50	0.113586
1	15.95	5553592	4210	50	4.7169
2	15.95	195791	1721	50	0.113586
1	16	5553592	4210	50	4.7169
2	16	195791	1721	50	0.113586
1	16.05	5553592	4210	50	4.7169
2	16.05	195791	1721	50	0.113586
1	16.1	5553592	4210	50	4.7169
2	16.1	195791	1721	50	0.113586
1	16.15	5553592	4210	50	4.7169
2	16.15	195791	1721	50	0.113586
1	16.2	5553592	4210	50	4.7169
2	16.2	195791	1721	50	0.113586
1	16.25	5553592	4210	50	4.7169
2	16.25	195791	1721	50	0.113586
1	16.3	5553592	4210	50	4.7169
2	16.3	195791	1721	50	0.113586
1	16.35	5553592	4210	50	4.7169
2	16.35	195791	1721	50	0.113586
1	16.4	5553592	4210	50	4.7169
2	16.4	195791	1721	50	0.113586
1	16.45	5553592	4210	50	4.7169
2	16.45	195791	1721	50	0.113586
1	16.5	5553592	4210	50	4.7169
2	16.5	195791	1721	50	0.113586
1	16.55	5553592	4210	50	4.7169
2	16.55	195791	1721	50	0.113586
1	16.6	5553592	4210	50	4.7169
2	16.6	195791	1721	50	0.113586
1	16.65	5553592	4210	50	4.7169
2	16.65	195791	1721	50	0.113586
1	16.7	5553592	4210	50	4.7169
2	16.7	195791	1721	50	0.113586
1	16.75	5553592	4210	50	4.7169
2	16.75	195791	1721	50	0.113586
1	16.8	5553592	4210	50	4.7169
2	16.8	195791	1721	50	0.113586
1	16.85	5553592	4210	50	4.7169
2	16.85	195791	1721	50	0.113586
1	16.9	5553592	4210	50	4.7169
2	16.9	195791	1721	50	0.113586
1	16.95	5553592	4210	50	4.7169
2	16.95	195791	1721	50	0.113586
1	17	5553592	4210	50	4.7169
2	17	195791	1721	50	0.113586
1	17.05	5553592	4210	50	4.7169
2	17.05	195791	1721	50	0.113586
1	17.1	5553592	4210	50	4.7169
2	17.1	195791	1721	50	0.113586
1	17.15	5553592	4210	50	4.7169
2	17.15	195791	1721	50	0.113586
1	17.2	5553592	4210	50	4.7169
2	17.2	195791	1721	50	0.113586
1	17.25	5553592	4210	50	4.7169
2	17.25	195791	1721	50	0.113586
1	17.3	5553592	4210	50	4.7169
2	17.3	195791	1721	50	0.113586
1	17.35	5553592	4210	50	4.7169
2	17.35	195791	1721	50	0.113586
1	17.4	5553592	4210	50	4.7169
2	17.4	195791	1721	50	0.113586
1	17.45	5553592	4210	50	4.7169
2	17.45	195791	1721	50	0.113586
1	17.5	5553592	4210	50	4.7169
2	17.5	195791	1721	50	0.113586
1	17.55	5553592	4210	50	4.7169
2	17.55	195791	1721	50	0.113586
1	17.6	5553592	4210	50	4.7169
2	17.6	195791	1721	50	0.113586
1	17.65	5553592	4210	50	4.7169
2	17.65	195791	1721	50	0.113586
1	17.7	5553592	4210	50	4.7169
2	17.7	195791	1721	50	0.113586
1	17.75	5553592	4210	50	4.7169
2	17.75	195791	1721	50	0.113586
1	17.8	5553592	4210	50	4.7169
2	17.8	195791	1721	50	0.113586
1	17.85	5553592	4210	50	4.7169
2	17.85	195791	1721	50	0.113586
1	17.9	5553592	4210	50	4.7169
2	17.9	195791	1721	50	0.113586
1	17.95	5553592	4210	50	4.7169
2	17.95	195791	1721	50	0.113586
1	18	5553592	4210	50	4.7169
2	18	195791	1721	50	0.113586
1	18.05	5553592	4210	50	4.7169
2	18.05	195791	1721	50	0.113586
1	18.1	5553592	4210	50	4.7169
2	18.1	195791	1721	50	0.113586
1	18.15	5553592	4210	50	4.7169
2	18.15	195791	1721	50	0.113586
1	18.2	5553592	4210	50	4.7169
2	18.2	195791	1721	50	0.113586
1	18.25	5553592	4210	50	4.7169
2	18.25	195791	1721	50	0.113586
1	18.3	5553592	4210	50	4.7169
2	18.3	195791	1721	50	0.113586
1	18.35	5553592	4210	50	4.7169
2	18.35	195791	1721	50	0.113586
1	18.4	5553592	4210	50	4.7169
2	18.4	195791	1721	50	0.113586
1	18.45	5553592	4210	50	4.7169
2	18.45	195791	1721	50	0.113586
1	18.5	5553592	4210	50	4.7169
2	18.5	195791	1721	50	0.113586
1	18.55	5553592	4210	50	4.7169
2	18.55	195791	1721	50	0.113586
1	18.6	5553592	4210	50	4.7169
2	18.6	195791	1721	50	0.113586
1	18.65	5553592	4210	50	4.7169
2	18.65	195791	1721	50	0.113586
1	18.7	5553592	4210	50	4.7169
2	18.7	195791	1721	50	0.113586
1	18.75	5553592	4210	50	4.7169
2	18.75	195791	1721	50	0.113586
1	18.8	5553592	4210	50	4.7169
2	18.8	195791	1721	50	0.113586
1	18.85	5553592	4210	50	4.7169
2	18.85	195791	1721	50	0.113586
1	18.9	5553592	4210	50	4.7169
2	18.9	195791	1721	50	0.113586
1	18.95	5553592	4210	50	4.7169
2	18.95	195791	1721	50	0.113586
1	19	5553592	4210	50	4.7169
2	19	195791	1721	50	0.113586
1	19.05	5553592	4210	50	4.7169
2	19.05	195791	1721	50	0.113586
1	19.1	5553592	4210	50	4.7169
2	19.1	195791	1721	50	0.113586
1	19.15	5553592	4210	50	4.7169
2	19.15	195791	1721	50	0.113586
1	19.2	5553592	4210	50	4.7169
2	19.2	195791	1721	50	0.113586
1	19.25	5553592	4210	50	4.7169
2	19.25	195791	1721	50	0.113586
1	19.3	5553592	4210	50	4.7169
2	19.3	195791	1721	50	0.113586
1	19.35	5553592	4210	50	4.7169
2	19.35	195791	1721	50	0.113586
1	19.4	5553592	4210	50	4.7169
2	19.4	195791	1721	50	0.113586
1	19.45	5553592	4210	50	4.7169
2	19.45	195791	1721	50	0.113586
1	19.5	5553592	4210	50	4.7169
2	19.5	195791	1721	50	0.113586
1	19.55	5553592	4210	50	4.7169
2	19.55	195791	1721	50	0.113586
1	19.6	5553592	4210	50	4.7169
2	19.6	195791	1721	50	0.113586
1	19.65	5553592	4210	50	4.7169
2	19.65	195791	1721	50	0.113586
1	19.7	5553592	4210	50	4.7169
2	19.7	195791	1721	50	0.113586
1	19.75	5553592	4210	50	4.7169
2	19.75	195791	1721	50	0.113586
1	19.8	5553592	4210	50	4.7169
2	19.8	195791	1721	50	0.113586
1	19.85	5553592	4210	50	4.7169
2	19.85	195791	1721	50	0.113586
1	19.9	5553592	4210	50	4.7169
2	19.9	195791	1721	50	0.113586
1	19.95	5553592	4210	50	4.7169
2	19.95	195791	1721	50	0.113586
1	20	5553592	4210	50	4.7169
2	20	195791	1721	50	0.113586
1	20.05	5553592	4210	50	4.7169
2	20.05	195791	1721	50	0.113586
1	20.1	5553592	4210	50	4.7169
2	20.1	195791	1721	50	0.113586
1	20.15	5553592	4210	50	4.7169
2	20.15	195791	1721	50	0.113586
1	20.2	5553592	4210	50	4.7169
2	20.2	195791	1721	50	0.113586
1	20.25	5553592	4210	50	4.7169
2	20.25	195791	1721	50	0.113586
1	20.3	5553592	4210	50	4.7169
2	20.3	195791	1721	50	0.113586
1	20.35	5553592	4210	50	4.7169
2	20.35	195791	1721	50	0.113586
1	20.4	5553592	4210	50	4.7169
2	20.4	195791	1721	50	0.113586
1	20.45	5553592	4210	50	4.7169
2	20.45	195791	1721	50	0.113586
1	20.5	5553592	4210	50	4.7169
2	20.5	195791	1721	50	0.113586
1	20.55	5553592	4210	50	4.7169
2	20.55	195791	1721	50	0.113586
1	20.6	5553592	4210	50	4.7169
2	20.6	195791	1721	50	0.113586
1	20.65	5553592	4210	50	4.7169
2	20.65	195791	1721	50	0.113586
1	20.7	5553592	4210	50	4.7169
2	20.7	195791	1721	50	0.113586
1	20.75	5553592	4210	50	4.7169
2	20.75	195791	1721	50	0.113586
1	20.8	5553592	4210	50	4.7169
2	20.8	195791	1721	50	0.113586
1	20.85	5553592	4210	50	4.7169
2	20.85	195791	1721	50	0.113586
1	20.9	5553592	4210	50	4.7169
2	20.9	195791	1721	50	0.113586
1	20.95	5553592	4210	50	4.7169
2	20.95	195791	1721	50	0.113586
1	21	5553592	4210	50	4.7169
2	21	195791	1721	50	0.113586
1	21.05	5553592	4210	50	4.7169
2	21.05	195791	1721	50	0.113586
1	21.1	5553592	4210	50	4.7169
2	21.1	195791	1721	50	0.113586
1	21.15	5553592	4210	50	4.7169
2	21.15	195791	1721	50	0.113586
1	21.2	5553592	4210	50	4.7169
2	21.2	195791	1721	50	0.113586
1	21.25	5553592	4210	50	4.7169
2	21.25	195791	1721	50	0.113586
1	21.3	5553592	4210	50	4.7169
2	21.3	195791	1721	50	0.113586
1	21.35	5553592	4210	50	4.7169
2	21.35	195791	1721	50	0.113586
1	21.4	5553592	4210	50	4.7169
2	21.4	195791	1721	50	0.113586
1	21.45	5553592	4210	50	4.7169
2	21.45	195791	1721	50	0.113586
1	21.5	5553592	4210	50	4.7169
2	21.5	195791	1721	50	0.113586
1	21.55	5553592	4210	50	4.7169
2	21.55	195791	1721	50	0.113586
1	21.6	5553592	4210	50	4.7169
2	21.6	195791	1721	50	0.113586
1	21.65	5553592	4210	50	4.7169
2	21.65	195791	1721	50	0.113586
1	21.7	5553592	4210	50	4.7169
2	21.7	195791	1721	50	0.113586
1	21.75	5553592	4210	50	4.7169
2	21.75	195791	1721	50	0.113586
1	21.8	5553592	4210	50	4.7169
2	21.8	195791	1721	50	0.113586
1	21.85	5553592	4210	50	4.7169
2	21.85	195791	1721	50	0.113586
1	21.9	5553592	4210	50	4.7169
2	21.9	195791	1721	50	0.113586
1	21.95	5553592	4210	50	4.7169
2	21.95	195791	1721	50	0.113586
1	22	5553592	4210	50	4.7169
2	22	195791	1721	50	0.113586
1	22.05	5553592	4210	50	4.7169
2	22.05	195791	1721	50	0.113586
1	22.1	5553592	4210	50	4.7169
2	22.1	195791	1721	50	0.113586
1	22.15	5553592	4210	50	4.7169
2	22.15	195791	1721	50	0.113586
1	22.2	5553592	4210	50	4.7169
2	22.2	195791	1721	50	0.113586
1	22.25	5553592	4210	50	4.7169
2	22.25	195791	1721	50	0.113586
1	22.3	5553592	4210	50	4.7169
2	22.3	195791	1721	50	0.113586
1	22.35	5553592	4210	50	4.7169
2	22.35	195791	1721	50	0.113586
1	22.4	5553592	4210	50	4.7169
2	22.4	195791	1721	50	0.113586
1	22.45	5553592	4210	50	4.7169
2	22.45	195791	1721	50	0.113586
1	22.5	5553592	4210	50	4.7169
2	22.5	195791	1721	50	0.113586
1	22.55	5553592	4210	50	4.7169
2	22.55	195791	1721	50	0.113586
1	22.6	5553592	4210	50	4.7169
2	22.6	195791	1721	50	0.113586
1	22.65	5553592	4210	50	4.7169
2	22.65	195791	1721	50	0.113586
1	22.7	5553592	4210	50	4.7169
2	22.7	195791	1721	50	0.113586
1	22.75	5553592	4210	50	4.7169
2	22.75	195791	1721	50	0.113586
1	22.8	5553592	4210	50	4.7169
2	22.8	195791	1721	50	0.113586
1	22.85	5553592	4210	50	4.7169
2	22.85	195791	1721	50	0.113586
1	22.9	5553592	4210	50	4.7169
2	22.9	195791	1721	50	0.113586
1	22.95	5553592	4210	50	4.7169
2	22.95	195791	1721	50	0.113586
1	23	5553592	4210	50	4.7169
2	23	195791	1721	50	0.113586
1	23.05	5553592	4210	50	4.7169
2	23.05	195791	1721	50	0.113586
1	23.1	5553592	4210	50	4.7169
2	23.1	195791	1721	50	0.113586
1	23.15	5553592	4210	50	4.7169
2	23.15	195791	1721	50	0.113586
1	23.2	5553592	4210	50	4.7169
2	23.2	195791	1721	50	0.113586
1	23.25	5553592	4210	50	4.7169
2	23.25	195791	1721	50	0.113586
1	23.3	5553592	4210	50	4.7169
2	23.3	195791	1721	50	0.113586
1	23.35	5553592	4210	50	4.7169
2	23.35	195791	1721	50	0.113586
1	23.4	5553592	4210	50	4.7169
2	23.4	195791	1721	50	0.113586
1	23.45	5553592	4210	50	4.7169
2	23.45	195791	1721	50	0.113586
1	23.5	5553592	4210	50	4.7169
2	23.5	195791	1721	50	0.113586
1	23.55	5553592	4210	50	4.7169
2	23.55	195791	1721	50	0.113586
1	23.6	5553592	4210	50	4.7169
2	23.6	195791	1721	50	0.113586
1	23.65	5553592	4210	50	4.7169
2	23.65	195791	1721	50	0.113586
1	23.7	5553592	4210	50	4.7169
2	23.7	195791	1721	50	0.113586
1	23.75	5553592	4210	50	4.7169
2	23.75	195791	1721	50	0.113586
1	23.8	5553592	4210	50	4.7169
2	23.8	195791	1721	50	0.113586
1	23.85	5553592	4210	50	4.7169
2	23.85	195791	1721	50	0.113586
1	23.9	5553592	4210	50	4.7169
2	23.9	195791	1721	50	0.113586
1	23.95	5553592	4210	50	4.7169
2	23.95	195791	1721	50	0.113586
1	24	5553592	4210	50	4.7169
2	24	195791	1721	50	0.113586
1	24.05	5553592	4210	50	4.7169
2	24.05	195791	1721	50	0.113586
1	24.1	5553592	4210	50	4.7169
2	24.1	195791	1721	50	0.113586
1	24.15	5553592	4210	50	4.7169
2	24.15	195791	1721	50	0.113586
1	24.2	5553592	4210	50	4.7169
2	24.2	195791	1721	50	0.113586
1	24.25	5553592	4210	50	4.7169
2	24.25	195791	1721	50	0.113586
1	24.3	5553592	4210	50	4.7169
2	24.3	195791	1721	50	0.113586
1	24.35	5553592	4210	50	4.7169
2	24.35	195791	1721	50	0.113586
1	24.4	5553592	4210	50	4.7169
2	24.4	195791	1721	50	0.113586
1	24.45	5553592	4210	50	4.7169
2	24.45	195791	1721	50	0.113586
1	24.5	5553592	4210	50	4.7169
2	24.5	195791	1721	50	0.113586
1	24.55	5553592	4210	50	4.7169
2	24.55	195791	1721	50	0.113586
1	24.6	5553592	4210	50	4.7169
2	24.6	195791	1721	50	0.113586
1	24.65	5553592	4210	50	4.7169
2	24.65	195791	1721	50	0.113586
1	24.7	5553592	4210	50	4.7169
2	24.7	195791	1721	50	0.113586
1	24.75	5553592	4210	50	4.7169
2	24.75	195791	1721	50	0.113586
1	24.8	5553592	4210	50	4.7169
2	24.8	195791	1721	50	0.113586
1	24.85	5553592	4210	50	4.7169
2	24.85	195791	1721	50	0.113586
1	24.9	5553592	4210	50	4.7169
2	24.9	195791	1721	50	0.113586
1	24.95	5553592	4210	50	4.7169
2	24.95	195791	1721	50	0.113586
1	25	5553592	4210	50	4.7169
2	25	195791	1721	50	0.113586
1	25.05	5553592	4210	50	4.7169
2	25.05	195791	1721	50	0.113586
1	25.1	5553592	4210	50	4.7169
2	25.1	195791	1721	50	0.113586
1	25.15	5553592	4210	50	4.7169
2	25.15	195791	1721	50	0.113586
1	25.2	5553592	4210	50	4.7169
2	25.2	195791	1721	50	0.113586
1	25.25	5553592	4210	50	4.7169
2	25.25	195791	1721	50	0.113586
1	25.3	5553592	4210	50	4.7169
2	25.3	195791	1721	50	0.113586
1	25.35	5553592	4210	50	4.7169
2	25.35	195791	1721	50	0.113586
1	25.4	5553592	4210	50	4.7169
2	25.4	195791	1721	50	0.113586
1	25.45	5553592	4210	50	4.7169
2	25.45	195791	1721	50	0.113586
1	25.5	5553592	4210	50	4.7169
2	25.5	195791	1721	50	0.113586
1	25.55	5553592	4210	50	4.7169
2	25.55	195791	1721	50	0.113586
1	25.6	5553592	4210	50	4.7169
2	25.6	195791	1721	50	0.113586
1	25.65	5553592	4210	50	4.7169
2	25.65	195791	1721	50	0.113586
1	25.7	5553592	4210	50	4.7169
2	25.7	195791	1721	50	0.113586
1	25.75	5553592	4210	50	4.7169
2	25.75	195791	1721	50	0.113586
1	25.8	5553592	4210	50	4.7169
2	25.8	195791	1721	50	0.113586
1	25.85	5553592	4210	50	4.7169
2	25.85	195791	1721	50	0.113586
1	25.9	5553592	4210	50	4.7169
2	25.9	195791	1721	50	0.113586
1	25.95	5553592	4210	50	4.7169
2	25.95	195791	1721	50	0.113586
1	26	5553592	4210	50	4.7169
2	26	195791	1721	50	0.113586
1	26.05	5553592	4210	50	4.7169
2	26.05	195791	1721	50	0.113586
1	26.1	5553592	4210	50	4.7169
2	26.1	195791	1721	50	0.113586
1	26.15	5553592	4210	50	4.7169
2	26.15	195791	1721	50	0.113586
1	26.2	5553592	4210	50	4.7169
2	26.2	195791	1721	50	0.113586
1	26.25	5553592	4210	50	4.7169
2	26.25	195791	1721	50	0.113586
1	26.3	5553592	4210	50	4.7169
2	26.3	195791	1721	50	0.113586
1	26.35	5553592	4210	50	4.7169
2	26.35	195791	1721	50	0.113586
1	26.4	5553592	4210	50	4.7169
2	26.4	195791	1721	50	0.113586
1	26.45	5553592	4210	50	4.7169
2	26.45	195791	1721	50	0.113586
1	26.5	5553592	4210	50	4.7169
2	26.5	195791	1721	50	0.113586
1	26.55	5553592	4210	50	4.7169
2	26.55	195791	1721	50	0.113586
1	26.6	5553592	4210	50	4.7169
2	26.6	195791	1721	50	0.113586
1	26.65	5553592	4210	50	4.7169
2	26.65	195791	1721	50	0.113586
1	26.7	5553592	4210	50	4.7169
2	26.7	195791	1721	50	0.113586
1	26.75	5553592	4210	50	4.7169
2	26.75	195791	1721	50	0.113586
1	26.8	5553592	4210	50	4.7169
2	26.8	195791	1721	50	0.113586
1	26.85	5553592	4210	50	4.7169
2	26.85	195791	1721	50	0.113586
1	26.9	5553592	4210	50	4.7169
2	26.9	195791	1721	50	0.113586
1	26.95	5553592	4210	50	4.7169
2	26.95	195791	1721	50	0.113586
1	27	5553592	4210	50	4.7169
2	27	195791	1721	50	0.113586
1	27.05	5553592	4210	50	4.7169
2	27.05	195791	1721	50	0.113586
1	27.1	5553592	4210	50	4.7169
2	27.1	195791	1721	50	0.113586
1	27.15	5553592	4210	50	4.7169
2	27.15	195791	1721	50	0.113586
1	27.2	5553592	4210	50	4.7169
2	27.2	195791	1721	50	0.113586
1	27.25	5553592	4210	50	4.7169
2	27.25	195791	1721	50	0.113586
1	27.3	5553592	4210	50	4.7169
2	27.3	195791	1721	50	0.113586
1	27.35	5553592	4210	50	4.7169
2	27.35	195791	1721	50	0.113586
1	27.4	5553592	4210	50	4.7169
2	27.4	195791	1721	50	0.113586
1	27.45	5553592	4210	50	4.7169
2	27.45	195791	1721	50	0.113586
1	27.5	5553592	4210	50	4.7169
2	27.5	195791	1721	50	0.113586
1	27.55	5553592	4210	50	4.7169
2	27.55	195791	1721	50	0.113586
1	27.6	5553592	4210	50	4.7169
2	27.6	195791	1721	50	0.113586
1	27.65	5553592	4210	50	4.7169
2	27.65	195791	1721	50	0.113586
1	27.7	5553592	4210	50	4.7169
2	27.7	195791	1721	50	0.113586
1	27.75	5553592	4210	50	4.7169
2	27.75	195791	1721	50	0.113586
1	27.8	5553592	4210	50	4.7169
2	27.8	195791	1721	50	0.113586
1	27.85	5553592	4210	50	4.7169
2	27.85	195791	1721	50	0.113586
1	27.9	5553592	4210	50	4.7169
2	27.9	195791	1721	50	0.113586
1	27.95	5553592	4210	50	4.7169
2	27.95	195791	1721	50	0.113586
1	28	5553592	4210	50	4.7169
2	28	195791	1721	50	0.113586
1	28.05	5553592	4210	50	4.7169
2	28.05	195791	1721	50	0.113586
1	28.1	5553592	4210	50	4.7169
2	28.1	195791	1721	50	0.113586
1	28.15	5553592	4210	50	4.7169
2	28.15	195791	1721	50	0.113586
1	28.2	5553592	4210	50	4.7169
2	28.2	195791	1721	50	0.113586
1	28.25	5553592	4210	50	4.7169
2	28.25	195791	1721	50	0.113586
1	28.3	5553592	4210	50	4.7169
2	28.3	195791	1721	50	0.113586
1	28.35	5553592	4210	50	4.7169
2	28.35	195791	1721	50	0.113586
1	28.4	5553592	4210	50	4.7169
2	28.4	195791	1721	50	0.113586
1	28.45	5553592	4210	50	4.7169
2	28.45	195791	1721	50	0.113586
1	28.5	5553592	4210	50	4.7169
2	28.5	195791	1721	50	0.113586
1	28.55	5553592	4210	50	4.7169
2	28.55	195791	1721	50	0.113586
1	28.6	5553592	4210	50	4.7169
2	28.6	195791	1721	50	0.113586
1	28.65	5553592	4210	50	4.7169
2	28.65	195791	1721	50	0.113586
1	28.7	5553592	4210	50	4.7169
2	28.7	195791	1721	50	0.113586
1	28.75	5553592	4210	50	4.7169
2	28.75	195791	1721	50	0.113586
1	28.8	5553592	4210	50	4.7169
2	28.8	195791	1721	50	0.113586
1	28.85	5553592	4210	50	4.7169
2	28.85	195791	1721	50	0.113586
1	28.9	5553592	4210	50	4.7169
2	28.9	195791	1721	50	0.113586
1	28.95	5553592	4210	50	4.7169
2	28.95	195791	1721	50	0.113586
1	29	5553592	4210	50	4.7169
2	29	195791	1721	50	0.113586
1	29.05	5553592	4210	50	4.7169
2	29.05	195791	1721	50	0.113586
1	29.1	5553592	4210	50	4.7169
2	29.1	195791	1721	50	0.113586
1	29.15	5553592	4210	50	4.7169
2	29.15	195791	1721	50	0.113586
1	29.2	5553592	4210	50	4.7169
2	29.2	195791	1721	50	0.113586
1	29.25	5553592	4210	50	4.7169
2	29.25	195791	1721	50	0.113586
1	29.3	5553592	4210	50	4.7169
2	29.3	195791	1721	50	0.113586
1	29.35	5553592	4210	50	4.7169
2	29.35	195791	1721	50	0.113586
1	29.4	5553592	4210	50	4.7169
2	29.4	195791	1721	50	0.113586
1	29.45	5553592	4210	50	4.7169
2	29.45	195791	1721	50	0.113586
1	29.5	5553592	4210	50	4.7169
2	29.5	195791	1721	50	0.113586
1	29.55	5553592	4210	50	4.7169
2	29.55	195791	1721	50	0.113586
1	29.6	5553592	4210	50	4.7169
2	29.6	195791	1721	50	0.113586
1	29.65	5553592	4210	50	4.7169
2	29.65	195791	1721	50	0.113586
1	29.7	5553592	4210	50	4.7169
2	29.7	195791	1721	50	0.113586
1	29.75	5553592	4210	50	4.7169
2	29.75	195791	1721	50	0.113586
1	29.8	5553592	4210	50	4.7169
2	29.8	195791	1721	50	0.113586
1	29.85	5553592	4210	50	4.7169
2	29.85	195791	1721	50	0.113586
1	29.9	5553592	4210	50	4.7169
2	29.9	195791	1721	50	0.113586
1	29.95	5553592	4210	50	4.7169
2	29.95	195791	1721	50	0.113586
