1	1.05	0	0	0	-nan
1	1.1	1260	1	52	-nan
2	1.1	0	0	0	-nan
1	1.15	1260	1	52	-nan
2	1.15	129	2	50	0
1	1.2	9838	7	53	0
2	1.2	129	2	50	0
1	1.25	9838	7	53	0
2	1.25	350	6	51	0
1	1.3	22026	16	55	0
2	1.3	408	7	51	0
1	1.35	22082	17	51	0
2	1.35	627	11	51	0
1	1.4	35738	26	66	0
2	1.4	797	14	52	0
1	1.45	46465	35	61	0
2	1.45	912	16	52	0
1	1.5	52600	40	61	0
2	1.5	1242	22	52	0
1	1.55	84505	62	85	0
2	1.55	1354	24	52	0
1	1.6	98265	73	55	0
2	1.6	1907	34	51	0
1	1.65	130221	96	78	0
2	1.65	2315	41	51	0
1	1.7	166666	121	102	1.54462
2	1.7	2879	51	50	0
1	1.75	201769	148	87	1.43616
2	1.75	3448	61	50	0
1	1.8	232149	169	118	1.34158
2	1.8	4074	72	50	0
1	1.85	264050	191	146	2.50866
2	1.85	4581	81	50	0
1	1.9	294486	213	170	2.36812
2	1.9	5093	90	51	0
1	1.95	332511	240	197	2.22925
2	1.95	5662	100	51	0
1	2	369060	266	226	2.11073
2	2	6288	111	50	0
1	2.05	404065	290	248	3.00843
2	2.05	6963	123	50	0
1	2.1	429952	308	272	2.87432
2	2.1	7532	133	50	0
1	2.15	461919	330	297	2.73696
2	2.15	7937	140	50	0
1	2.2	492425	352	327	2.61732
2	2.2	8411	148	54	0
1	2.25	525911	375	348	3.34309
2	2.25	9012	158	54	0
1	2.3	557941	398	373	3.20896
2	2.3	9552	167	54	0
1	2.35	594519	424	390	3.08395
2	2.35	10148	177	54	0
1	2.4	631101	450	418	2.9694
2	2.4	10766	186	53	0
1	2.45	666111	474	446	3.5802
2	2.45	11323	194	53	0
1	2.5	693573	494	471	3.46001
2	2.5	11880	202	54	0
1	2.55	724077	516	498	3.34262
2	2.55	12363	209	54	0
1	2.6	763697	544	522	3.23316
2	2.6	12976	217	50	0
1	2.65	800284	570	542	3.75928
2	2.65	13674	226	50	0
1	2.7	835285	594	566	3.64397
2	2.7	14372	235	51	0
1	2.75	870348	619	573	3.53722
2	2.75	14988	243	51	0
1	2.8	906935	645	587	3.43612
2	2.8	15637	251	51	0
1	2.85	940421	668	612	3.89756
2	2.85	16435	260	51	0
1	2.9	976946	693	637	3.78986
2	2.9	17118	267	52	0
1	2.95	1013523	719	655	3.68934
2	2.95	17950	275	52	0
1	3	1048591	744	675	4.10794
2	3	18969	284	52	0
1	3.05	1083276	786	295	4.006
2	3.05	20076	293	52	0
1	3.1	1118411	812	297	3.90869
2	3.1	21867	306	54	0
1	3.15	1155060	839	301	3.81605
2	3.15	23224	317	54	0
1	3.2	1190088	863	297	4.19404
2	3.2	24526	327	52	0
1	3.25	1213057	881	302	4.09997
2	3.25	25740	337	52	0
1	3.3	1240536	901	313	4.00621
2	3.3	26573	343	53	0
1	3.35	1271123	924	315	3.92029
2	3.35	27544	350	53	0
1	3.4	1316446	948	317	4.26152
2	3.4	28648	358	53	0
1	3.45	1348654	974	321	4.17434
2	3.45	29757	366	53	0
1	3.5	1380796	999	324	4.0885
2	3.5	31004	375	52	0
1	3.55	1417424	1025	255	4.00856
2	3.55	32113	383	52	0
1	3.6	1457245	1055	126	4.31939
2	3.6	33355	392	50	0
1	3.65	1490879	1080	134	4.23699
2	3.65	34905	405	50	0
1	3.7	1521403	1102	140	4.15477
2	3.7	36069	414	52	0
1	3.75	1551986	1125	152	4.0782
2	3.75	37095	422	52	0
1	3.8	1588684	1153	156	4.36858
2	3.8	38309	432	51	0
1	3.85	1625329	1180	150	4.29064
2	3.85	39666	443	51	0
1	3.9	1660450	1206	145	4.21563
2	3.9	41023	454	50	0
1	3.95	1694106	1232	142	4.14422
2	3.95	42435	466	50	0
1	4	1729290	1259	142	4.41032
2	4	43792	477	51	0
1	4.05	1762892	1284	147	4.33854
2	4.05	45006	487	51	0
1	4.1	1798013	1310	152	4.26647
2	4.1	46363	498	51	0
1	4.15	1833193	1337	150	4.19668
2	4.15	47582	508	51	0
1	4.2	1865276	1361	153	4.44773
2	4.2	48939	519	51	0
1	4.25	1895840	1384	154	4.3812
2	4.25	50158	529	51	0
1	4.3	1932543	1412	154	4.31327
2	4.3	51372	539	50	0
1	4.35	1969240	1440	152	4.54988
2	4.35	52867	551	50	0
1	4.4	2001383	1465	154	4.48282
2	4.4	54224	562	51	0
1	4.45	2034985	1490	149	4.4154
2	4.45	55443	572	51	0
1	4.5	2068645	1516	157	4.35086
2	4.5	56657	582	53	0
1	4.55	2102247	1541	154	4.57678
2	4.55	57876	592	53	0
1	4.6	2137427	1568	151	4.51173
2	4.6	59371	604	51	0
1	4.65	2171029	1593	150	4.4486
2	4.65	60728	615	51	0
1	4.7	2203112	1617	154	4.38736
2	4.7	61947	625	51	0
1	4.75	2235258	1642	161	4.59801
2	4.75	63161	635	51	0
1	4.8	2268856	1667	164	4.53771
2	4.8	64380	645	53	0
1	4.85	2305554	1695	158	4.47661
2	4.85	65599	655	53	0
1	4.9	2337642	1719	157	4.42057
2	4.9	66956	666	54	0
1	4.95	2372821	1746	152	4.61808
2	4.95	68308	677	54	0
1	5	2406477	1772	152	4.56159
2	5	69665	688	52	0
1	5.05	2440084	1797	153	4.50413
2	5.05	70884	698	52	0
1	5.1	2478301	1826	149	4.44715
2	5.1	72241	709	50	0
1	5.15	2513485	1853	148	4.63852
2	5.15	73791	722	50	0
1	5.2	2547083	1878	147	4.58316
2	5.2	75148	733	50	0
1	5.25	2582267	1905	153	4.52656
2	5.25	76362	743	50	0
1	5.3	2612831	1928	159	4.47365
2	5.3	77581	753	52	0
1	5.35	2644914	1952	167	4.65415
2	5.35	78800	763	52	0
1	5.4	2677051	1977	171	4.60065
2	5.4	80014	773	52	0
1	5.45	2709134	2001	171	4.54878
2	5.45	81233	783	52	0
1	5.5	2745837	2029	163	4.49841
2	5.5	82535	793	51	0
1	5.55	2782477	2056	153	4.67112
2	5.55	83947	805	51	0
1	5.6	2814621	2081	153	4.61942
2	5.6	85304	816	53	0
1	5.65	2848221	2106	156	4.56813
2	5.65	86518	826	53	0
1	5.7	2883400	2133	157	4.51927
2	5.7	87737	836	54	0
1	5.75	2920103	2161	152	4.68372
2	5.75	89094	847	54	0
1	5.8	2955222	2187	152	4.6341
2	5.8	90589	859	50	0
1	5.85	2985842	2211	153	4.58759
2	5.85	91946	870	50	0
1	5.9	3019449	2236	159	4.74451
2	5.9	93160	880	53	0
1	5.95	3053109	2262	164	4.69668
2	5.95	94379	890	53	0
1	6	3083673	2285	169	4.6503
2	6	95598	900	54	0
1	6.05	3115752	2309	166	4.6039
2	6.05	96817	910	54	0
1	6.1	3150936	2336	161	4.75511
2	6.1	98169	921	51	0
1	6.15	3183019	2360	163	4.70891
2	6.15	99388	931	51	0
1	6.2	3215102	2384	165	4.66351
2	6.2	100607	941	51	0
1	6.25	3247239	2409	168	4.61884
2	6.25	101964	952	51	0
1	6.3	3279327	2433	172	4.76451
2	6.3	103178	962	53	0
1	6.35	3311410	2457	171	4.7205
2	6.35	104204	970	53	0
1	6.4	3345070	2483	174	4.6762
2	6.4	105616	982	51	0
1	6.45	3377151	2507	172	4.63327
2	6.45	106973	993	51	0
1	6.5	3409295	2532	172	4.77335
2	6.5	108187	1003	51	0
1	6.55	3439859	2555	177	4.73041
2	6.55	109213	1011	51	0
1	6.6	3476557	2583	173	4.68758
2	6.6	110570	1022	50	0
1	6.65	3513202	2610	161	4.64557
2	6.65	111982	1034	50	0
1	6.7	3546853	2636	156	4.78106
2	6.7	113334	1045	50	0
1	6.75	3578936	2660	154	4.74025
2	6.75	114581	1054	50	0
1	6.8	3612601	2686	163	4.69799
2	6.8	115690	1062	50	0
1	6.85	3644684	2710	167	4.65821
2	6.85	116799	1070	50	0
1	6.9	3678649	2741	58	4.78882
2	6.9	117903	1078	54	0
1	6.95	3709213	2764	57	4.74853
2	6.95	119343	1089	54	0
1	7	3741296	2788	59	4.70767
2	7	120562	1099	51	0
1	7.05	3771918	2812	64	4.66951
2	7.05	121781	1109	51	0
1	7.1	3805516	2837	56	4.7968
2	7.1	122945	1118	51	0
1	7.15	3839181	2863	57	4.75744
2	7.15	124297	1129	51	0
1	7.2	3869745	2886	60	4.71849
2	7.2	125516	1139	54	0
1	7.25	3903347	2911	63	4.67943
2	7.25	126597	1148	54	0
1	7.3	3937007	2937	52	4.80333
2	7.3	127954	1159	50	0
1	7.35	3970610	2962	60	4.76455
2	7.35	129306	1170	50	0
1	7.4	4001174	2985	64	4.72674
2	7.4	130525	1180	54	0
1	7.45	4033315	3010	61	4.6907
2	7.45	131606	1189	54	0.157687
1	7.5	4068436	3036	60	4.80799
2	7.5	132963	1200	50	0.156468
1	7.55	4100578	3061	61	4.77089
2	7.55	134315	1211	50	0.155151
1	7.6	4129565	3082	70	4.73533
2	7.6	135396	1220	54	0.154029
1	7.65	4161706	3107	65	4.6997
2	7.65	136615	1230	54	0.152765
1	7.7	4198404	3135	56	4.81546
2	7.7	137972	1241	50	0.151601
1	7.75	4233526	3161	54	4.77872
2	7.75	139324	1252	50	0.150481
1	7.8	4265609	3185	63	4.74354
2	7.8	140543	1262	53	0.149411
1	7.85	4300788	3212	58	4.70779
2	7.85	141762	1272	53	0.148313
1	7.9	4332876	3236	60	4.81999
2	7.9	143119	1283	51	0.14724
1	7.95	4363495	3260	65	4.78548
2	7.95	144471	1294	51	0.146037
1	8	4397096	3285	68	4.75041
2	8	145690	1304	51	0.144991
1	8.05	4430756	3311	62	4.716
2	8.05	146909	1314	51	0.143976
1	8.1	4461325	3334	68	4.82544
2	8.1	148128	1324	53	0.142941
1	8.15	4494927	3359	69	4.79062
2	8.15	149342	1334	53	0.141956
1	8.2	4530102	3386	64	4.75689
2	8.2	150699	1345	50	0.140898
1	8.25	4562185	3410	67	4.72476
2	8.25	152056	1356	50	0.139906
1	8.3	4598888	3438	60	4.82962
2	8.3	153275	1366	50	0.138961
1	8.35	4635591	3466	58	4.79613
2	8.35	154632	1377	50	0.138027
1	8.4	4667670	3490	63	4.76345
2	8.4	155984	1388	52	0.137034
1	8.45	4699753	3514	65	4.73237
2	8.45	157203	1398	52	0.136144
1	8.5	4736451	3542	63	4.83391
2	8.5	158422	1408	52	0.135255
1	8.55	4771635	3569	59	4.80228
2	8.55	159779	1419	52	0.134352
1	8.6	4806810	3596	58	4.77015
2	8.6	161131	1430	54	0.1334
1	8.65	4841936	3622	56	4.73917
2	8.65	162488	1441	54	0.132507
1	8.7	4875596	3648	59	4.83922
2	8.7	163900	1453	51	0.131627
1	8.75	4907679	3672	69	4.80779
2	8.75	165257	1464	51	0.13081
1	8.8	4939758	3696	75	4.77619
2	8.8	166421	1473	54	0.129912
1	8.85	4973423	3722	72	4.74552
2	8.85	167497	1482	54	0.129169
1	8.9	5008602	3749	66	4.84229
2	8.9	168854	1493	54	0.128302
1	8.95	5042209	3774	63	4.81265
2	8.95	170211	1504	54	0.127433
1	9	5078903	3802	59	4.78209
2	9	171623	1516	52	0.126649
1	9.05	5114024	3828	61	4.87713
2	9.05	172980	1527	52	0.125881
1	9.1	5149208	3855	68	4.84651
2	9.1	174332	1538	53	0.12504
1	9.15	5184387	3882	66	4.81696
2	9.15	175551	1548	53	0.124322
1	9.2	5221086	3910	60	4.7869
2	9.2	177046	1560	51	0.123495
1	9.25	5254688	3935	65	4.88054
2	9.25	178403	1571	51	0.122758
1	9.3	5289872	3962	67	4.85059
2	9.3	179760	1582	51	0.121997
1	9.35	5324993	3988	67	4.82107
2	9.35	181167	1594	51	0.121247
1	9.4	5358649	4014	71	4.7921
2	9.4	182331	1603	54	0.120531
1	9.45	5393775	4040	67	4.88315
2	9.45	183550	1613	54	0.119836
1	9.5	5427435	4066	68	4.85451
2	9.5	184962	1625	52	0.119134
1	9.55	5459518	4090	74	4.82606
2	9.55	186319	1636	52	0.11844
1	9.6	5497736	4119	70	4.79702
2	9.6	187533	1646	50	0.117772
1	9.65	5534434	4147	68	4.88498
2	9.65	189028	1658	50	0.117028
1	9.7	5550541	4163	51	4.86122
2	9.7	190385	1669	51	0.116351
1	9.75	5550773	4167	51	4.82987
2	9.75	191412	1677	51	0.115728
1	9.8	5551152	4172	52	4.80375
2	9.8	192107	1682	52	0.114979
1	9.85	5551496	4176	52	4.77971
2	9.85	192754	1687	52	0.114443
1	9.9	5552012	4182	50	4.7521
2	9.9	192754	1687	52	0.114443
1	9.95	5552012	4182	50	4.7521
2	9.95	192754	1687	52	0.114443
1	10	5552012	4182	50	4.7521
2	10	192754	1687	52	0.114443
1	10.05	5552012	4182	50	4.7521
2	10.05	192754	1687	52	0.114443
1	10.1	5552012	4182	50	4.7521
2	10.1	192754	1687	52	0.114443
1	10.15	5552012	4182	50	4.7521
2	10.15	192754	1687	52	0.114443
1	10.2	5552012	4182	50	4.7521
2	10.2	192754	1687	52	0.114443
1	10.25	5552012	4182	50	4.7521
2	10.25	192754	1687	52	0.114443
1	10.3	5552012	4182	50	4.7521
2	10.3	192754	1687	52	0.114443
1	10.35	5552012	4182	50	4.7521
2	10.35	192754	1687	52	0.114443
1	10.4	5552012	4182	50	4.7521
2	10.4	192754	1687	52	0.114443
1	10.45	5552012	4182	50	4.7521
2	10.45	192754	1687	52	0.114443
1	10.5	5552012	4182	50	4.7521
2	10.5	192754	1687	52	0.114443
1	10.55	5552012	4182	50	4.7521
2	10.55	192754	1687	52	0.114443
1	10.6	5552012	4182	50	4.7521
2	10.6	192754	1687	52	0.114443
1	10.65	5552012	4182	50	4.7521
2	10.65	192754	1687	52	0.114443
1	10.7	5552012	4182	50	4.7521
2	10.7	192754	1687	52	0.114443
1	10.75	5552012	4182	50	4.7521
2	10.75	192754	1687	52	0.114443
1	10.8	5552012	4182	50	4.7521
2	10.8	192754	1687	52	0.114443
1	10.85	5552012	4182	50	4.7521
2	10.85	192754	1687	52	0.114443
1	10.9	5552012	4182	50	4.7521
2	10.9	192754	1687	52	0.114443
1	10.95	5552012	4182	50	4.7521
2	10.95	192754	1687	52	0.114443
1	11	5552012	4182	50	4.7521
2	11	192754	1687	52	0.114443
1	11.05	5552012	4182	50	4.7521
2	11.05	192754	1687	52	0.114443
1	11.1	5552012	4182	50	4.7521
2	11.1	192754	1687	52	0.114443
1	11.15	5552012	4182	50	4.7521
2	11.15	192754	1687	52	0.114443
1	11.2	5552012	4182	50	4.7521
2	11.2	192754	1687	52	0.114443
1	11.25	5552012	4182	50	4.7521
2	11.25	192754	1687	52	0.114443
1	11.3	5552012	4182	50	4.7521
2	11.3	192754	1687	52	0.114443
1	11.35	5552012	4182	50	4.7521
2	11.35	192754	1687	52	0.114443
1	11.4	5552012	4182	50	4.7521
2	11.4	192754	1687	52	0.114443
1	11.45	5552012	4182	50	4.7521
2	11.45	192754	1687	52	0.114443
1	11.5	5552012	4182	50	4.7521
2	11.5	192754	1687	52	0.114443
1	11.55	5552012	4182	50	4.7521
2	11.55	192754	1687	52	0.114443
1	11.6	5552012	4182	50	4.7521
2	11.6	192754	1687	52	0.114443
1	11.65	5552012	4182	50	4.7521
2	11.65	192754	1687	52	0.114443
1	11.7	5552012	4182	50	4.7521
2	11.7	192754	1687	52	0.114443
1	11.75	5552012	4182	50	4.7521
2	11.75	192754	1687	52	0.114443
1	11.8	5552012	4182	50	4.7521
2	11.8	192754	1687	52	0.114443
1	11.85	5552012	4182	50	4.7521
2	11.85	192754	1687	52	0.114443
1	11.9	5552012	4182	50	4.7521
2	11.9	192754	1687	52	0.114443
1	11.95	5552012	4182	50	4.7521
2	11.95	192754	1687	52	0.114443
1	12	5552012	4182	50	4.7521
2	12	192754	1687	52	0.114443
1	12.05	5552012	4182	50	4.7521
2	12.05	192754	1687	52	0.114443
1	12.1	5552012	4182	50	4.7521
2	12.1	192754	1687	52	0.114443
1	12.15	5552012	4182	50	4.7521
2	12.15	192754	1687	52	0.114443
1	12.2	5552012	4182	50	4.7521
2	12.2	192754	1687	52	0.114443
1	12.25	5552012	4182	50	4.7521
2	12.25	192754	1687	52	0.114443
1	12.3	5552012	4182	50	4.7521
2	12.3	192754	1687	52	0.114443
1	12.35	5552012	4182	50	4.7521
2	12.35	192754	1687	52	0.114443
1	12.4	5552012	4182	50	4.7521
2	12.4	192754	1687	52	0.114443
1	12.45	5552012	4182	50	4.7521
2	12.45	192754	1687	52	0.114443
1	12.5	5552012	4182	50	4.7521
2	12.5	192754	1687	52	0.114443
1	12.55	5552012	4182	50	4.7521
2	12.55	192754	1687	52	0.114443
1	12.6	5552012	4182	50	4.7521
2	12.6	192754	1687	52	0.114443
1	12.65	5552012	4182	50	4.7521
2	12.65	192754	1687	52	0.114443
1	12.7	5552012	4182	50	4.7521
2	12.7	192754	1687	52	0.114443
1	12.75	5552012	4182	50	4.7521
2	12.75	192754	1687	52	0.114443
1	12.8	5552012	4182	50	4.7521
2	12.8	192754	1687	52	0.114443
1	12.85	5552012	4182	50	4.7521
2	12.85	192754	1687	52	0.114443
1	12.9	5552012	4182	50	4.7521
2	12.9	192754	1687	52	0.114443
1	12.95	5552012	4182	50	4.7521
2	12.95	192754	1687	52	0.114443
1	13	5552012	4182	50	4.7521
2	13	192754	1687	52	0.114443
1	13.05	5552012	4182	50	4.7521
2	13.05	192754	1687	52	0.114443
1	13.1	5552012	4182	50	4.7521
2	13.1	192754	1687	52	0.114443
1	13.15	5552012	4182	50	4.7521
2	13.15	192754	1687	52	0.114443
1	13.2	5552012	4182	50	4.7521
2	13.2	192754	1687	52	0.114443
1	13.25	5552012	4182	50	4.7521
2	13.25	192754	1687	52	0.114443
1	13.3	5552012	4182	50	4.7521
2	13.3	192754	1687	52	0.114443
1	13.35	5552012	4182	50	4.7521
2	13.35	192754	1687	52	0.114443
1	13.4	5552012	4182	50	4.7521
2	13.4	192754	1687	52	0.114443
1	13.45	5552012	4182	50	4.7521
2	13.45	192754	1687	52	0.114443
1	13.5	5552012	4182	50	4.7521
2	13.5	192754	1687	52	0.114443
1	13.55	5552012	4182	50	4.7521
2	13.55	192754	1687	52	0.114443
1	13.6	5552012	4182	50	4.7521
2	13.6	192754	1687	52	0.114443
1	13.65	5552012	4182	50	4.7521
2	13.65	192754	1687	52	0.114443
1	13.7	5552012	4182	50	4.7521
2	13.7	192754	1687	52	0.114443
1	13.75	5552012	4182	50	4.7521
2	13.75	192754	1687	52	0.114443
1	13.8	5552012	4182	50	4.7521
2	13.8	192754	1687	52	0.114443
1	13.85	5552012	4182	50	4.7521
2	13.85	192754	1687	52	0.114443
1	13.9	5552012	4182	50	4.7521
2	13.9	192754	1687	52	0.114443
1	13.95	5552012	4182	50	4.7521
2	13.95	192754	1687	52	0.114443
1	14	5552012	4182	50	4.7521
2	14	192754	1687	52	0.114443
1	14.05	5552012	4182	50	4.7521
2	14.05	192754	1687	52	0.114443
1	14.1	5552012	4182	50	4.7521
2	14.1	192754	1687	52	0.114443
1	14.15	5552012	4182	50	4.7521
2	14.15	192754	1687	52	0.114443
1	14.2	5552012	4182	50	4.7521
2	14.2	192754	1687	52	0.114443
1	14.25	5552012	4182	50	4.7521
2	14.25	192754	1687	52	0.114443
1	14.3	5552012	4182	50	4.7521
2	14.3	192754	1687	52	0.114443
1	14.35	5552012	4182	50	4.7521
2	14.35	192754	1687	52	0.114443
1	14.4	5552012	4182	50	4.7521
2	14.4	192754	1687	52	0.114443
1	14.45	5552012	4182	50	4.7521
2	14.45	192754	1687	52	0.114443
1	14.5	5552012	4182	50	4.7521
2	14.5	192754	1687	52	0.114443
1	14.55	5552012	4182	50	4.7521
2	14.55	192754	1687	52	0.114443
1	14.6	5552012	4182	50	4.7521
2	14.6	192754	1687	52	0.114443
1	14.65	5552012	4182	50	4.7521
2	14.65	192754	1687	52	0.114443
1	14.7	5552012	4182	50	4.7521
2	14.7	192754	1687	52	0.114443
1	14.75	5552012	4182	50	4.7521
2	14.75	192754	1687	52	0.114443
1	14.8	5552012	4182	50	4.7521
2	14.8	192754	1687	52	0.114443
1	14.85	5552012	4182	50	4.7521
2	14.85	192754	1687	52	0.114443
1	14.9	5552012	4182	50	4.7521
2	14.9	192754	1687	52	0.114443
1	14.95	5552012	4182	50	4.7521
2	14.95	192754	1687	52	0.114443
1	15	5552012	4182	50	4.7521
2	15	192754	1687	52	0.114443
1	15.05	5552012	4182	50	4.7521
2	15.05	192754	1687	52	0.114443
1	15.1	5552012	4182	50	4.7521
2	15.1	192754	1687	52	0.114443
1	15.15	5552012	4182	50	4.7521
2	15.15	192754	1687	52	0.114443
1	15.2	5552012	4182	50	4.7521
2	15.2	192754	1687	52	0.114443
1	15.25	5552012	4182	50	4.7521
2	15.25	192754	1687	52	0.114443
1	15.3	5552012	4182	50	4.7521
2	15.3	192754	1687	52	0.114443
1	15.35	5552012	4182	50	4.7521
2	15.35	192754	1687	52	0.114443
1	15.4	5552012	4182	50	4.7521
2	15.4	192754	1687	52	0.114443
1	15.45	5552012	4182	50	4.7521
2	15.45	192754	1687	52	0.114443
1	15.5	5552012	4182	50	4.7521
2	15.5	192754	1687	52	0.114443
1	15.55	5552012	4182	50	4.7521
2	15.55	192754	1687	52	0.114443
1	15.6	5552012	4182	50	4.7521
2	15.6	192754	1687	52	0.114443
1	15.65	5552012	4182	50	4.7521
2	15.65	192754	1687	52	0.114443
1	15.7	5552012	4182	50	4.7521
2	15.7	192754	1687	52	0.114443
1	15.75	5552012	4182	50	4.7521
2	15.75	192754	1687	52	0.114443
1	15.8	5552012	4182	50	4.7521
2	15.8	192754	1687	52	0.114443
1	15.85	5552012	4182	50	4.7521
2	15.85	192754	1687	52	0.114443
1	15.9	5552012	4182	50	4.7521
2	15.9	192754	1687	52	0.114443
1	15.95	5552012	4182	50	4.7521
2	15.95	192754	1687	52	0.114443
1	16	5552012	4182	50	4.7521
2	16	192754	1687	52	0.114443
1	16.05	5552012	4182	50	4.7521
2	16.05	192754	1687	52	0.114443
1	16.1	5552012	4182	50	4.7521
2	16.1	192754	1687	52	0.114443
1	16.15	5552012	4182	50	4.7521
2	16.15	192754	1687	52	0.114443
1	16.2	5552012	4182	50	4.7521
2	16.2	192754	1687	52	0.114443
1	16.25	5552012	4182	50	4.7521
2	16.25	192754	1687	52	0.114443
1	16.3	5552012	4182	50	4.7521
2	16.3	192754	1687	52	0.114443
1	16.35	5552012	4182	50	4.7521
2	16.35	192754	1687	52	0.114443
1	16.4	5552012	4182	50	4.7521
2	16.4	192754	1687	52	0.114443
1	16.45	5552012	4182	50	4.7521
2	16.45	192754	1687	52	0.114443
1	16.5	5552012	4182	50	4.7521
2	16.5	192754	1687	52	0.114443
1	16.55	5552012	4182	50	4.7521
2	16.55	192754	1687	52	0.114443
1	16.6	5552012	4182	50	4.7521
2	16.6	192754	1687	52	0.114443
1	16.65	5552012	4182	50	4.7521
2	16.65	192754	1687	52	0.114443
1	16.7	5552012	4182	50	4.7521
2	16.7	192754	1687	52	0.114443
1	16.75	5552012	4182	50	4.7521
2	16.75	192754	1687	52	0.114443
1	16.8	5552012	4182	50	4.7521
2	16.8	192754	1687	52	0.114443
1	16.85	5552012	4182	50	4.7521
2	16.85	192754	1687	52	0.114443
1	16.9	5552012	4182	50	4.7521
2	16.9	192754	1687	52	0.114443
1	16.95	5552012	4182	50	4.7521
2	16.95	192754	1687	52	0.114443
1	17	5552012	4182	50	4.7521
2	17	192754	1687	52	0.114443
1	17.05	5552012	4182	50	4.7521
2	17.05	192754	1687	52	0.114443
1	17.1	5552012	4182	50	4.7521
2	17.1	192754	1687	52	0.114443
1	17.15	5552012	4182	50	4.7521
2	17.15	192754	1687	52	0.114443
1	17.2	5552012	4182	50	4.7521
2	17.2	192754	1687	52	0.114443
1	17.25	5552012	4182	50	4.7521
2	17.25	192754	1687	52	0.114443
1	17.3	5552012	4182	50	4.7521
2	17.3	192754	1687	52	0.114443
1	17.35	5552012	4182	50	4.7521
2	17.35	192754	1687	52	0.114443
1	17.4	5552012	4182	50	4.7521
2	17.4	192754	1687	52	0.114443
1	17.45	5552012	4182	50	4.7521
2	17.45	192754	1687	52	0.114443
1	17.5	5552012	4182	50	4.7521
2	17.5	192754	1687	52	0.114443
1	17.55	5552012	4182	50	4.7521
2	17.55	192754	1687	52	0.114443
1	17.6	5552012	4182	50	4.7521
2	17.6	192754	1687	52	0.114443
1	17.65	5552012	4182	50	4.7521
2	17.65	192754	1687	52	0.114443
1	17.7	5552012	4182	50	4.7521
2	17.7	192754	1687	52	0.114443
1	17.75	5552012	4182	50	4.7521
2	17.75	192754	1687	52	0.114443
1	17.8	5552012	4182	50	4.7521
2	17.8	192754	1687	52	0.114443
1	17.85	5552012	4182	50	4.7521
2	17.85	192754	1687	52	0.114443
1	17.9	5552012	4182	50	4.7521
2	17.9	192754	1687	52	0.114443
1	17.95	5552012	4182	50	4.7521
2	17.95	192754	1687	52	0.114443
1	18	5552012	4182	50	4.7521
2	18	192754	1687	52	0.114443
1	18.05	5552012	4182	50	4.7521
2	18.05	192754	1687	52	0.114443
1	18.1	5552012	4182	50	4.7521
2	18.1	192754	1687	52	0.114443
1	18.15	5552012	4182	50	4.7521
2	18.15	192754	1687	52	0.114443
1	18.2	5552012	4182	50	4.7521
2	18.2	192754	1687	52	0.114443
1	18.25	5552012	4182	50	4.7521
2	18.25	192754	1687	52	0.114443
1	18.3	5552012	4182	50	4.7521
2	18.3	192754	1687	52	0.114443
1	18.35	5552012	4182	50	4.7521
2	18.35	192754	1687	52	0.114443
1	18.4	5552012	4182	50	4.7521
2	18.4	192754	1687	52	0.114443
1	18.45	5552012	4182	50	4.7521
2	18.45	192754	1687	52	0.114443
1	18.5	5552012	4182	50	4.7521
2	18.5	192754	1687	52	0.114443
1	18.55	5552012	4182	50	4.7521
2	18.55	192754	1687	52	0.114443
1	18.6	5552012	4182	50	4.7521
2	18.6	192754	1687	52	0.114443
1	18.65	5552012	4182	50	4.7521
2	18.65	192754	1687	52	0.114443
1	18.7	5552012	4182	50	4.7521
2	18.7	192754	1687	52	0.114443
1	18.75	5552012	4182	50	4.7521
2	18.75	192754	1687	52	0.114443
1	18.8	5552012	4182	50	4.7521
2	18.8	192754	1687	52	0.114443
1	18.85	5552012	4182	50	4.7521
2	18.85	192754	1687	52	0.114443
1	18.9	5552012	4182	50	4.7521
2	18.9	192754	1687	52	0.114443
1	18.95	5552012	4182	50	4.7521
2	18.95	192754	1687	52	0.114443
1	19	5552012	4182	50	4.7521
2	19	192754	1687	52	0.114443
1	19.05	5552012	4182	50	4.7521
2	19.05	192754	1687	52	0.114443
1	19.1	5552012	4182	50	4.7521
2	19.1	192754	1687	52	0.114443
1	19.15	5552012	4182	50	4.7521
2	19.15	192754	1687	52	0.114443
1	19.2	5552012	4182	50	4.7521
2	19.2	192754	1687	52	0.114443
1	19.25	5552012	4182	50	4.7521
2	19.25	192754	1687	52	0.114443
1	19.3	5552012	4182	50	4.7521
2	19.3	192754	1687	52	0.114443
1	19.35	5552012	4182	50	4.7521
2	19.35	192754	1687	52	0.114443
1	19.4	5552012	4182	50	4.7521
2	19.4	192754	1687	52	0.114443
1	19.45	5552012	4182	50	4.7521
2	19.45	192754	1687	52	0.114443
1	19.5	5552012	4182	50	4.7521
2	19.5	192754	1687	52	0.114443
1	19.55	5552012	4182	50	4.7521
2	19.55	192754	1687	52	0.114443
1	19.6	5552012	4182	50	4.7521
2	19.6	192754	1687	52	0.114443
1	19.65	5552012	4182	50	4.7521
2	19.65	192754	1687	52	0.114443
1	19.7	5552012	4182	50	4.7521
2	19.7	192754	1687	52	0.114443
1	19.75	5552012	4182	50	4.7521
2	19.75	192754	1687	52	0.114443
1	19.8	5552012	4182	50	4.7521
2	19.8	192754	1687	52	0.114443
1	19.85	5552012	4182	50	4.7521
2	19.85	192754	1687	52	0.114443
1	19.9	5552012	4182	50	4.7521
2	19.9	192754	1687	52	0.114443
1	19.95	5552012	4182	50	4.7521
2	19.95	192754	1687	52	0.114443
1	20	5552012	4182	50	4.7521
2	20	192754	1687	52	0.114443
1	20.05	5552012	4182	50	4.7521
2	20.05	192754	1687	52	0.114443
1	20.1	5552012	4182	50	4.7521
2	20.1	192754	1687	52	0.114443
1	20.15	5552012	4182	50	4.7521
2	20.15	192754	1687	52	0.114443
1	20.2	5552012	4182	50	4.7521
2	20.2	192754	1687	52	0.114443
1	20.25	5552012	4182	50	4.7521
2	20.25	192754	1687	52	0.114443
1	20.3	5552012	4182	50	4.7521
2	20.3	192754	1687	52	0.114443
1	20.35	5552012	4182	50	4.7521
2	20.35	192754	1687	52	0.114443
1	20.4	5552012	4182	50	4.7521
2	20.4	192754	1687	52	0.114443
1	20.45	5552012	4182	50	4.7521
2	20.45	192754	1687	52	0.114443
1	20.5	5552012	4182	50	4.7521
2	20.5	192754	1687	52	0.114443
1	20.55	5552012	4182	50	4.7521
2	20.55	192754	1687	52	0.114443
1	20.6	5552012	4182	50	4.7521
2	20.6	192754	1687	52	0.114443
1	20.65	5552012	4182	50	4.7521
2	20.65	192754	1687	52	0.114443
1	20.7	5552012	4182	50	4.7521
2	20.7	192754	1687	52	0.114443
1	20.75	5552012	4182	50	4.7521
2	20.75	192754	1687	52	0.114443
1	20.8	5552012	4182	50	4.7521
2	20.8	192754	1687	52	0.114443
1	20.85	5552012	4182	50	4.7521
2	20.85	192754	1687	52	0.114443
1	20.9	5552012	4182	50	4.7521
2	20.9	192754	1687	52	0.114443
1	20.95	5552012	4182	50	4.7521
2	20.95	192754	1687	52	0.114443
1	21	5552012	4182	50	4.7521
2	21	192754	1687	52	0.114443
1	21.05	5552012	4182	50	4.7521
2	21.05	192754	1687	52	0.114443
1	21.1	5552012	4182	50	4.7521
2	21.1	192754	1687	52	0.114443
1	21.15	5552012	4182	50	4.7521
2	21.15	192754	1687	52	0.114443
1	21.2	5552012	4182	50	4.7521
2	21.2	192754	1687	52	0.114443
1	21.25	5552012	4182	50	4.7521
2	21.25	192754	1687	52	0.114443
1	21.3	5552012	4182	50	4.7521
2	21.3	192754	1687	52	0.114443
1	21.35	5552012	4182	50	4.7521
2	21.35	192754	1687	52	0.114443
1	21.4	5552012	4182	50	4.7521
2	21.4	192754	1687	52	0.114443
1	21.45	5552012	4182	50	4.7521
2	21.45	192754	1687	52	0.114443
1	21.5	5552012	4182	50	4.7521
2	21.5	192754	1687	52	0.114443
1	21.55	5552012	4182	50	4.7521
2	21.55	192754	1687	52	0.114443
1	21.6	5552012	4182	50	4.7521
2	21.6	192754	1687	52	0.114443
1	21.65	5552012	4182	50	4.7521
2	21.65	192754	1687	52	0.114443
1	21.7	5552012	4182	50	4.7521
2	21.7	192754	1687	52	0.114443
1	21.75	5552012	4182	50	4.7521
2	21.75	192754	1687	52	0.114443
1	21.8	5552012	4182	50	4.7521
2	21.8	192754	1687	52	0.114443
1	21.85	5552012	4182	50	4.7521
2	21.85	192754	1687	52	0.114443
1	21.9	5552012	4182	50	4.7521
2	21.9	192754	1687	52	0.114443
1	21.95	5552012	4182	50	4.7521
2	21.95	192754	1687	52	0.114443
1	22	5552012	4182	50	4.7521
2	22	192754	1687	52	0.114443
1	22.05	5552012	4182	50	4.7521
2	22.05	192754	1687	52	0.114443
1	22.1	5552012	4182	50	4.7521
2	22.1	192754	1687	52	0.114443
1	22.15	5552012	4182	50	4.7521
2	22.15	192754	1687	52	0.114443
1	22.2	5552012	4182	50	4.7521
2	22.2	192754	1687	52	0.114443
1	22.25	5552012	4182	50	4.7521
2	22.25	192754	1687	52	0.114443
1	22.3	5552012	4182	50	4.7521
2	22.3	192754	1687	52	0.114443
1	22.35	5552012	4182	50	4.7521
2	22.35	192754	1687	52	0.114443
1	22.4	5552012	4182	50	4.7521
2	22.4	192754	1687	52	0.114443
1	22.45	5552012	4182	50	4.7521
2	22.45	192754	1687	52	0.114443
1	22.5	5552012	4182	50	4.7521
2	22.5	192754	1687	52	0.114443
1	22.55	5552012	4182	50	4.7521
2	22.55	192754	1687	52	0.114443
1	22.6	5552012	4182	50	4.7521
2	22.6	192754	1687	52	0.114443
1	22.65	5552012	4182	50	4.7521
2	22.65	192754	1687	52	0.114443
1	22.7	5552012	4182	50	4.7521
2	22.7	192754	1687	52	0.114443
1	22.75	5552012	4182	50	4.7521
2	22.75	192754	1687	52	0.114443
1	22.8	5552012	4182	50	4.7521
2	22.8	192754	1687	52	0.114443
1	22.85	5552012	4182	50	4.7521
2	22.85	192754	1687	52	0.114443
1	22.9	5552012	4182	50	4.7521
2	22.9	192754	1687	52	0.114443
1	22.95	5552012	4182	50	4.7521
2	22.95	192754	1687	52	0.114443
1	23	5552012	4182	50	4.7521
2	23	192754	1687	52	0.114443
1	23.05	5552012	4182	50	4.7521
2	23.05	192754	1687	52	0.114443
1	23.1	5552012	4182	50	4.7521
2	23.1	192754	1687	52	0.114443
1	23.15	5552012	4182	50	4.7521
2	23.15	192754	1687	52	0.114443
1	23.2	5552012	4182	50	4.7521
2	23.2	192754	1687	52	0.114443
1	23.25	5552012	4182	50	4.7521
2	23.25	192754	1687	52	0.114443
1	23.3	5552012	4182	50	4.7521
2	23.3	192754	1687	52	0.114443
1	23.35	5552012	4182	50	4.7521
2	23.35	192754	1687	52	0.114443
1	23.4	5552012	4182	50	4.7521
2	23.4	192754	1687	52	0.114443
1	23.45	5552012	4182	50	4.7521
2	23.45	192754	1687	52	0.114443
1	23.5	5552012	4182	50	4.7521
2	23.5	192754	1687	52	0.114443
1	23.55	5552012	4182	50	4.7521
2	23.55	192754	1687	52	0.114443
1	23.6	5552012	4182	50	4.7521
2	23.6	192754	1687	52	0.114443
1	23.65	5552012	4182	50	4.7521
2	23.65	192754	1687	52	0.114443
1	23.7	5552012	4182	50	4.7521
2	23.7	192754	1687	52	0.114443
1	23.75	5552012	4182	50	4.7521
2	23.75	192754	1687	52	0.114443
1	23.8	5552012	4182	50	4.7521
2	23.8	192754	1687	52	0.114443
1	23.85	5552012	4182	50	4.7521
2	23.85	192754	1687	52	0.114443
1	23.9	5552012	4182	50	4.7521
2	23.9	192754	1687	52	0.114443
1	23.95	5552012	4182	50	4.7521
2	23.95	192754	1687	52	0.114443
1	24	5552012	4182	50	4.7521
2	24	192754	1687	52	0.114443
1	24.05	5552012	4182	50	4.7521
2	24.05	192754	1687	52	0.114443
1	24.1	5552012	4182	50	4.7521
2	24.1	192754	1687	52	0.114443
1	24.15	5552012	4182	50	4.7521
2	24.15	192754	1687	52	0.114443
1	24.2	5552012	4182	50	4.7521
2	24.2	192754	1687	52	0.114443
1	24.25	5552012	4182	50	4.7521
2	24.25	192754	1687	52	0.114443
1	24.3	5552012	4182	50	4.7521
2	24.3	192754	1687	52	0.114443
1	24.35	5552012	4182	50	4.7521
2	24.35	192754	1687	52	0.114443
1	24.4	5552012	4182	50	4.7521
2	24.4	192754	1687	52	0.114443
1	24.45	5552012	4182	50	4.7521
2	24.45	192754	1687	52	0.114443
1	24.5	5552012	4182	50	4.7521
2	24.5	192754	1687	52	0.114443
1	24.55	5552012	4182	50	4.7521
2	24.55	192754	1687	52	0.114443
1	24.6	5552012	4182	50	4.7521
2	24.6	192754	1687	52	0.114443
1	24.65	5552012	4182	50	4.7521
2	24.65	192754	1687	52	0.114443
1	24.7	5552012	4182	50	4.7521
2	24.7	192754	1687	52	0.114443
1	24.75	5552012	4182	50	4.7521
2	24.75	192754	1687	52	0.114443
1	24.8	5552012	4182	50	4.7521
2	24.8	192754	1687	52	0.114443
1	24.85	5552012	4182	50	4.7521
2	24.85	192754	1687	52	0.114443
1	24.9	5552012	4182	50	4.7521
2	24.9	192754	1687	52	0.114443
1	24.95	5552012	4182	50	4.7521
2	24.95	192754	1687	52	0.114443
1	25	5552012	4182	50	4.7521
2	25	192754	1687	52	0.114443
1	25.05	5552012	4182	50	4.7521
2	25.05	192754	1687	52	0.114443
1	25.1	5552012	4182	50	4.7521
2	25.1	192754	1687	52	0.114443
1	25.15	5552012	4182	50	4.7521
2	25.15	192754	1687	52	0.114443
1	25.2	5552012	4182	50	4.7521
2	25.2	192754	1687	52	0.114443
1	25.25	5552012	4182	50	4.7521
2	25.25	192754	1687	52	0.114443
1	25.3	5552012	4182	50	4.7521
2	25.3	192754	1687	52	0.114443
1	25.35	5552012	4182	50	4.7521
2	25.35	192754	1687	52	0.114443
1	25.4	5552012	4182	50	4.7521
2	25.4	192754	1687	52	0.114443
1	25.45	5552012	4182	50	4.7521
2	25.45	192754	1687	52	0.114443
1	25.5	5552012	4182	50	4.7521
2	25.5	192754	1687	52	0.114443
1	25.55	5552012	4182	50	4.7521
2	25.55	192754	1687	52	0.114443
1	25.6	5552012	4182	50	4.7521
2	25.6	192754	1687	52	0.114443
1	25.65	5552012	4182	50	4.7521
2	25.65	192754	1687	52	0.114443
1	25.7	5552012	4182	50	4.7521
2	25.7	192754	1687	52	0.114443
1	25.75	5552012	4182	50	4.7521
2	25.75	192754	1687	52	0.114443
1	25.8	5552012	4182	50	4.7521
2	25.8	192754	1687	52	0.114443
1	25.85	5552012	4182	50	4.7521
2	25.85	192754	1687	52	0.114443
1	25.9	5552012	4182	50	4.7521
2	25.9	192754	1687	52	0.114443
1	25.95	5552012	4182	50	4.7521
2	25.95	192754	1687	52	0.114443
1	26	5552012	4182	50	4.7521
2	26	192754	1687	52	0.114443
1	26.05	5552012	4182	50	4.7521
2	26.05	192754	1687	52	0.114443
1	26.1	5552012	4182	50	4.7521
2	26.1	192754	1687	52	0.114443
1	26.15	5552012	4182	50	4.7521
2	26.15	192754	1687	52	0.114443
1	26.2	5552012	4182	50	4.7521
2	26.2	192754	1687	52	0.114443
1	26.25	5552012	4182	50	4.7521
2	26.25	192754	1687	52	0.114443
1	26.3	5552012	4182	50	4.7521
2	26.3	192754	1687	52	0.114443
1	26.35	5552012	4182	50	4.7521
2	26.35	192754	1687	52	0.114443
1	26.4	5552012	4182	50	4.7521
2	26.4	192754	1687	52	0.114443
1	26.45	5552012	4182	50	4.7521
2	26.45	192754	1687	52	0.114443
1	26.5	5552012	4182	50	4.7521
2	26.5	192754	1687	52	0.114443
1	26.55	5552012	4182	50	4.7521
2	26.55	192754	1687	52	0.114443
1	26.6	5552012	4182	50	4.7521
2	26.6	192754	1687	52	0.114443
1	26.65	5552012	4182	50	4.7521
2	26.65	192754	1687	52	0.114443
1	26.7	5552012	4182	50	4.7521
2	26.7	192754	1687	52	0.114443
1	26.75	5552012	4182	50	4.7521
2	26.75	192754	1687	52	0.114443
1	26.8	5552012	4182	50	4.7521
2	26.8	192754	1687	52	0.114443
1	26.85	5552012	4182	50	4.7521
2	26.85	192754	1687	52	0.114443
1	26.9	5552012	4182	50	4.7521
2	26.9	192754	1687	52	0.114443
1	26.95	5552012	4182	50	4.7521
2	26.95	192754	1687	52	0.114443
1	27	5552012	4182	50	4.7521
2	27	192754	1687	52	0.114443
1	27.05	5552012	4182	50	4.7521
2	27.05	192754	1687	52	0.114443
1	27.1	5552012	4182	50	4.7521
2	27.1	192754	1687	52	0.114443
1	27.15	5552012	4182	50	4.7521
2	27.15	192754	1687	52	0.114443
1	27.2	5552012	4182	50	4.7521
2	27.2	192754	1687	52	0.114443
1	27.25	5552012	4182	50	4.7521
2	27.25	192754	1687	52	0.114443
1	27.3	5552012	4182	50	4.7521
2	27.3	192754	1687	52	0.114443
1	27.35	5552012	4182	50	4.7521
2	27.35	192754	1687	52	0.114443
1	27.4	5552012	4182	50	4.7521
2	27.4	192754	1687	52	0.114443
1	27.45	5552012	4182	50	4.7521
2	27.45	192754	1687	52	0.114443
1	27.5	5552012	4182	50	4.7521
2	27.5	192754	1687	52	0.114443
1	27.55	5552012	4182	50	4.7521
2	27.55	192754	1687	52	0.114443
1	27.6	5552012	4182	50	4.7521
2	27.6	192754	1687	52	0.114443
1	27.65	5552012	4182	50	4.7521
2	27.65	192754	1687	52	0.114443
1	27.7	5552012	4182	50	4.7521
2	27.7	192754	1687	52	0.114443
1	27.75	5552012	4182	50	4.7521
2	27.75	192754	1687	52	0.114443
1	27.8	5552012	4182	50	4.7521
2	27.8	192754	1687	52	0.114443
1	27.85	5552012	4182	50	4.7521
2	27.85	192754	1687	52	0.114443
1	27.9	5552012	4182	50	4.7521
2	27.9	192754	1687	52	0.114443
1	27.95	5552012	4182	50	4.7521
2	27.95	192754	1687	52	0.114443
1	28	5552012	4182	50	4.7521
2	28	192754	1687	52	0.114443
1	28.05	5552012	4182	50	4.7521
2	28.05	192754	1687	52	0.114443
1	28.1	5552012	4182	50	4.7521
2	28.1	192754	1687	52	0.114443
1	28.15	5552012	4182	50	4.7521
2	28.15	192754	1687	52	0.114443
1	28.2	5552012	4182	50	4.7521
2	28.2	192754	1687	52	0.114443
1	28.25	5552012	4182	50	4.7521
2	28.25	192754	1687	52	0.114443
1	28.3	5552012	4182	50	4.7521
2	28.3	192754	1687	52	0.114443
1	28.35	5552012	4182	50	4.7521
2	28.35	192754	1687	52	0.114443
1	28.4	5552012	4182	50	4.7521
2	28.4	192754	1687	52	0.114443
1	28.45	5552012	4182	50	4.7521
2	28.45	192754	1687	52	0.114443
1	28.5	5552012	4182	50	4.7521
2	28.5	192754	1687	52	0.114443
1	28.55	5552012	4182	50	4.7521
2	28.55	192754	1687	52	0.114443
1	28.6	5552012	4182	50	4.7521
2	28.6	192754	1687	52	0.114443
1	28.65	5552012	4182	50	4.7521
2	28.65	192754	1687	52	0.114443
1	28.7	5552012	4182	50	4.7521
2	28.7	192754	1687	52	0.114443
1	28.75	5552012	4182	50	4.7521
2	28.75	192754	1687	52	0.114443
1	28.8	5552012	4182	50	4.7521
2	28.8	192754	1687	52	0.114443
1	28.85	5552012	4182	50	4.7521
2	28.85	192754	1687	52	0.114443
1	28.9	5552012	4182	50	4.7521
2	28.9	192754	1687	52	0.114443
1	28.95	5552012	4182	50	4.7521
2	28.95	192754	1687	52	0.114443
1	29	5552012	4182	50	4.7521
2	29	192754	1687	52	0.114443
1	29.05	5552012	4182	50	4.7521
2	29.05	192754	1687	52	0.114443
1	29.1	5552012	4182	50	4.7521
2	29.1	192754	1687	52	0.114443
1	29.15	5552012	4182	50	4.7521
2	29.15	192754	1687	52	0.114443
1	29.2	5552012	4182	50	4.7521
2	29.2	192754	1687	52	0.114443
1	29.25	5552012	4182	50	4.7521
2	29.25	192754	1687	52	0.114443
1	29.3	5552012	4182	50	4.7521
2	29.3	192754	1687	52	0.114443
1	29.35	5552012	4182	50	4.7521
2	29.35	192754	1687	52	0.114443
1	29.4	5552012	4182	50	4.7521
2	29.4	192754	1687	52	0.114443
1	29.45	5552012	4182	50	4.7521
2	29.45	192754	1687	52	0.114443
1	29.5	5552012	4182	50	4.7521
2	29.5	192754	1687	52	0.114443
1	29.55	5552012	4182	50	4.7521
2	29.55	192754	1687	52	0.114443
1	29.6	5552012	4182	50	4.7521
2	29.6	192754	1687	52	0.114443
1	29.65	5552012	4182	50	4.7521
2	29.65	192754	1687	52	0.114443
1	29.7	5552012	4182	50	4.7521
2	29.7	192754	1687	52	0.114443
1	29.75	5552012	4182	50	4.7521
2	29.75	192754	1687	52	0.114443
1	29.8	5552012	4182	50	4.7521
2	29.8	192754	1687	52	0.114443
1	29.85	5552012	4182	50	4.7521
2	29.85	192754	1687	52	0.114443
1	29.9	5552012	4182	50	4.7521
2	29.9	192754	1687	52	0.114443
1	29.95	5552012	4182	50	4.7521
2	29.95	192754	1687	52	0.114443
