1	1.05	0	0	0	-nan
1	1.1	1260	1	52	-nan
2	1.1	0	0	0	-nan
1	1.15	1260	1	52	-nan
2	1.15	129	2	50	0
1	1.2	9838	7	52	0
2	1.2	129	2	50	0
1	1.25	9838	7	52	0
2	1.25	408	7	50	0
1	1.3	22026	16	54	0
2	1.3	408	7	50	0
1	1.35	22082	17	50	0
2	1.35	739	13	50	0
1	1.4	41862	31	60	0
2	1.4	797	14	50	0
1	1.45	46465	35	56	0
2	1.45	1076	19	50	0
1	1.5	60184	45	63	0
2	1.5	1242	22	50	0
1	1.55	95233	71	66	0
2	1.55	1517	27	50	0
1	1.6	105845	78	59	0
2	1.6	2131	38	50	0
1	1.65	139317	102	82	1.67772
2	1.65	2422	43	50	0
1	1.7	172790	126	108	1.54885
2	1.7	2986	53	50	0
1	1.75	207834	152	103	1.43351
2	1.75	3555	63	50	0
1	1.8	238219	173	127	1.33914
2	1.8	4181	74	50	0
1	1.85	268659	195	158	2.51206
2	1.85	4693	83	50	0
1	1.9	300556	217	185	2.36121
2	1.9	5146	91	50	0
1	1.95	337060	243	208	2.22876
2	1.95	5658	100	50	0
1	2	373611	269	228	2.11117
2	2	6338	112	50	0
1	2.05	410193	295	249	3.00848
2	2.05	6959	123	50	0
1	2.1	439119	315	277	2.86387
2	2.1	7528	133	50	0
1	2.15	474182	340	300	2.7346
2	2.15	8002	141	50	0
1	2.2	510764	366	323	2.61507
2	2.2	8495	149	50	0
1	2.25	547351	392	339	3.34191
2	2.25	9044	158	50	0
1	2.3	580829	415	360	3.20653
2	2.3	9598	167	50	0
1	2.35	617416	441	381	3.08387
2	2.35	10070	174	50	0
1	2.4	653998	467	407	2.97145
2	2.4	10696	183	50	0
1	2.45	692099	494	434	3.57852
2	2.45	11317	192	50	0
1	2.5	724062	516	458	3.45836
2	2.5	11943	201	50	0
1	2.55	757606	540	487	3.33999
2	2.55	12447	208	50	0
1	2.6	791150	564	514	3.87689
2	2.6	13052	216	50	0
1	2.65	824694	588	533	3.75989
2	2.65	13688	224	50	0
1	2.7	857540	625	237	3.64453
2	2.7	14381	232	50	0
1	2.75	894185	652	242	3.53607
2	2.75	15534	244	50	0
1	2.8	929315	678	242	4.00532
2	2.8	16484	253	50	0
1	2.85	962873	702	240	3.89608
2	2.85	17440	262	50	0
1	2.9	990352	722	245	3.78903
2	2.9	18293	270	50	0
1	2.95	1023914	746	247	3.68839
2	2.95	19087	277	50	0
1	3	1062562	781	91	4.10844
2	3	20014	284	50	0
1	3.05	1096023	803	91	4.00797
2	3.05	21726	297	50	0
1	3.1	1131163	829	94	3.90739
2	3.1	22890	306	50	0
1	3.15	1164774	854	103	3.8158
2	3.15	24104	316	50	0
1	3.2	1196857	878	106	4.19286
2	3.2	25461	327	50	0
1	3.25	1228940	902	107	4.09721
2	3.25	26680	337	50	0
1	3.3	1261086	927	113	4.00488
2	3.3	27899	347	50	0
1	3.35	1293165	951	113	3.91676
2	3.35	29113	357	50	0
1	3.4	1328344	978	112	4.25929
2	3.4	30332	367	50	0
1	3.45	1363470	1004	107	4.17082
2	3.45	31551	377	50	0
1	3.5	1394092	1028	107	4.08922
2	3.5	33046	389	50	0
1	3.55	1426171	1052	110	4.00652
2	3.55	34260	399	50	0
1	3.6	1461292	1078	110	4.318
2	3.6	35479	409	50	0
1	3.65	1494957	1104	113	4.2361
2	3.65	36698	419	50	0
1	3.7	1525521	1127	112	4.15699
2	3.7	38055	430	50	0
1	3.75	1556081	1150	113	4.08042
2	3.75	39269	440	50	0
1	3.8	1592779	1178	112	4.36967
2	3.8	40350	449	50	0
1	3.85	1629482	1206	107	4.29151
2	3.85	41845	461	50	0
1	3.9	1664603	1232	97	4.21629
2	3.9	43202	472	50	0
1	3.95	1699783	1259	99	4.14342
2	3.95	44614	484	50	0
1	4	1736481	1287	103	4.41058
2	4	45966	495	50	0
1	4.05	1771665	1314	100	4.33825
2	4.05	47323	506	50	0
1	4.1	1808305	1341	100	4.26667
2	4.1	48680	517	50	0
1	4.15	1845004	1369	101	4.52024
2	4.15	50037	528	50	0
1	4.2	1878664	1395	101	4.45011
2	4.2	51394	539	50	0
1	4.25	1913790	1421	102	4.37903
2	4.25	52751	550	50	0
1	4.3	1947450	1447	108	4.31337
2	4.3	54158	562	50	0
1	4.35	1982567	1473	106	4.55031
2	4.35	55377	572	50	0
1	4.4	2013189	1497	115	4.48374
2	4.4	56734	583	50	0
1	4.45	2045277	1521	121	4.41556
2	4.45	57898	592	50	0
1	4.5	2081975	1549	116	4.35119
2	4.5	59112	602	50	0
1	4.55	2118616	1576	108	4.57518
2	4.55	60524	614	50	0
1	4.6	2150757	1601	106	4.51169
2	4.6	61881	625	50	0
1	4.65	2182840	1625	110	4.4497
2	4.65	63238	636	50	0
1	4.7	2218024	1652	114	4.38669
2	4.7	64457	646	50	0
1	4.75	2251625	1677	116	4.59879
2	4.75	65809	657	50	0
1	4.8	2285282	1703	111	4.53819
2	4.8	67028	667	50	0
1	4.85	2320408	1729	115	4.47664
2	4.85	68385	678	50	0
1	4.9	2354068	1755	114	4.41812
2	4.9	69604	688	50	0
1	4.95	2386151	1779	115	4.6204
2	4.95	70956	699	50	0
1	5	2419807	1805	115	4.56001
2	5	72175	709	50	0
1	5.05	2451895	1829	119	4.50382
2	5.05	73532	720	50	0
1	5.1	2487074	1856	115	4.44713
2	5.1	74751	730	50	0
1	5.15	2520676	1881	117	4.63858
2	5.15	76108	741	50	0
1	5.2	2555856	1908	112	4.58081
2	5.2	77322	751	50	0
1	5.25	2589516	1934	110	4.52683
2	5.25	78679	762	50	0
1	5.3	2623118	1959	112	4.71048
2	5.3	80036	773	50	0
1	5.35	2658302	1986	112	4.65467
2	5.35	81255	783	50	0
1	5.4	2693419	2012	114	4.60162
2	5.4	82607	794	50	0
1	5.45	2728603	2039	113	4.54974
2	5.45	83964	805	50	0
1	5.5	2765301	2067	105	4.72335
2	5.5	85321	816	50	0
1	5.55	2801946	2094	105	4.67083
2	5.55	86733	828	50	0
1	5.6	2834083	2119	112	4.61812
2	5.6	88090	839	50	0
1	5.65	2864647	2142	116	4.56874
2	5.65	89304	849	50	0
1	5.7	2899831	2169	118	4.73496
2	5.7	90523	859	50	0
1	5.75	2936471	2196	122	4.68296
2	5.75	91880	870	50	0
1	5.8	2970127	2222	115	4.63411
2	5.8	93237	881	50	0
1	5.85	3003734	2247	117	4.58624
2	5.85	94594	892	50	0
1	5.9	3038913	2274	118	4.74522
2	5.9	95808	902	50	0
1	5.95	3074034	2300	115	4.69692
2	5.95	97165	913	50	0
1	6	3107695	2326	112	4.65
2	6	98522	924	50	0
1	6.05	3142874	2353	118	4.60195
2	6.05	99741	934	50	0
1	6.1	3178058	2380	117	4.755
2	6.1	101098	945	50	0
1	6.15	3213179	2406	115	4.709
2	6.15	102505	957	50	0
1	6.2	3248359	2433	113	4.66393
2	6.2	103862	968	50	0
1	6.25	3284999	2460	112	4.8103
2	6.25	105219	979	50	0
1	6.3	3321702	2488	113	4.7643
2	6.3	106576	990	50	0
1	6.35	3358400	2516	107	4.7192
2	6.35	107933	1001	50	0
1	6.4	3393580	2543	112	4.67572
2	6.4	109428	1013	50	0
1	6.45	3428759	2570	111	4.81824
2	6.45	110780	1024	50	0
1	6.5	3460842	2594	119	4.77355
2	6.5	112192	1036	50	0
1	6.55	3492925	2618	121	4.72941
2	6.55	113411	1046	50	0
1	6.6	3528105	2645	126	4.68671
2	6.6	114575	1055	50	0
1	6.65	3563226	2671	124	4.8236
2	6.65	115982	1067	50	0
1	6.7	3593790	2694	124	4.78212
2	6.7	117201	1077	50	0
1	6.75	3625936	2719	127	4.73902
2	6.75	118420	1087	50	0
1	6.8	3656500	2742	131	4.69837
2	6.8	119584	1096	50	0
1	6.85	3687060	2765	141	4.83093
2	6.85	120798	1106	50	0
1	6.9	3722239	2792	133	4.78908
2	6.9	122017	1116	50	0
1	6.95	3757365	2818	127	4.74823
2	6.95	123374	1127	50	0
1	7	3789506	2843	124	4.70929
2	7	124593	1137	50	0
1	7.05	3823104	2868	121	4.83592
2	7.05	125945	1148	50	0
1	7.1	3858288	2895	125	4.79606
2	7.1	127164	1158	50	0
1	7.15	3893409	2921	123	4.75704
2	7.15	128521	1169	50	0
1	7.2	3930170	2950	117	4.71829
2	7.2	129933	1181	50	0
1	7.25	3966806	2977	116	4.84165
2	7.25	131290	1192	50	0.162752
1	7.3	3998947	3002	117	4.80235
2	7.3	132642	1203	50	0.161493
1	7.35	4029511	3025	128	4.76536
2	7.35	133999	1214	50	0.160076
1	7.4	4061599	3049	135	4.72674
2	7.4	135080	1223	50	0.158904
1	7.45	4092159	3072	142	4.84687
2	7.45	136299	1233	50	0.157619
1	7.5	4127338	3099	135	4.80852
2	7.5	137458	1242	50	0.156408
1	7.55	4162522	3126	129	4.77094
2	7.55	138870	1254	50	0.155114
1	7.6	4197643	3152	122	4.8877
2	7.6	140227	1265	50	0.15395
1	7.65	4232818	3179	123	4.85111
2	7.65	141584	1276	50	0.152738
1	7.7	4264906	3203	128	4.81408
2	7.7	142941	1287	50	0.151594
1	7.75	4295528	3227	128	4.7791
2	7.75	144155	1297	50	0.150437
1	7.8	4330649	3253	131	4.89191
2	7.8	145374	1307	50	0.149344
1	7.85	4367348	3281	131	4.85455
2	7.85	146593	1317	50	0.148333
1	7.9	4397912	3304	129	4.82037
2	7.9	147950	1328	50	0.147246
1	7.95	4430053	3329	131	4.78478
2	7.95	149164	1338	50	0.146173
1	8	4462136	3353	138	4.89412
2	8	150521	1349	50	0.144991
1	8.05	4494219	3377	142	4.85896
2	8.05	151740	1359	50	0.143942
1	8.1	4530918	3405	129	4.82447
2	8.1	152959	1369	50	0.142908
1	8.15	4567616	3433	123	4.79068
2	8.15	154311	1380	50	0.141937
1	8.2	4598185	3456	128	4.89821
2	8.2	155668	1391	50	0.140942
1	8.25	4630268	3480	132	4.86333
2	8.25	156887	1401	50	0.139947
1	8.3	4665443	3507	135	4.82944
2	8.3	158106	1411	50	0.138997
1	8.35	4700569	3533	133	4.79617
2	8.35	159463	1422	50	0.137982
1	8.4	4732710	3558	134	4.89965
2	8.4	160815	1433	50	0.137031
1	8.45	4764793	3582	135	4.86649
2	8.45	162034	1443	50	0.136143
1	8.5	4798449	3608	134	4.83383
2	8.5	163253	1453	50	0.135222
1	8.55	4832056	3633	137	4.80173
2	8.55	164610	1464	50	0.134271
1	8.6	4867235	3660	133	4.90228
2	8.6	165824	1474	50	0.13342
1	8.65	4902356	3686	127	4.86999
2	8.65	167181	1485	50	0.13253
1	8.7	4936017	3712	130	4.83916
2	8.7	168538	1496	50	0.131619
1	8.75	4971138	3738	127	4.80739
2	8.75	169757	1506	50	0.130862
1	8.8	5004803	3764	127	4.90507
2	8.8	171114	1517	50	0.129964
1	8.85	5038405	3789	132	4.87323
2	8.85	172466	1528	50	0.129079
1	8.9	5075099	3817	131	4.84209
2	8.9	173685	1538	50	0.128279
1	8.95	5111802	3845	123	4.81148
2	8.95	175042	1549	50	0.127489
1	9	5142366	3868	130	4.90785
2	9	176454	1561	50	0.126684
1	9.05	5172988	3892	134	4.87772
2	9.05	177668	1571	50	0.125881
1	9.1	5206588	3917	136	4.84666
2	9.1	178832	1580	50	0.125107
1	9.15	5240193	3942	145	4.8161
2	9.15	180189	1591	50	0.124272
1	9.2	5275372	3969	135	4.90998
2	9.2	181408	1601	50	0.123523
1	9.25	5312075	3997	130	4.8796
2	9.25	182820	1613	50	0.12275
1	9.3	5348712	4024	124	4.85003
2	9.3	184172	1624	50	0.122052
1	9.35	5385472	4053	123	4.94129
2	9.35	185529	1635	50	0.12131
1	9.4	5419074	4078	125	4.91157
2	9.4	187024	1647	50	0.120518
1	9.45	5451157	4102	129	4.88344
2	9.45	188243	1657	50	0.119858
1	9.5	5486340	4129	131	4.85442
2	9.5	189462	1667	50	0.119171
1	9.55	5521516	4156	130	4.94352
2	9.55	190814	1678	50	0.11846
1	9.6	5551618	4185	52	4.91833
2	9.6	192171	1689	50	0.117732
1	9.65	5551850	4189	50	4.8871
2	9.65	193666	1701	50	0.117103
1	9.7	5552201	4194	50	4.86124
2	9.7	194505	1707	50	0.116402
1	9.75	5552783	4201	50	4.83251
2	9.75	195290	1713	50	0.115744
1	9.8	5553299	4207	50	4.80548
2	9.8	195290	1713	50	0.115744
1	9.85	5553299	4207	50	4.80548
2	9.85	195290	1713	50	0.115744
1	9.9	5553299	4207	50	4.80548
2	9.9	195290	1713	50	0.115744
1	9.95	5553299	4207	50	4.80548
2	9.95	195290	1713	50	0.115744
1	10	5553299	4207	50	4.80548
2	10	195290	1713	50	0.115744
1	10.05	5553299	4207	50	4.80548
2	10.05	195290	1713	50	0.115744
1	10.1	5553299	4207	50	4.80548
2	10.1	195290	1713	50	0.115744
1	10.15	5553299	4207	50	4.80548
2	10.15	195290	1713	50	0.115744
1	10.2	5553299	4207	50	4.80548
2	10.2	195290	1713	50	0.115744
1	10.25	5553299	4207	50	4.80548
2	10.25	195290	1713	50	0.115744
1	10.3	5553299	4207	50	4.80548
2	10.3	195290	1713	50	0.115744
1	10.35	5553299	4207	50	4.80548
2	10.35	195290	1713	50	0.115744
1	10.4	5553299	4207	50	4.80548
2	10.4	195290	1713	50	0.115744
1	10.45	5553299	4207	50	4.80548
2	10.45	195290	1713	50	0.115744
1	10.5	5553299	4207	50	4.80548
2	10.5	195290	1713	50	0.115744
1	10.55	5553299	4207	50	4.80548
2	10.55	195290	1713	50	0.115744
1	10.6	5553299	4207	50	4.80548
2	10.6	195290	1713	50	0.115744
1	10.65	5553299	4207	50	4.80548
2	10.65	195290	1713	50	0.115744
1	10.7	5553299	4207	50	4.80548
2	10.7	195290	1713	50	0.115744
1	10.75	5553299	4207	50	4.80548
2	10.75	195290	1713	50	0.115744
1	10.8	5553299	4207	50	4.80548
2	10.8	195290	1713	50	0.115744
1	10.85	5553299	4207	50	4.80548
2	10.85	195290	1713	50	0.115744
1	10.9	5553299	4207	50	4.80548
2	10.9	195290	1713	50	0.115744
1	10.95	5553299	4207	50	4.80548
2	10.95	195290	1713	50	0.115744
1	11	5553299	4207	50	4.80548
2	11	195290	1713	50	0.115744
1	11.05	5553299	4207	50	4.80548
2	11.05	195290	1713	50	0.115744
1	11.1	5553299	4207	50	4.80548
2	11.1	195290	1713	50	0.115744
1	11.15	5553299	4207	50	4.80548
2	11.15	195290	1713	50	0.115744
1	11.2	5553299	4207	50	4.80548
2	11.2	195290	1713	50	0.115744
1	11.25	5553299	4207	50	4.80548
2	11.25	195290	1713	50	0.115744
1	11.3	5553299	4207	50	4.80548
2	11.3	195290	1713	50	0.115744
1	11.35	5553299	4207	50	4.80548
2	11.35	195290	1713	50	0.115744
1	11.4	5553299	4207	50	4.80548
2	11.4	195290	1713	50	0.115744
1	11.45	5553299	4207	50	4.80548
2	11.45	195290	1713	50	0.115744
1	11.5	5553299	4207	50	4.80548
2	11.5	195290	1713	50	0.115744
1	11.55	5553299	4207	50	4.80548
2	11.55	195290	1713	50	0.115744
1	11.6	5553299	4207	50	4.80548
2	11.6	195290	1713	50	0.115744
1	11.65	5553299	4207	50	4.80548
2	11.65	195290	1713	50	0.115744
1	11.7	5553299	4207	50	4.80548
2	11.7	195290	1713	50	0.115744
1	11.75	5553299	4207	50	4.80548
2	11.75	195290	1713	50	0.115744
1	11.8	5553299	4207	50	4.80548
2	11.8	195290	1713	50	0.115744
1	11.85	5553299	4207	50	4.80548
2	11.85	195290	1713	50	0.115744
1	11.9	5553299	4207	50	4.80548
2	11.9	195290	1713	50	0.115744
1	11.95	5553299	4207	50	4.80548
2	11.95	195290	1713	50	0.115744
1	12	5553299	4207	50	4.80548
2	12	195290	1713	50	0.115744
1	12.05	5553299	4207	50	4.80548
2	12.05	195290	1713	50	0.115744
1	12.1	5553299	4207	50	4.80548
2	12.1	195290	1713	50	0.115744
1	12.15	5553299	4207	50	4.80548
2	12.15	195290	1713	50	0.115744
1	12.2	5553299	4207	50	4.80548
2	12.2	195290	1713	50	0.115744
1	12.25	5553299	4207	50	4.80548
2	12.25	195290	1713	50	0.115744
1	12.3	5553299	4207	50	4.80548
2	12.3	195290	1713	50	0.115744
1	12.35	5553299	4207	50	4.80548
2	12.35	195290	1713	50	0.115744
1	12.4	5553299	4207	50	4.80548
2	12.4	195290	1713	50	0.115744
1	12.45	5553299	4207	50	4.80548
2	12.45	195290	1713	50	0.115744
1	12.5	5553299	4207	50	4.80548
2	12.5	195290	1713	50	0.115744
1	12.55	5553299	4207	50	4.80548
2	12.55	195290	1713	50	0.115744
1	12.6	5553299	4207	50	4.80548
2	12.6	195290	1713	50	0.115744
1	12.65	5553299	4207	50	4.80548
2	12.65	195290	1713	50	0.115744
1	12.7	5553299	4207	50	4.80548
2	12.7	195290	1713	50	0.115744
1	12.75	5553299	4207	50	4.80548
2	12.75	195290	1713	50	0.115744
1	12.8	5553299	4207	50	4.80548
2	12.8	195290	1713	50	0.115744
1	12.85	5553299	4207	50	4.80548
2	12.85	195290	1713	50	0.115744
1	12.9	5553299	4207	50	4.80548
2	12.9	195290	1713	50	0.115744
1	12.95	5553299	4207	50	4.80548
2	12.95	195290	1713	50	0.115744
1	13	5553299	4207	50	4.80548
2	13	195290	1713	50	0.115744
1	13.05	5553299	4207	50	4.80548
2	13.05	195290	1713	50	0.115744
1	13.1	5553299	4207	50	4.80548
2	13.1	195290	1713	50	0.115744
1	13.15	5553299	4207	50	4.80548
2	13.15	195290	1713	50	0.115744
1	13.2	5553299	4207	50	4.80548
2	13.2	195290	1713	50	0.115744
1	13.25	5553299	4207	50	4.80548
2	13.25	195290	1713	50	0.115744
1	13.3	5553299	4207	50	4.80548
2	13.3	195290	1713	50	0.115744
1	13.35	5553299	4207	50	4.80548
2	13.35	195290	1713	50	0.115744
1	13.4	5553299	4207	50	4.80548
2	13.4	195290	1713	50	0.115744
1	13.45	5553299	4207	50	4.80548
2	13.45	195290	1713	50	0.115744
1	13.5	5553299	4207	50	4.80548
2	13.5	195290	1713	50	0.115744
1	13.55	5553299	4207	50	4.80548
2	13.55	195290	1713	50	0.115744
1	13.6	5553299	4207	50	4.80548
2	13.6	195290	1713	50	0.115744
1	13.65	5553299	4207	50	4.80548
2	13.65	195290	1713	50	0.115744
1	13.7	5553299	4207	50	4.80548
2	13.7	195290	1713	50	0.115744
1	13.75	5553299	4207	50	4.80548
2	13.75	195290	1713	50	0.115744
1	13.8	5553299	4207	50	4.80548
2	13.8	195290	1713	50	0.115744
1	13.85	5553299	4207	50	4.80548
2	13.85	195290	1713	50	0.115744
1	13.9	5553299	4207	50	4.80548
2	13.9	195290	1713	50	0.115744
1	13.95	5553299	4207	50	4.80548
2	13.95	195290	1713	50	0.115744
1	14	5553299	4207	50	4.80548
2	14	195290	1713	50	0.115744
1	14.05	5553299	4207	50	4.80548
2	14.05	195290	1713	50	0.115744
1	14.1	5553299	4207	50	4.80548
2	14.1	195290	1713	50	0.115744
1	14.15	5553299	4207	50	4.80548
2	14.15	195290	1713	50	0.115744
1	14.2	5553299	4207	50	4.80548
2	14.2	195290	1713	50	0.115744
1	14.25	5553299	4207	50	4.80548
2	14.25	195290	1713	50	0.115744
1	14.3	5553299	4207	50	4.80548
2	14.3	195290	1713	50	0.115744
1	14.35	5553299	4207	50	4.80548
2	14.35	195290	1713	50	0.115744
1	14.4	5553299	4207	50	4.80548
2	14.4	195290	1713	50	0.115744
1	14.45	5553299	4207	50	4.80548
2	14.45	195290	1713	50	0.115744
1	14.5	5553299	4207	50	4.80548
2	14.5	195290	1713	50	0.115744
1	14.55	5553299	4207	50	4.80548
2	14.55	195290	1713	50	0.115744
1	14.6	5553299	4207	50	4.80548
2	14.6	195290	1713	50	0.115744
1	14.65	5553299	4207	50	4.80548
2	14.65	195290	1713	50	0.115744
1	14.7	5553299	4207	50	4.80548
2	14.7	195290	1713	50	0.115744
1	14.75	5553299	4207	50	4.80548
2	14.75	195290	1713	50	0.115744
1	14.8	5553299	4207	50	4.80548
2	14.8	195290	1713	50	0.115744
1	14.85	5553299	4207	50	4.80548
2	14.85	195290	1713	50	0.115744
1	14.9	5553299	4207	50	4.80548
2	14.9	195290	1713	50	0.115744
1	14.95	5553299	4207	50	4.80548
2	14.95	195290	1713	50	0.115744
1	15	5553299	4207	50	4.80548
2	15	195290	1713	50	0.115744
1	15.05	5553299	4207	50	4.80548
2	15.05	195290	1713	50	0.115744
1	15.1	5553299	4207	50	4.80548
2	15.1	195290	1713	50	0.115744
1	15.15	5553299	4207	50	4.80548
2	15.15	195290	1713	50	0.115744
1	15.2	5553299	4207	50	4.80548
2	15.2	195290	1713	50	0.115744
1	15.25	5553299	4207	50	4.80548
2	15.25	195290	1713	50	0.115744
1	15.3	5553299	4207	50	4.80548
2	15.3	195290	1713	50	0.115744
1	15.35	5553299	4207	50	4.80548
2	15.35	195290	1713	50	0.115744
1	15.4	5553299	4207	50	4.80548
2	15.4	195290	1713	50	0.115744
1	15.45	5553299	4207	50	4.80548
2	15.45	195290	1713	50	0.115744
1	15.5	5553299	4207	50	4.80548
2	15.5	195290	1713	50	0.115744
1	15.55	5553299	4207	50	4.80548
2	15.55	195290	1713	50	0.115744
1	15.6	5553299	4207	50	4.80548
2	15.6	195290	1713	50	0.115744
1	15.65	5553299	4207	50	4.80548
2	15.65	195290	1713	50	0.115744
1	15.7	5553299	4207	50	4.80548
2	15.7	195290	1713	50	0.115744
1	15.75	5553299	4207	50	4.80548
2	15.75	195290	1713	50	0.115744
1	15.8	5553299	4207	50	4.80548
2	15.8	195290	1713	50	0.115744
1	15.85	5553299	4207	50	4.80548
2	15.85	195290	1713	50	0.115744
1	15.9	5553299	4207	50	4.80548
2	15.9	195290	1713	50	0.115744
1	15.95	5553299	4207	50	4.80548
2	15.95	195290	1713	50	0.115744
1	16	5553299	4207	50	4.80548
2	16	195290	1713	50	0.115744
1	16.05	5553299	4207	50	4.80548
2	16.05	195290	1713	50	0.115744
1	16.1	5553299	4207	50	4.80548
2	16.1	195290	1713	50	0.115744
1	16.15	5553299	4207	50	4.80548
2	16.15	195290	1713	50	0.115744
1	16.2	5553299	4207	50	4.80548
2	16.2	195290	1713	50	0.115744
1	16.25	5553299	4207	50	4.80548
2	16.25	195290	1713	50	0.115744
1	16.3	5553299	4207	50	4.80548
2	16.3	195290	1713	50	0.115744
1	16.35	5553299	4207	50	4.80548
2	16.35	195290	1713	50	0.115744
1	16.4	5553299	4207	50	4.80548
2	16.4	195290	1713	50	0.115744
1	16.45	5553299	4207	50	4.80548
2	16.45	195290	1713	50	0.115744
1	16.5	5553299	4207	50	4.80548
2	16.5	195290	1713	50	0.115744
1	16.55	5553299	4207	50	4.80548
2	16.55	195290	1713	50	0.115744
1	16.6	5553299	4207	50	4.80548
2	16.6	195290	1713	50	0.115744
1	16.65	5553299	4207	50	4.80548
2	16.65	195290	1713	50	0.115744
1	16.7	5553299	4207	50	4.80548
2	16.7	195290	1713	50	0.115744
1	16.75	5553299	4207	50	4.80548
2	16.75	195290	1713	50	0.115744
1	16.8	5553299	4207	50	4.80548
2	16.8	195290	1713	50	0.115744
1	16.85	5553299	4207	50	4.80548
2	16.85	195290	1713	50	0.115744
1	16.9	5553299	4207	50	4.80548
2	16.9	195290	1713	50	0.115744
1	16.95	5553299	4207	50	4.80548
2	16.95	195290	1713	50	0.115744
1	17	5553299	4207	50	4.80548
2	17	195290	1713	50	0.115744
1	17.05	5553299	4207	50	4.80548
2	17.05	195290	1713	50	0.115744
1	17.1	5553299	4207	50	4.80548
2	17.1	195290	1713	50	0.115744
1	17.15	5553299	4207	50	4.80548
2	17.15	195290	1713	50	0.115744
1	17.2	5553299	4207	50	4.80548
2	17.2	195290	1713	50	0.115744
1	17.25	5553299	4207	50	4.80548
2	17.25	195290	1713	50	0.115744
1	17.3	5553299	4207	50	4.80548
2	17.3	195290	1713	50	0.115744
1	17.35	5553299	4207	50	4.80548
2	17.35	195290	1713	50	0.115744
1	17.4	5553299	4207	50	4.80548
2	17.4	195290	1713	50	0.115744
1	17.45	5553299	4207	50	4.80548
2	17.45	195290	1713	50	0.115744
1	17.5	5553299	4207	50	4.80548
2	17.5	195290	1713	50	0.115744
1	17.55	5553299	4207	50	4.80548
2	17.55	195290	1713	50	0.115744
1	17.6	5553299	4207	50	4.80548
2	17.6	195290	1713	50	0.115744
1	17.65	5553299	4207	50	4.80548
2	17.65	195290	1713	50	0.115744
1	17.7	5553299	4207	50	4.80548
2	17.7	195290	1713	50	0.115744
1	17.75	5553299	4207	50	4.80548
2	17.75	195290	1713	50	0.115744
1	17.8	5553299	4207	50	4.80548
2	17.8	195290	1713	50	0.115744
1	17.85	5553299	4207	50	4.80548
2	17.85	195290	1713	50	0.115744
1	17.9	5553299	4207	50	4.80548
2	17.9	195290	1713	50	0.115744
1	17.95	5553299	4207	50	4.80548
2	17.95	195290	1713	50	0.115744
1	18	5553299	4207	50	4.80548
2	18	195290	1713	50	0.115744
1	18.05	5553299	4207	50	4.80548
2	18.05	195290	1713	50	0.115744
1	18.1	5553299	4207	50	4.80548
2	18.1	195290	1713	50	0.115744
1	18.15	5553299	4207	50	4.80548
2	18.15	195290	1713	50	0.115744
1	18.2	5553299	4207	50	4.80548
2	18.2	195290	1713	50	0.115744
1	18.25	5553299	4207	50	4.80548
2	18.25	195290	1713	50	0.115744
1	18.3	5553299	4207	50	4.80548
2	18.3	195290	1713	50	0.115744
1	18.35	5553299	4207	50	4.80548
2	18.35	195290	1713	50	0.115744
1	18.4	5553299	4207	50	4.80548
2	18.4	195290	1713	50	0.115744
1	18.45	5553299	4207	50	4.80548
2	18.45	195290	1713	50	0.115744
1	18.5	5553299	4207	50	4.80548
2	18.5	195290	1713	50	0.115744
1	18.55	5553299	4207	50	4.80548
2	18.55	195290	1713	50	0.115744
1	18.6	5553299	4207	50	4.80548
2	18.6	195290	1713	50	0.115744
1	18.65	5553299	4207	50	4.80548
2	18.65	195290	1713	50	0.115744
1	18.7	5553299	4207	50	4.80548
2	18.7	195290	1713	50	0.115744
1	18.75	5553299	4207	50	4.80548
2	18.75	195290	1713	50	0.115744
1	18.8	5553299	4207	50	4.80548
2	18.8	195290	1713	50	0.115744
1	18.85	5553299	4207	50	4.80548
2	18.85	195290	1713	50	0.115744
1	18.9	5553299	4207	50	4.80548
2	18.9	195290	1713	50	0.115744
1	18.95	5553299	4207	50	4.80548
2	18.95	195290	1713	50	0.115744
1	19	5553299	4207	50	4.80548
2	19	195290	1713	50	0.115744
1	19.05	5553299	4207	50	4.80548
2	19.05	195290	1713	50	0.115744
1	19.1	5553299	4207	50	4.80548
2	19.1	195290	1713	50	0.115744
1	19.15	5553299	4207	50	4.80548
2	19.15	195290	1713	50	0.115744
1	19.2	5553299	4207	50	4.80548
2	19.2	195290	1713	50	0.115744
1	19.25	5553299	4207	50	4.80548
2	19.25	195290	1713	50	0.115744
1	19.3	5553299	4207	50	4.80548
2	19.3	195290	1713	50	0.115744
1	19.35	5553299	4207	50	4.80548
2	19.35	195290	1713	50	0.115744
1	19.4	5553299	4207	50	4.80548
2	19.4	195290	1713	50	0.115744
1	19.45	5553299	4207	50	4.80548
2	19.45	195290	1713	50	0.115744
1	19.5	5553299	4207	50	4.80548
2	19.5	195290	1713	50	0.115744
1	19.55	5553299	4207	50	4.80548
2	19.55	195290	1713	50	0.115744
1	19.6	5553299	4207	50	4.80548
2	19.6	195290	1713	50	0.115744
1	19.65	5553299	4207	50	4.80548
2	19.65	195290	1713	50	0.115744
1	19.7	5553299	4207	50	4.80548
2	19.7	195290	1713	50	0.115744
1	19.75	5553299	4207	50	4.80548
2	19.75	195290	1713	50	0.115744
1	19.8	5553299	4207	50	4.80548
2	19.8	195290	1713	50	0.115744
1	19.85	5553299	4207	50	4.80548
2	19.85	195290	1713	50	0.115744
1	19.9	5553299	4207	50	4.80548
2	19.9	195290	1713	50	0.115744
1	19.95	5553299	4207	50	4.80548
2	19.95	195290	1713	50	0.115744
1	20	5553299	4207	50	4.80548
2	20	195290	1713	50	0.115744
1	20.05	5553299	4207	50	4.80548
2	20.05	195290	1713	50	0.115744
1	20.1	5553299	4207	50	4.80548
2	20.1	195290	1713	50	0.115744
1	20.15	5553299	4207	50	4.80548
2	20.15	195290	1713	50	0.115744
1	20.2	5553299	4207	50	4.80548
2	20.2	195290	1713	50	0.115744
1	20.25	5553299	4207	50	4.80548
2	20.25	195290	1713	50	0.115744
1	20.3	5553299	4207	50	4.80548
2	20.3	195290	1713	50	0.115744
1	20.35	5553299	4207	50	4.80548
2	20.35	195290	1713	50	0.115744
1	20.4	5553299	4207	50	4.80548
2	20.4	195290	1713	50	0.115744
1	20.45	5553299	4207	50	4.80548
2	20.45	195290	1713	50	0.115744
1	20.5	5553299	4207	50	4.80548
2	20.5	195290	1713	50	0.115744
1	20.55	5553299	4207	50	4.80548
2	20.55	195290	1713	50	0.115744
1	20.6	5553299	4207	50	4.80548
2	20.6	195290	1713	50	0.115744
1	20.65	5553299	4207	50	4.80548
2	20.65	195290	1713	50	0.115744
1	20.7	5553299	4207	50	4.80548
2	20.7	195290	1713	50	0.115744
1	20.75	5553299	4207	50	4.80548
2	20.75	195290	1713	50	0.115744
1	20.8	5553299	4207	50	4.80548
2	20.8	195290	1713	50	0.115744
1	20.85	5553299	4207	50	4.80548
2	20.85	195290	1713	50	0.115744
1	20.9	5553299	4207	50	4.80548
2	20.9	195290	1713	50	0.115744
1	20.95	5553299	4207	50	4.80548
2	20.95	195290	1713	50	0.115744
1	21	5553299	4207	50	4.80548
2	21	195290	1713	50	0.115744
1	21.05	5553299	4207	50	4.80548
2	21.05	195290	1713	50	0.115744
1	21.1	5553299	4207	50	4.80548
2	21.1	195290	1713	50	0.115744
1	21.15	5553299	4207	50	4.80548
2	21.15	195290	1713	50	0.115744
1	21.2	5553299	4207	50	4.80548
2	21.2	195290	1713	50	0.115744
1	21.25	5553299	4207	50	4.80548
2	21.25	195290	1713	50	0.115744
1	21.3	5553299	4207	50	4.80548
2	21.3	195290	1713	50	0.115744
1	21.35	5553299	4207	50	4.80548
2	21.35	195290	1713	50	0.115744
1	21.4	5553299	4207	50	4.80548
2	21.4	195290	1713	50	0.115744
1	21.45	5553299	4207	50	4.80548
2	21.45	195290	1713	50	0.115744
1	21.5	5553299	4207	50	4.80548
2	21.5	195290	1713	50	0.115744
1	21.55	5553299	4207	50	4.80548
2	21.55	195290	1713	50	0.115744
1	21.6	5553299	4207	50	4.80548
2	21.6	195290	1713	50	0.115744
1	21.65	5553299	4207	50	4.80548
2	21.65	195290	1713	50	0.115744
1	21.7	5553299	4207	50	4.80548
2	21.7	195290	1713	50	0.115744
1	21.75	5553299	4207	50	4.80548
2	21.75	195290	1713	50	0.115744
1	21.8	5553299	4207	50	4.80548
2	21.8	195290	1713	50	0.115744
1	21.85	5553299	4207	50	4.80548
2	21.85	195290	1713	50	0.115744
1	21.9	5553299	4207	50	4.80548
2	21.9	195290	1713	50	0.115744
1	21.95	5553299	4207	50	4.80548
2	21.95	195290	1713	50	0.115744
1	22	5553299	4207	50	4.80548
2	22	195290	1713	50	0.115744
1	22.05	5553299	4207	50	4.80548
2	22.05	195290	1713	50	0.115744
1	22.1	5553299	4207	50	4.80548
2	22.1	195290	1713	50	0.115744
1	22.15	5553299	4207	50	4.80548
2	22.15	195290	1713	50	0.115744
1	22.2	5553299	4207	50	4.80548
2	22.2	195290	1713	50	0.115744
1	22.25	5553299	4207	50	4.80548
2	22.25	195290	1713	50	0.115744
1	22.3	5553299	4207	50	4.80548
2	22.3	195290	1713	50	0.115744
1	22.35	5553299	4207	50	4.80548
2	22.35	195290	1713	50	0.115744
1	22.4	5553299	4207	50	4.80548
2	22.4	195290	1713	50	0.115744
1	22.45	5553299	4207	50	4.80548
2	22.45	195290	1713	50	0.115744
1	22.5	5553299	4207	50	4.80548
2	22.5	195290	1713	50	0.115744
1	22.55	5553299	4207	50	4.80548
2	22.55	195290	1713	50	0.115744
1	22.6	5553299	4207	50	4.80548
2	22.6	195290	1713	50	0.115744
1	22.65	5553299	4207	50	4.80548
2	22.65	195290	1713	50	0.115744
1	22.7	5553299	4207	50	4.80548
2	22.7	195290	1713	50	0.115744
1	22.75	5553299	4207	50	4.80548
2	22.75	195290	1713	50	0.115744
1	22.8	5553299	4207	50	4.80548
2	22.8	195290	1713	50	0.115744
1	22.85	5553299	4207	50	4.80548
2	22.85	195290	1713	50	0.115744
1	22.9	5553299	4207	50	4.80548
2	22.9	195290	1713	50	0.115744
1	22.95	5553299	4207	50	4.80548
2	22.95	195290	1713	50	0.115744
1	23	5553299	4207	50	4.80548
2	23	195290	1713	50	0.115744
1	23.05	5553299	4207	50	4.80548
2	23.05	195290	1713	50	0.115744
1	23.1	5553299	4207	50	4.80548
2	23.1	195290	1713	50	0.115744
1	23.15	5553299	4207	50	4.80548
2	23.15	195290	1713	50	0.115744
1	23.2	5553299	4207	50	4.80548
2	23.2	195290	1713	50	0.115744
1	23.25	5553299	4207	50	4.80548
2	23.25	195290	1713	50	0.115744
1	23.3	5553299	4207	50	4.80548
2	23.3	195290	1713	50	0.115744
1	23.35	5553299	4207	50	4.80548
2	23.35	195290	1713	50	0.115744
1	23.4	5553299	4207	50	4.80548
2	23.4	195290	1713	50	0.115744
1	23.45	5553299	4207	50	4.80548
2	23.45	195290	1713	50	0.115744
1	23.5	5553299	4207	50	4.80548
2	23.5	195290	1713	50	0.115744
1	23.55	5553299	4207	50	4.80548
2	23.55	195290	1713	50	0.115744
1	23.6	5553299	4207	50	4.80548
2	23.6	195290	1713	50	0.115744
1	23.65	5553299	4207	50	4.80548
2	23.65	195290	1713	50	0.115744
1	23.7	5553299	4207	50	4.80548
2	23.7	195290	1713	50	0.115744
1	23.75	5553299	4207	50	4.80548
2	23.75	195290	1713	50	0.115744
1	23.8	5553299	4207	50	4.80548
2	23.8	195290	1713	50	0.115744
1	23.85	5553299	4207	50	4.80548
2	23.85	195290	1713	50	0.115744
1	23.9	5553299	4207	50	4.80548
2	23.9	195290	1713	50	0.115744
1	23.95	5553299	4207	50	4.80548
2	23.95	195290	1713	50	0.115744
1	24	5553299	4207	50	4.80548
2	24	195290	1713	50	0.115744
1	24.05	5553299	4207	50	4.80548
2	24.05	195290	1713	50	0.115744
1	24.1	5553299	4207	50	4.80548
2	24.1	195290	1713	50	0.115744
1	24.15	5553299	4207	50	4.80548
2	24.15	195290	1713	50	0.115744
1	24.2	5553299	4207	50	4.80548
2	24.2	195290	1713	50	0.115744
1	24.25	5553299	4207	50	4.80548
2	24.25	195290	1713	50	0.115744
1	24.3	5553299	4207	50	4.80548
2	24.3	195290	1713	50	0.115744
1	24.35	5553299	4207	50	4.80548
2	24.35	195290	1713	50	0.115744
1	24.4	5553299	4207	50	4.80548
2	24.4	195290	1713	50	0.115744
1	24.45	5553299	4207	50	4.80548
2	24.45	195290	1713	50	0.115744
1	24.5	5553299	4207	50	4.80548
2	24.5	195290	1713	50	0.115744
1	24.55	5553299	4207	50	4.80548
2	24.55	195290	1713	50	0.115744
1	24.6	5553299	4207	50	4.80548
2	24.6	195290	1713	50	0.115744
1	24.65	5553299	4207	50	4.80548
2	24.65	195290	1713	50	0.115744
1	24.7	5553299	4207	50	4.80548
2	24.7	195290	1713	50	0.115744
1	24.75	5553299	4207	50	4.80548
2	24.75	195290	1713	50	0.115744
1	24.8	5553299	4207	50	4.80548
2	24.8	195290	1713	50	0.115744
1	24.85	5553299	4207	50	4.80548
2	24.85	195290	1713	50	0.115744
1	24.9	5553299	4207	50	4.80548
2	24.9	195290	1713	50	0.115744
1	24.95	5553299	4207	50	4.80548
2	24.95	195290	1713	50	0.115744
1	25	5553299	4207	50	4.80548
2	25	195290	1713	50	0.115744
1	25.05	5553299	4207	50	4.80548
2	25.05	195290	1713	50	0.115744
1	25.1	5553299	4207	50	4.80548
2	25.1	195290	1713	50	0.115744
1	25.15	5553299	4207	50	4.80548
2	25.15	195290	1713	50	0.115744
1	25.2	5553299	4207	50	4.80548
2	25.2	195290	1713	50	0.115744
1	25.25	5553299	4207	50	4.80548
2	25.25	195290	1713	50	0.115744
1	25.3	5553299	4207	50	4.80548
2	25.3	195290	1713	50	0.115744
1	25.35	5553299	4207	50	4.80548
2	25.35	195290	1713	50	0.115744
1	25.4	5553299	4207	50	4.80548
2	25.4	195290	1713	50	0.115744
1	25.45	5553299	4207	50	4.80548
2	25.45	195290	1713	50	0.115744
1	25.5	5553299	4207	50	4.80548
2	25.5	195290	1713	50	0.115744
1	25.55	5553299	4207	50	4.80548
2	25.55	195290	1713	50	0.115744
1	25.6	5553299	4207	50	4.80548
2	25.6	195290	1713	50	0.115744
1	25.65	5553299	4207	50	4.80548
2	25.65	195290	1713	50	0.115744
1	25.7	5553299	4207	50	4.80548
2	25.7	195290	1713	50	0.115744
1	25.75	5553299	4207	50	4.80548
2	25.75	195290	1713	50	0.115744
1	25.8	5553299	4207	50	4.80548
2	25.8	195290	1713	50	0.115744
1	25.85	5553299	4207	50	4.80548
2	25.85	195290	1713	50	0.115744
1	25.9	5553299	4207	50	4.80548
2	25.9	195290	1713	50	0.115744
1	25.95	5553299	4207	50	4.80548
2	25.95	195290	1713	50	0.115744
1	26	5553299	4207	50	4.80548
2	26	195290	1713	50	0.115744
1	26.05	5553299	4207	50	4.80548
2	26.05	195290	1713	50	0.115744
1	26.1	5553299	4207	50	4.80548
2	26.1	195290	1713	50	0.115744
1	26.15	5553299	4207	50	4.80548
2	26.15	195290	1713	50	0.115744
1	26.2	5553299	4207	50	4.80548
2	26.2	195290	1713	50	0.115744
1	26.25	5553299	4207	50	4.80548
2	26.25	195290	1713	50	0.115744
1	26.3	5553299	4207	50	4.80548
2	26.3	195290	1713	50	0.115744
1	26.35	5553299	4207	50	4.80548
2	26.35	195290	1713	50	0.115744
1	26.4	5553299	4207	50	4.80548
2	26.4	195290	1713	50	0.115744
1	26.45	5553299	4207	50	4.80548
2	26.45	195290	1713	50	0.115744
1	26.5	5553299	4207	50	4.80548
2	26.5	195290	1713	50	0.115744
1	26.55	5553299	4207	50	4.80548
2	26.55	195290	1713	50	0.115744
1	26.6	5553299	4207	50	4.80548
2	26.6	195290	1713	50	0.115744
1	26.65	5553299	4207	50	4.80548
2	26.65	195290	1713	50	0.115744
1	26.7	5553299	4207	50	4.80548
2	26.7	195290	1713	50	0.115744
1	26.75	5553299	4207	50	4.80548
2	26.75	195290	1713	50	0.115744
1	26.8	5553299	4207	50	4.80548
2	26.8	195290	1713	50	0.115744
1	26.85	5553299	4207	50	4.80548
2	26.85	195290	1713	50	0.115744
1	26.9	5553299	4207	50	4.80548
2	26.9	195290	1713	50	0.115744
1	26.95	5553299	4207	50	4.80548
2	26.95	195290	1713	50	0.115744
1	27	5553299	4207	50	4.80548
2	27	195290	1713	50	0.115744
1	27.05	5553299	4207	50	4.80548
2	27.05	195290	1713	50	0.115744
1	27.1	5553299	4207	50	4.80548
2	27.1	195290	1713	50	0.115744
1	27.15	5553299	4207	50	4.80548
2	27.15	195290	1713	50	0.115744
1	27.2	5553299	4207	50	4.80548
2	27.2	195290	1713	50	0.115744
1	27.25	5553299	4207	50	4.80548
2	27.25	195290	1713	50	0.115744
1	27.3	5553299	4207	50	4.80548
2	27.3	195290	1713	50	0.115744
1	27.35	5553299	4207	50	4.80548
2	27.35	195290	1713	50	0.115744
1	27.4	5553299	4207	50	4.80548
2	27.4	195290	1713	50	0.115744
1	27.45	5553299	4207	50	4.80548
2	27.45	195290	1713	50	0.115744
1	27.5	5553299	4207	50	4.80548
2	27.5	195290	1713	50	0.115744
1	27.55	5553299	4207	50	4.80548
2	27.55	195290	1713	50	0.115744
1	27.6	5553299	4207	50	4.80548
2	27.6	195290	1713	50	0.115744
1	27.65	5553299	4207	50	4.80548
2	27.65	195290	1713	50	0.115744
1	27.7	5553299	4207	50	4.80548
2	27.7	195290	1713	50	0.115744
1	27.75	5553299	4207	50	4.80548
2	27.75	195290	1713	50	0.115744
1	27.8	5553299	4207	50	4.80548
2	27.8	195290	1713	50	0.115744
1	27.85	5553299	4207	50	4.80548
2	27.85	195290	1713	50	0.115744
1	27.9	5553299	4207	50	4.80548
2	27.9	195290	1713	50	0.115744
1	27.95	5553299	4207	50	4.80548
2	27.95	195290	1713	50	0.115744
1	28	5553299	4207	50	4.80548
2	28	195290	1713	50	0.115744
1	28.05	5553299	4207	50	4.80548
2	28.05	195290	1713	50	0.115744
1	28.1	5553299	4207	50	4.80548
2	28.1	195290	1713	50	0.115744
1	28.15	5553299	4207	50	4.80548
2	28.15	195290	1713	50	0.115744
1	28.2	5553299	4207	50	4.80548
2	28.2	195290	1713	50	0.115744
1	28.25	5553299	4207	50	4.80548
2	28.25	195290	1713	50	0.115744
1	28.3	5553299	4207	50	4.80548
2	28.3	195290	1713	50	0.115744
1	28.35	5553299	4207	50	4.80548
2	28.35	195290	1713	50	0.115744
1	28.4	5553299	4207	50	4.80548
2	28.4	195290	1713	50	0.115744
1	28.45	5553299	4207	50	4.80548
2	28.45	195290	1713	50	0.115744
1	28.5	5553299	4207	50	4.80548
2	28.5	195290	1713	50	0.115744
1	28.55	5553299	4207	50	4.80548
2	28.55	195290	1713	50	0.115744
1	28.6	5553299	4207	50	4.80548
2	28.6	195290	1713	50	0.115744
1	28.65	5553299	4207	50	4.80548
2	28.65	195290	1713	50	0.115744
1	28.7	5553299	4207	50	4.80548
2	28.7	195290	1713	50	0.115744
1	28.75	5553299	4207	50	4.80548
2	28.75	195290	1713	50	0.115744
1	28.8	5553299	4207	50	4.80548
2	28.8	195290	1713	50	0.115744
1	28.85	5553299	4207	50	4.80548
2	28.85	195290	1713	50	0.115744
1	28.9	5553299	4207	50	4.80548
2	28.9	195290	1713	50	0.115744
1	28.95	5553299	4207	50	4.80548
2	28.95	195290	1713	50	0.115744
1	29	5553299	4207	50	4.80548
2	29	195290	1713	50	0.115744
1	29.05	5553299	4207	50	4.80548
2	29.05	195290	1713	50	0.115744
1	29.1	5553299	4207	50	4.80548
2	29.1	195290	1713	50	0.115744
1	29.15	5553299	4207	50	4.80548
2	29.15	195290	1713	50	0.115744
1	29.2	5553299	4207	50	4.80548
2	29.2	195290	1713	50	0.115744
1	29.25	5553299	4207	50	4.80548
2	29.25	195290	1713	50	0.115744
1	29.3	5553299	4207	50	4.80548
2	29.3	195290	1713	50	0.115744
1	29.35	5553299	4207	50	4.80548
2	29.35	195290	1713	50	0.115744
1	29.4	5553299	4207	50	4.80548
2	29.4	195290	1713	50	0.115744
1	29.45	5553299	4207	50	4.80548
2	29.45	195290	1713	50	0.115744
1	29.5	5553299	4207	50	4.80548
2	29.5	195290	1713	50	0.115744
1	29.55	5553299	4207	50	4.80548
2	29.55	195290	1713	50	0.115744
1	29.6	5553299	4207	50	4.80548
2	29.6	195290	1713	50	0.115744
1	29.65	5553299	4207	50	4.80548
2	29.65	195290	1713	50	0.115744
1	29.7	5553299	4207	50	4.80548
2	29.7	195290	1713	50	0.115744
1	29.75	5553299	4207	50	4.80548
2	29.75	195290	1713	50	0.115744
1	29.8	5553299	4207	50	4.80548
2	29.8	195290	1713	50	0.115744
1	29.85	5553299	4207	50	4.80548
2	29.85	195290	1713	50	0.115744
1	29.9	5553299	4207	50	4.80548
2	29.9	195290	1713	50	0.115744
1	29.95	5553299	4207	50	4.80548
2	29.95	195290	1713	50	0.115744
