1	1.05	0	0	0	-nan
1	1.1	1260	1	52	-nan
2	1.1	0	0	0	-nan
1	1.15	1260	1	52	-nan
2	1.15	129	2	50	0
1	1.2	9838	7	52	0
2	1.2	129	2	50	0
1	1.25	9838	7	52	0
2	1.25	408	7	50	0
1	1.3	22026	16	54	0
2	1.3	408	7	50	0
1	1.35	22082	17	50	0
2	1.35	739	13	50	0
1	1.4	38775	28	69	0
2	1.4	797	14	50	0
1	1.45	46465	35	60	0
2	1.45	1021	18	50	0
1	1.5	58668	44	62	0
2	1.5	1242	22	50	0
1	1.55	90624	67	88	0
2	1.55	1517	27	50	0
1	1.6	104329	77	56	0
2	1.6	2017	36	50	0
1	1.65	139317	102	79	1.67324
2	1.65	2422	43	50	0
1	1.7	174306	127	102	1.54664
2	1.7	2986	53	50	0
1	1.75	210877	154	101	1.4337
2	1.75	3555	63	50	0
1	1.8	241262	175	125	1.33941
2	1.8	4181	74	50	0
1	1.85	271702	197	150	2.51233
2	1.85	4693	83	50	0
1	1.9	305055	219	178	2.3594
2	1.9	5257	93	50	0
1	1.95	341559	245	204	2.23056
2	1.95	5777	102	50	0
1	2	376600	270	230	2.11363
2	2	6439	113	50	0
1	2.05	413182	296	252	3.00658
2	2.05	7035	123	50	0
1	2.1	437550	313	281	2.8686
2	2.1	7636	133	50	0
1	2.15	471094	337	305	2.7342
2	2.15	8069	140	50	0
1	2.2	504580	360	328	2.61445
2	2.2	8625	148	50	0
1	2.25	538124	384	351	3.3395
2	2.25	9214	156	50	0
1	2.3	571670	408	376	3.20626
2	2.3	9803	164	50	0
1	2.35	608252	434	394	3.08604
2	2.35	10400	172	50	0
1	2.4	644781	459	417	2.96867
2	2.4	11129	181	50	0
1	2.45	679844	484	443	3.58003
2	2.45	11782	189	50	0
1	2.5	711865	507	469	3.45671
2	2.5	12435	197	50	0
1	2.55	743832	529	495	3.34128
2	2.55	13092	205	50	0
1	2.6	780414	555	515	3.23347
2	2.6	13695	212	50	0
1	2.65	813953	579	541	3.75936
2	2.65	14521	221	50	0
1	2.7	849687	615	344	3.64384
2	2.7	15322	229	50	0
1	2.75	881944	642	234	3.53451
2	2.75	16639	241	50	0
1	2.8	918593	669	231	4.006
2	2.8	17809	250	50	0
1	2.85	955198	695	225	3.89496
2	2.85	19014	259	50	0
1	2.9	990329	721	232	3.78847
2	2.9	20220	268	50	0
1	2.95	1016301	740	246	3.69075
2	2.95	21297	276	50	0
1	3	1060879	776	100	4.10761
2	3	22260	283	50	0
1	3.05	1094486	801	97	4.0059
2	3.05	24031	297	50	0
1	3.1	1129563	826	88	3.91018
2	3.1	25140	305	50	0
1	3.15	1166221	853	101	3.81525
2	3.15	26299	314	50	0
1	3.2	1199886	879	100	4.19126
2	3.2	27711	326	50	0
1	3.25	1231969	903	103	4.0991
2	3.25	29068	337	50	0
1	3.3	1264052	927	114	4.00525
2	3.3	30287	347	50	0
1	3.35	1294670	951	119	3.91943
2	3.35	31501	357	50	0
1	3.4	1326753	975	120	4.2624
2	3.4	32720	367	50	0
1	3.45	1358841	999	118	4.17398
2	3.45	33939	377	50	0
1	3.5	1394020	1026	111	4.08839
2	3.5	35158	387	50	0
1	3.55	1429137	1052	106	4.00671
2	3.55	36510	398	50	0
1	3.6	1464321	1079	108	4.31787
2	3.6	37867	409	50	0
1	3.65	1497923	1104	107	4.23559
2	3.65	39224	420	50	0
1	3.7	1528545	1128	111	4.15631
2	3.7	40443	430	50	0
1	3.75	1559105	1151	120	4.07983
2	3.75	41657	440	50	0
1	3.8	1595808	1179	112	4.36925
2	3.8	42876	450	50	0
1	3.85	1632448	1206	106	4.29155
2	3.85	44233	461	50	0
1	3.9	1667632	1233	105	4.21441
2	3.9	45590	472	50	0
1	3.95	1701230	1258	105	4.14309
2	3.95	47002	484	50	0
1	4	1736414	1285	109	4.41066
2	4	48216	494	50	0
1	4.05	1770074	1311	111	4.33891
2	4.05	49573	505	50	0
1	4.1	1805195	1337	109	4.26676
2	4.1	50930	516	50	0
1	4.15	1840375	1364	108	4.51981
2	4.15	52287	527	50	0
1	4.2	1872458	1388	114	4.44803
2	4.2	53644	538	50	0
1	4.25	1904599	1413	118	4.37818
2	4.25	54858	548	50	0
1	4.3	1939725	1439	116	4.31221
2	4.3	55939	557	50	0
1	4.35	1976419	1467	111	4.54909
2	4.35	57434	569	50	0
1	4.4	2008502	1491	112	4.48312
2	4.4	58791	580	50	0
1	4.45	2042167	1517	110	4.41564
2	4.45	60005	590	50	0
1	4.5	2077346	1544	112	4.35078
2	4.5	61362	601	50	0
1	4.55	2110947	1569	113	4.57678
2	4.55	62581	611	50	0
1	4.6	2144609	1595	110	4.51183
2	4.6	63938	622	50	0
1	4.65	2178211	1620	114	4.4487
2	4.65	65295	633	50	0
1	4.7	2210352	1645	116	4.38741
2	4.7	66509	643	50	0
1	4.75	2242435	1669	123	4.59819
2	4.75	67728	653	50	0
1	4.8	2277557	1695	120	4.53787
2	4.8	68947	663	50	0
1	4.85	2314255	1723	114	4.47691
2	4.85	70304	674	50	0
1	4.9	2347920	1749	109	4.41895
2	4.9	71656	685	50	0
1	4.95	2381522	1774	113	4.61904
2	4.95	73013	696	50	0
1	5	2415178	1800	114	4.56013
2	5	74232	706	50	0
1	5.05	2448785	1825	118	4.50277
2	5.05	75589	717	50	0
1	5.1	2483964	1852	115	4.44844
2	5.1	76808	727	50	0
1	5.15	2520667	1880	113	4.63746
2	5.15	78215	739	50	0
1	5.2	2554265	1905	107	4.58213
2	5.2	79710	751	50	0
1	5.25	2587867	1930	114	4.52801
2	5.25	80929	761	50	0
1	5.3	2620008	1955	119	4.47464
2	5.3	82148	771	50	0
1	5.35	2652096	1979	124	4.65522
2	5.35	83505	782	50	0
1	5.4	2684233	2004	128	4.60203
2	5.4	84719	792	50	0
1	5.45	2716316	2028	130	4.55003
2	5.45	85938	802	50	0
1	5.5	2754538	2057	120	4.72147
2	5.5	87157	812	50	0
1	5.55	2791178	2084	113	4.66925
2	5.55	88514	823	50	0
1	5.6	2823315	2109	114	4.61937
2	5.6	90004	835	50	0
1	5.65	2856922	2134	113	4.56808
2	5.65	91223	845	50	0
1	5.7	2893620	2162	116	4.73354
2	5.7	92442	855	50	0
1	5.75	2928804	2189	118	4.68495
2	5.75	93799	866	50	0
1	5.8	2960883	2213	114	4.63541
2	5.8	95294	878	50	0
1	5.85	2992966	2237	119	4.58668
2	5.85	96508	888	50	0
1	5.9	3026626	2263	126	4.74644
2	5.9	97727	898	50	0
1	5.95	3061752	2289	124	4.69681
2	5.95	98946	908	50	0
1	6	3093893	2314	126	4.64906
2	6	100303	919	50	0
1	6.05	3125972	2338	128	4.6022
2	6.05	101517	929	50	0
1	6.1	3158118	2363	131	4.7551
2	6.1	102736	939	50	0
1	6.15	3190201	2387	128	4.70885
2	6.15	104093	950	50	0
1	6.2	3222284	2411	134	4.66356
2	6.2	105312	960	50	0
1	6.25	3254421	2436	133	4.61912
2	6.25	106526	970	50	0
1	6.3	3288023	2461	130	4.76441
2	6.3	107745	980	50	0
1	6.35	3320111	2485	130	4.72028
2	6.35	108964	990	50	0
1	6.4	3352252	2510	130	4.67648
2	6.4	110183	1000	50	0
1	6.45	3385850	2535	128	4.63153
2	6.45	111535	1011	50	0
1	6.5	3416472	2559	133	4.7733
2	6.5	112754	1021	50	0
1	6.55	3446978	2581	135	4.73057
2	6.55	113973	1031	50	0
1	6.6	3483739	2610	131	4.68721
2	6.6	114994	1039	50	0
1	6.65	3520376	2637	119	4.64496
2	6.65	116544	1052	50	0
1	6.7	3552521	2662	124	4.78223
2	6.7	117901	1063	50	0
1	6.75	3586123	2687	122	4.73943
2	6.75	119120	1073	50	0
1	6.8	3618206	2711	127	4.6992
2	6.8	120477	1084	50	0
1	6.85	3651871	2737	133	4.65772
2	6.85	121691	1094	50	0
1	6.9	3688565	2765	123	4.78823
2	6.9	122910	1104	50	0
1	6.95	3723686	2791	118	4.74889
2	6.95	124267	1115	50	0
1	7	3755832	2816	120	4.70835
2	7	125624	1126	50	0
1	7.05	3786396	2839	129	4.67021
2	7.05	126981	1137	50	0
1	7.1	3821571	2866	132	4.79578
2	7.1	128057	1146	50	0
1	7.15	3855178	2891	130	4.75727
2	7.15	129414	1157	50	0
1	7.2	3888780	2916	130	4.71764
2	7.2	130771	1168	50	0
1	7.25	3920921	2941	130	4.68028
2	7.25	131990	1178	50	0.162736
1	7.3	3954519	2966	134	4.80226
2	7.3	133204	1188	50	0.161509
1	7.35	3986665	2991	130	4.76517
2	7.35	134561	1199	50	0.160073
1	7.4	4020267	3016	135	4.72689
2	7.4	135780	1209	50	0.158896
1	7.45	4053927	3042	130	4.68916
2	7.45	136999	1219	50	0.157676
1	7.5	4086006	3066	134	4.80791
2	7.5	138351	1230	50	0.15636
1	7.55	4118094	3090	135	4.77087
2	7.55	139570	1240	50	0.15515
1	7.6	4150235	3115	136	4.73469
2	7.6	140789	1250	50	0.153953
1	7.65	4182318	3139	137	4.69913
2	7.65	142008	1260	50	0.152839
1	7.7	4217502	3166	132	4.814
2	7.7	143222	1270	50	0.151691
1	7.75	4252619	3192	132	4.77803
2	7.75	144579	1281	50	0.150486
1	7.8	4286279	3218	127	4.74335
2	7.8	145936	1292	50	0.149359
1	7.85	4321405	3244	124	4.70766
2	7.85	147293	1303	50	0.148227
1	7.9	4352027	3268	131	4.81998
2	7.9	148512	1313	50	0.147208
1	7.95	4382587	3291	139	4.78554
2	7.95	149726	1323	50	0.146111
1	8	4416189	3316	136	4.75054
2	8	150945	1333	50	0.145015
1	8.05	4449854	3342	142	4.71617
2	8.05	152164	1343	50	0.144047
1	8.1	4481937	3366	139	4.82534
2	8.1	153521	1354	50	0.142913
1	8.15	4515535	3391	135	4.79054
2	8.15	154735	1364	50	0.141966
1	8.2	4547676	3416	135	4.75788
2	8.2	155954	1374	50	0.140987
1	8.25	4581283	3441	137	4.72423
2	8.25	157311	1385	50	0.139936
1	8.3	4617981	3469	135	4.82908
2	8.3	158530	1395	50	0.13899
1	8.35	4653161	3496	130	4.79702
2	8.35	159882	1406	50	0.138051
1	8.4	4686763	3521	124	4.7641
2	8.4	161239	1417	50	0.137095
1	8.45	4720423	3547	130	4.86667
2	8.45	162596	1428	50	0.136115
1	8.5	4755549	3573	129	4.83456
2	8.5	163815	1438	50	0.135268
1	8.55	4792243	3601	130	4.80156
2	8.55	165172	1449	50	0.134329
1	8.6	4827427	3628	126	4.77071
2	8.6	166524	1460	50	0.13345
1	8.65	4864125	3656	125	4.87065
2	8.65	167881	1471	50	0.132593
1	8.7	4896208	3680	130	4.83894
2	8.7	169431	1484	50	0.131637
1	8.75	4928287	3704	135	4.80752
2	8.75	170650	1494	50	0.13078
1	8.8	4961952	3730	137	4.77638
2	8.8	171869	1504	50	0.12993
1	8.85	4995554	3755	142	4.87403
2	8.85	173083	1514	50	0.129092
1	8.9	5030738	3782	138	4.8426
2	8.9	174440	1525	50	0.128261
1	8.95	5065857	3808	132	4.81166
2	8.95	175797	1536	50	0.127435
1	9	5101034	3835	130	4.78123
2	9	177016	1546	50	0.126691
1	9.05	5134699	3861	131	4.87757
2	9.05	178368	1557	50	0.125889
1	9.1	5171397	3889	126	4.84625
2	9.1	179725	1568	50	0.125065
1	9.15	5206521	3915	131	4.8167
2	9.15	181082	1579	50	0.124295
1	9.2	5241698	3942	129	4.7867
2	9.2	182439	1590	50	0.123536
1	9.25	5275300	3967	128	4.88037
2	9.25	183796	1601	50	0.122767
1	9.3	5310484	3994	134	4.85043
2	9.3	185010	1611	50	0.122073
1	9.35	5345662	4021	134	4.8209
2	9.35	186422	1623	50	0.121261
1	9.4	5380785	4047	133	4.91225
2	9.4	187779	1634	50	0.120552
1	9.45	5415964	4074	131	4.88345
2	9.45	189136	1645	50	0.11984
1	9.5	5449566	4099	130	4.85357
2	9.5	190493	1656	50	0.119137
1	9.55	5481712	4124	136	4.82508
2	9.55	191707	1666	50	0.118444
1	9.6	5516829	4150	134	4.91449
2	9.6	193064	1677	50	0.117683
1	9.65	5551546	4183	53	4.88704
2	9.65	194283	1687	50	0.117068
1	9.7	5551778	4187	50	4.85984
2	9.7	195916	1700	50	0.116359
1	9.75	5552192	4193	50	4.83072
2	9.75	196610	1705	50	0.115717
1	9.8	5552622	4198	50	4.80438
2	9.8	197400	1711	50	0.115017
1	9.85	5553138	4204	50	4.77565
2	9.85	197400	1711	50	0.115017
1	9.9	5553138	4204	50	4.77565
2	9.9	197400	1711	50	0.115017
1	9.95	5553138	4204	50	4.77565
2	9.95	197400	1711	50	0.115017
1	10	5553138	4204	50	4.77565
2	10	197400	1711	50	0.115017
1	10.05	5553138	4204	50	4.77565
2	10.05	197400	1711	50	0.115017
1	10.1	5553138	4204	50	4.77565
2	10.1	197400	1711	50	0.115017
1	10.15	5553138	4204	50	4.77565
2	10.15	197400	1711	50	0.115017
1	10.2	5553138	4204	50	4.77565
2	10.2	197400	1711	50	0.115017
1	10.25	5553138	4204	50	4.77565
2	10.25	197400	1711	50	0.115017
1	10.3	5553138	4204	50	4.77565
2	10.3	197400	1711	50	0.115017
1	10.35	5553138	4204	50	4.77565
2	10.35	197400	1711	50	0.115017
1	10.4	5553138	4204	50	4.77565
2	10.4	197400	1711	50	0.115017
1	10.45	5553138	4204	50	4.77565
2	10.45	197400	1711	50	0.115017
1	10.5	5553138	4204	50	4.77565
2	10.5	197400	1711	50	0.115017
1	10.55	5553138	4204	50	4.77565
2	10.55	197400	1711	50	0.115017
1	10.6	5553138	4204	50	4.77565
2	10.6	197400	1711	50	0.115017
1	10.65	5553138	4204	50	4.77565
2	10.65	197400	1711	50	0.115017
1	10.7	5553138	4204	50	4.77565
2	10.7	197400	1711	50	0.115017
1	10.75	5553138	4204	50	4.77565
2	10.75	197400	1711	50	0.115017
1	10.8	5553138	4204	50	4.77565
2	10.8	197400	1711	50	0.115017
1	10.85	5553138	4204	50	4.77565
2	10.85	197400	1711	50	0.115017
1	10.9	5553138	4204	50	4.77565
2	10.9	197400	1711	50	0.115017
1	10.95	5553138	4204	50	4.77565
2	10.95	197400	1711	50	0.115017
1	11	5553138	4204	50	4.77565
2	11	197400	1711	50	0.115017
1	11.05	5553138	4204	50	4.77565
2	11.05	197400	1711	50	0.115017
1	11.1	5553138	4204	50	4.77565
2	11.1	197400	1711	50	0.115017
1	11.15	5553138	4204	50	4.77565
2	11.15	197400	1711	50	0.115017
1	11.2	5553138	4204	50	4.77565
2	11.2	197400	1711	50	0.115017
1	11.25	5553138	4204	50	4.77565
2	11.25	197400	1711	50	0.115017
1	11.3	5553138	4204	50	4.77565
2	11.3	197400	1711	50	0.115017
1	11.35	5553138	4204	50	4.77565
2	11.35	197400	1711	50	0.115017
1	11.4	5553138	4204	50	4.77565
2	11.4	197400	1711	50	0.115017
1	11.45	5553138	4204	50	4.77565
2	11.45	197400	1711	50	0.115017
1	11.5	5553138	4204	50	4.77565
2	11.5	197400	1711	50	0.115017
1	11.55	5553138	4204	50	4.77565
2	11.55	197400	1711	50	0.115017
1	11.6	5553138	4204	50	4.77565
2	11.6	197400	1711	50	0.115017
1	11.65	5553138	4204	50	4.77565
2	11.65	197400	1711	50	0.115017
1	11.7	5553138	4204	50	4.77565
2	11.7	197400	1711	50	0.115017
1	11.75	5553138	4204	50	4.77565
2	11.75	197400	1711	50	0.115017
1	11.8	5553138	4204	50	4.77565
2	11.8	197400	1711	50	0.115017
1	11.85	5553138	4204	50	4.77565
2	11.85	197400	1711	50	0.115017
1	11.9	5553138	4204	50	4.77565
2	11.9	197400	1711	50	0.115017
1	11.95	5553138	4204	50	4.77565
2	11.95	197400	1711	50	0.115017
1	12	5553138	4204	50	4.77565
2	12	197400	1711	50	0.115017
1	12.05	5553138	4204	50	4.77565
2	12.05	197400	1711	50	0.115017
1	12.1	5553138	4204	50	4.77565
2	12.1	197400	1711	50	0.115017
1	12.15	5553138	4204	50	4.77565
2	12.15	197400	1711	50	0.115017
1	12.2	5553138	4204	50	4.77565
2	12.2	197400	1711	50	0.115017
1	12.25	5553138	4204	50	4.77565
2	12.25	197400	1711	50	0.115017
1	12.3	5553138	4204	50	4.77565
2	12.3	197400	1711	50	0.115017
1	12.35	5553138	4204	50	4.77565
2	12.35	197400	1711	50	0.115017
1	12.4	5553138	4204	50	4.77565
2	12.4	197400	1711	50	0.115017
1	12.45	5553138	4204	50	4.77565
2	12.45	197400	1711	50	0.115017
1	12.5	5553138	4204	50	4.77565
2	12.5	197400	1711	50	0.115017
1	12.55	5553138	4204	50	4.77565
2	12.55	197400	1711	50	0.115017
1	12.6	5553138	4204	50	4.77565
2	12.6	197400	1711	50	0.115017
1	12.65	5553138	4204	50	4.77565
2	12.65	197400	1711	50	0.115017
1	12.7	5553138	4204	50	4.77565
2	12.7	197400	1711	50	0.115017
1	12.75	5553138	4204	50	4.77565
2	12.75	197400	1711	50	0.115017
1	12.8	5553138	4204	50	4.77565
2	12.8	197400	1711	50	0.115017
1	12.85	5553138	4204	50	4.77565
2	12.85	197400	1711	50	0.115017
1	12.9	5553138	4204	50	4.77565
2	12.9	197400	1711	50	0.115017
1	12.95	5553138	4204	50	4.77565
2	12.95	197400	1711	50	0.115017
1	13	5553138	4204	50	4.77565
2	13	197400	1711	50	0.115017
1	13.05	5553138	4204	50	4.77565
2	13.05	197400	1711	50	0.115017
1	13.1	5553138	4204	50	4.77565
2	13.1	197400	1711	50	0.115017
1	13.15	5553138	4204	50	4.77565
2	13.15	197400	1711	50	0.115017
1	13.2	5553138	4204	50	4.77565
2	13.2	197400	1711	50	0.115017
1	13.25	5553138	4204	50	4.77565
2	13.25	197400	1711	50	0.115017
1	13.3	5553138	4204	50	4.77565
2	13.3	197400	1711	50	0.115017
1	13.35	5553138	4204	50	4.77565
2	13.35	197400	1711	50	0.115017
1	13.4	5553138	4204	50	4.77565
2	13.4	197400	1711	50	0.115017
1	13.45	5553138	4204	50	4.77565
2	13.45	197400	1711	50	0.115017
1	13.5	5553138	4204	50	4.77565
2	13.5	197400	1711	50	0.115017
1	13.55	5553138	4204	50	4.77565
2	13.55	197400	1711	50	0.115017
1	13.6	5553138	4204	50	4.77565
2	13.6	197400	1711	50	0.115017
1	13.65	5553138	4204	50	4.77565
2	13.65	197400	1711	50	0.115017
1	13.7	5553138	4204	50	4.77565
2	13.7	197400	1711	50	0.115017
1	13.75	5553138	4204	50	4.77565
2	13.75	197400	1711	50	0.115017
1	13.8	5553138	4204	50	4.77565
2	13.8	197400	1711	50	0.115017
1	13.85	5553138	4204	50	4.77565
2	13.85	197400	1711	50	0.115017
1	13.9	5553138	4204	50	4.77565
2	13.9	197400	1711	50	0.115017
1	13.95	5553138	4204	50	4.77565
2	13.95	197400	1711	50	0.115017
1	14	5553138	4204	50	4.77565
2	14	197400	1711	50	0.115017
1	14.05	5553138	4204	50	4.77565
2	14.05	197400	1711	50	0.115017
1	14.1	5553138	4204	50	4.77565
2	14.1	197400	1711	50	0.115017
1	14.15	5553138	4204	50	4.77565
2	14.15	197400	1711	50	0.115017
1	14.2	5553138	4204	50	4.77565
2	14.2	197400	1711	50	0.115017
1	14.25	5553138	4204	50	4.77565
2	14.25	197400	1711	50	0.115017
1	14.3	5553138	4204	50	4.77565
2	14.3	197400	1711	50	0.115017
1	14.35	5553138	4204	50	4.77565
2	14.35	197400	1711	50	0.115017
1	14.4	5553138	4204	50	4.77565
2	14.4	197400	1711	50	0.115017
1	14.45	5553138	4204	50	4.77565
2	14.45	197400	1711	50	0.115017
1	14.5	5553138	4204	50	4.77565
2	14.5	197400	1711	50	0.115017
1	14.55	5553138	4204	50	4.77565
2	14.55	197400	1711	50	0.115017
1	14.6	5553138	4204	50	4.77565
2	14.6	197400	1711	50	0.115017
1	14.65	5553138	4204	50	4.77565
2	14.65	197400	1711	50	0.115017
1	14.7	5553138	4204	50	4.77565
2	14.7	197400	1711	50	0.115017
1	14.75	5553138	4204	50	4.77565
2	14.75	197400	1711	50	0.115017
1	14.8	5553138	4204	50	4.77565
2	14.8	197400	1711	50	0.115017
1	14.85	5553138	4204	50	4.77565
2	14.85	197400	1711	50	0.115017
1	14.9	5553138	4204	50	4.77565
2	14.9	197400	1711	50	0.115017
1	14.95	5553138	4204	50	4.77565
2	14.95	197400	1711	50	0.115017
1	15	5553138	4204	50	4.77565
2	15	197400	1711	50	0.115017
1	15.05	5553138	4204	50	4.77565
2	15.05	197400	1711	50	0.115017
1	15.1	5553138	4204	50	4.77565
2	15.1	197400	1711	50	0.115017
1	15.15	5553138	4204	50	4.77565
2	15.15	197400	1711	50	0.115017
1	15.2	5553138	4204	50	4.77565
2	15.2	197400	1711	50	0.115017
1	15.25	5553138	4204	50	4.77565
2	15.25	197400	1711	50	0.115017
1	15.3	5553138	4204	50	4.77565
2	15.3	197400	1711	50	0.115017
1	15.35	5553138	4204	50	4.77565
2	15.35	197400	1711	50	0.115017
1	15.4	5553138	4204	50	4.77565
2	15.4	197400	1711	50	0.115017
1	15.45	5553138	4204	50	4.77565
2	15.45	197400	1711	50	0.115017
1	15.5	5553138	4204	50	4.77565
2	15.5	197400	1711	50	0.115017
1	15.55	5553138	4204	50	4.77565
2	15.55	197400	1711	50	0.115017
1	15.6	5553138	4204	50	4.77565
2	15.6	197400	1711	50	0.115017
1	15.65	5553138	4204	50	4.77565
2	15.65	197400	1711	50	0.115017
1	15.7	5553138	4204	50	4.77565
2	15.7	197400	1711	50	0.115017
1	15.75	5553138	4204	50	4.77565
2	15.75	197400	1711	50	0.115017
1	15.8	5553138	4204	50	4.77565
2	15.8	197400	1711	50	0.115017
1	15.85	5553138	4204	50	4.77565
2	15.85	197400	1711	50	0.115017
1	15.9	5553138	4204	50	4.77565
2	15.9	197400	1711	50	0.115017
1	15.95	5553138	4204	50	4.77565
2	15.95	197400	1711	50	0.115017
1	16	5553138	4204	50	4.77565
2	16	197400	1711	50	0.115017
1	16.05	5553138	4204	50	4.77565
2	16.05	197400	1711	50	0.115017
1	16.1	5553138	4204	50	4.77565
2	16.1	197400	1711	50	0.115017
1	16.15	5553138	4204	50	4.77565
2	16.15	197400	1711	50	0.115017
1	16.2	5553138	4204	50	4.77565
2	16.2	197400	1711	50	0.115017
1	16.25	5553138	4204	50	4.77565
2	16.25	197400	1711	50	0.115017
1	16.3	5553138	4204	50	4.77565
2	16.3	197400	1711	50	0.115017
1	16.35	5553138	4204	50	4.77565
2	16.35	197400	1711	50	0.115017
1	16.4	5553138	4204	50	4.77565
2	16.4	197400	1711	50	0.115017
1	16.45	5553138	4204	50	4.77565
2	16.45	197400	1711	50	0.115017
1	16.5	5553138	4204	50	4.77565
2	16.5	197400	1711	50	0.115017
1	16.55	5553138	4204	50	4.77565
2	16.55	197400	1711	50	0.115017
1	16.6	5553138	4204	50	4.77565
2	16.6	197400	1711	50	0.115017
1	16.65	5553138	4204	50	4.77565
2	16.65	197400	1711	50	0.115017
1	16.7	5553138	4204	50	4.77565
2	16.7	197400	1711	50	0.115017
1	16.75	5553138	4204	50	4.77565
2	16.75	197400	1711	50	0.115017
1	16.8	5553138	4204	50	4.77565
2	16.8	197400	1711	50	0.115017
1	16.85	5553138	4204	50	4.77565
2	16.85	197400	1711	50	0.115017
1	16.9	5553138	4204	50	4.77565
2	16.9	197400	1711	50	0.115017
1	16.95	5553138	4204	50	4.77565
2	16.95	197400	1711	50	0.115017
1	17	5553138	4204	50	4.77565
2	17	197400	1711	50	0.115017
1	17.05	5553138	4204	50	4.77565
2	17.05	197400	1711	50	0.115017
1	17.1	5553138	4204	50	4.77565
2	17.1	197400	1711	50	0.115017
1	17.15	5553138	4204	50	4.77565
2	17.15	197400	1711	50	0.115017
1	17.2	5553138	4204	50	4.77565
2	17.2	197400	1711	50	0.115017
1	17.25	5553138	4204	50	4.77565
2	17.25	197400	1711	50	0.115017
1	17.3	5553138	4204	50	4.77565
2	17.3	197400	1711	50	0.115017
1	17.35	5553138	4204	50	4.77565
2	17.35	197400	1711	50	0.115017
1	17.4	5553138	4204	50	4.77565
2	17.4	197400	1711	50	0.115017
1	17.45	5553138	4204	50	4.77565
2	17.45	197400	1711	50	0.115017
1	17.5	5553138	4204	50	4.77565
2	17.5	197400	1711	50	0.115017
1	17.55	5553138	4204	50	4.77565
2	17.55	197400	1711	50	0.115017
1	17.6	5553138	4204	50	4.77565
2	17.6	197400	1711	50	0.115017
1	17.65	5553138	4204	50	4.77565
2	17.65	197400	1711	50	0.115017
1	17.7	5553138	4204	50	4.77565
2	17.7	197400	1711	50	0.115017
1	17.75	5553138	4204	50	4.77565
2	17.75	197400	1711	50	0.115017
1	17.8	5553138	4204	50	4.77565
2	17.8	197400	1711	50	0.115017
1	17.85	5553138	4204	50	4.77565
2	17.85	197400	1711	50	0.115017
1	17.9	5553138	4204	50	4.77565
2	17.9	197400	1711	50	0.115017
1	17.95	5553138	4204	50	4.77565
2	17.95	197400	1711	50	0.115017
1	18	5553138	4204	50	4.77565
2	18	197400	1711	50	0.115017
1	18.05	5553138	4204	50	4.77565
2	18.05	197400	1711	50	0.115017
1	18.1	5553138	4204	50	4.77565
2	18.1	197400	1711	50	0.115017
1	18.15	5553138	4204	50	4.77565
2	18.15	197400	1711	50	0.115017
1	18.2	5553138	4204	50	4.77565
2	18.2	197400	1711	50	0.115017
1	18.25	5553138	4204	50	4.77565
2	18.25	197400	1711	50	0.115017
1	18.3	5553138	4204	50	4.77565
2	18.3	197400	1711	50	0.115017
1	18.35	5553138	4204	50	4.77565
2	18.35	197400	1711	50	0.115017
1	18.4	5553138	4204	50	4.77565
2	18.4	197400	1711	50	0.115017
1	18.45	5553138	4204	50	4.77565
2	18.45	197400	1711	50	0.115017
1	18.5	5553138	4204	50	4.77565
2	18.5	197400	1711	50	0.115017
1	18.55	5553138	4204	50	4.77565
2	18.55	197400	1711	50	0.115017
1	18.6	5553138	4204	50	4.77565
2	18.6	197400	1711	50	0.115017
1	18.65	5553138	4204	50	4.77565
2	18.65	197400	1711	50	0.115017
1	18.7	5553138	4204	50	4.77565
2	18.7	197400	1711	50	0.115017
1	18.75	5553138	4204	50	4.77565
2	18.75	197400	1711	50	0.115017
1	18.8	5553138	4204	50	4.77565
2	18.8	197400	1711	50	0.115017
1	18.85	5553138	4204	50	4.77565
2	18.85	197400	1711	50	0.115017
1	18.9	5553138	4204	50	4.77565
2	18.9	197400	1711	50	0.115017
1	18.95	5553138	4204	50	4.77565
2	18.95	197400	1711	50	0.115017
1	19	5553138	4204	50	4.77565
2	19	197400	1711	50	0.115017
1	19.05	5553138	4204	50	4.77565
2	19.05	197400	1711	50	0.115017
1	19.1	5553138	4204	50	4.77565
2	19.1	197400	1711	50	0.115017
1	19.15	5553138	4204	50	4.77565
2	19.15	197400	1711	50	0.115017
1	19.2	5553138	4204	50	4.77565
2	19.2	197400	1711	50	0.115017
1	19.25	5553138	4204	50	4.77565
2	19.25	197400	1711	50	0.115017
1	19.3	5553138	4204	50	4.77565
2	19.3	197400	1711	50	0.115017
1	19.35	5553138	4204	50	4.77565
2	19.35	197400	1711	50	0.115017
1	19.4	5553138	4204	50	4.77565
2	19.4	197400	1711	50	0.115017
1	19.45	5553138	4204	50	4.77565
2	19.45	197400	1711	50	0.115017
1	19.5	5553138	4204	50	4.77565
2	19.5	197400	1711	50	0.115017
1	19.55	5553138	4204	50	4.77565
2	19.55	197400	1711	50	0.115017
1	19.6	5553138	4204	50	4.77565
2	19.6	197400	1711	50	0.115017
1	19.65	5553138	4204	50	4.77565
2	19.65	197400	1711	50	0.115017
1	19.7	5553138	4204	50	4.77565
2	19.7	197400	1711	50	0.115017
1	19.75	5553138	4204	50	4.77565
2	19.75	197400	1711	50	0.115017
1	19.8	5553138	4204	50	4.77565
2	19.8	197400	1711	50	0.115017
1	19.85	5553138	4204	50	4.77565
2	19.85	197400	1711	50	0.115017
1	19.9	5553138	4204	50	4.77565
2	19.9	197400	1711	50	0.115017
1	19.95	5553138	4204	50	4.77565
2	19.95	197400	1711	50	0.115017
1	20	5553138	4204	50	4.77565
2	20	197400	1711	50	0.115017
1	20.05	5553138	4204	50	4.77565
2	20.05	197400	1711	50	0.115017
1	20.1	5553138	4204	50	4.77565
2	20.1	197400	1711	50	0.115017
1	20.15	5553138	4204	50	4.77565
2	20.15	197400	1711	50	0.115017
1	20.2	5553138	4204	50	4.77565
2	20.2	197400	1711	50	0.115017
1	20.25	5553138	4204	50	4.77565
2	20.25	197400	1711	50	0.115017
1	20.3	5553138	4204	50	4.77565
2	20.3	197400	1711	50	0.115017
1	20.35	5553138	4204	50	4.77565
2	20.35	197400	1711	50	0.115017
1	20.4	5553138	4204	50	4.77565
2	20.4	197400	1711	50	0.115017
1	20.45	5553138	4204	50	4.77565
2	20.45	197400	1711	50	0.115017
1	20.5	5553138	4204	50	4.77565
2	20.5	197400	1711	50	0.115017
1	20.55	5553138	4204	50	4.77565
2	20.55	197400	1711	50	0.115017
1	20.6	5553138	4204	50	4.77565
2	20.6	197400	1711	50	0.115017
1	20.65	5553138	4204	50	4.77565
2	20.65	197400	1711	50	0.115017
1	20.7	5553138	4204	50	4.77565
2	20.7	197400	1711	50	0.115017
1	20.75	5553138	4204	50	4.77565
2	20.75	197400	1711	50	0.115017
1	20.8	5553138	4204	50	4.77565
2	20.8	197400	1711	50	0.115017
1	20.85	5553138	4204	50	4.77565
2	20.85	197400	1711	50	0.115017
1	20.9	5553138	4204	50	4.77565
2	20.9	197400	1711	50	0.115017
1	20.95	5553138	4204	50	4.77565
2	20.95	197400	1711	50	0.115017
1	21	5553138	4204	50	4.77565
2	21	197400	1711	50	0.115017
1	21.05	5553138	4204	50	4.77565
2	21.05	197400	1711	50	0.115017
1	21.1	5553138	4204	50	4.77565
2	21.1	197400	1711	50	0.115017
1	21.15	5553138	4204	50	4.77565
2	21.15	197400	1711	50	0.115017
1	21.2	5553138	4204	50	4.77565
2	21.2	197400	1711	50	0.115017
1	21.25	5553138	4204	50	4.77565
2	21.25	197400	1711	50	0.115017
1	21.3	5553138	4204	50	4.77565
2	21.3	197400	1711	50	0.115017
1	21.35	5553138	4204	50	4.77565
2	21.35	197400	1711	50	0.115017
1	21.4	5553138	4204	50	4.77565
2	21.4	197400	1711	50	0.115017
1	21.45	5553138	4204	50	4.77565
2	21.45	197400	1711	50	0.115017
1	21.5	5553138	4204	50	4.77565
2	21.5	197400	1711	50	0.115017
1	21.55	5553138	4204	50	4.77565
2	21.55	197400	1711	50	0.115017
1	21.6	5553138	4204	50	4.77565
2	21.6	197400	1711	50	0.115017
1	21.65	5553138	4204	50	4.77565
2	21.65	197400	1711	50	0.115017
1	21.7	5553138	4204	50	4.77565
2	21.7	197400	1711	50	0.115017
1	21.75	5553138	4204	50	4.77565
2	21.75	197400	1711	50	0.115017
1	21.8	5553138	4204	50	4.77565
2	21.8	197400	1711	50	0.115017
1	21.85	5553138	4204	50	4.77565
2	21.85	197400	1711	50	0.115017
1	21.9	5553138	4204	50	4.77565
2	21.9	197400	1711	50	0.115017
1	21.95	5553138	4204	50	4.77565
2	21.95	197400	1711	50	0.115017
1	22	5553138	4204	50	4.77565
2	22	197400	1711	50	0.115017
1	22.05	5553138	4204	50	4.77565
2	22.05	197400	1711	50	0.115017
1	22.1	5553138	4204	50	4.77565
2	22.1	197400	1711	50	0.115017
1	22.15	5553138	4204	50	4.77565
2	22.15	197400	1711	50	0.115017
1	22.2	5553138	4204	50	4.77565
2	22.2	197400	1711	50	0.115017
1	22.25	5553138	4204	50	4.77565
2	22.25	197400	1711	50	0.115017
1	22.3	5553138	4204	50	4.77565
2	22.3	197400	1711	50	0.115017
1	22.35	5553138	4204	50	4.77565
2	22.35	197400	1711	50	0.115017
1	22.4	5553138	4204	50	4.77565
2	22.4	197400	1711	50	0.115017
1	22.45	5553138	4204	50	4.77565
2	22.45	197400	1711	50	0.115017
1	22.5	5553138	4204	50	4.77565
2	22.5	197400	1711	50	0.115017
1	22.55	5553138	4204	50	4.77565
2	22.55	197400	1711	50	0.115017
1	22.6	5553138	4204	50	4.77565
2	22.6	197400	1711	50	0.115017
1	22.65	5553138	4204	50	4.77565
2	22.65	197400	1711	50	0.115017
1	22.7	5553138	4204	50	4.77565
2	22.7	197400	1711	50	0.115017
1	22.75	5553138	4204	50	4.77565
2	22.75	197400	1711	50	0.115017
1	22.8	5553138	4204	50	4.77565
2	22.8	197400	1711	50	0.115017
1	22.85	5553138	4204	50	4.77565
2	22.85	197400	1711	50	0.115017
1	22.9	5553138	4204	50	4.77565
2	22.9	197400	1711	50	0.115017
1	22.95	5553138	4204	50	4.77565
2	22.95	197400	1711	50	0.115017
1	23	5553138	4204	50	4.77565
2	23	197400	1711	50	0.115017
1	23.05	5553138	4204	50	4.77565
2	23.05	197400	1711	50	0.115017
1	23.1	5553138	4204	50	4.77565
2	23.1	197400	1711	50	0.115017
1	23.15	5553138	4204	50	4.77565
2	23.15	197400	1711	50	0.115017
1	23.2	5553138	4204	50	4.77565
2	23.2	197400	1711	50	0.115017
1	23.25	5553138	4204	50	4.77565
2	23.25	197400	1711	50	0.115017
1	23.3	5553138	4204	50	4.77565
2	23.3	197400	1711	50	0.115017
1	23.35	5553138	4204	50	4.77565
2	23.35	197400	1711	50	0.115017
1	23.4	5553138	4204	50	4.77565
2	23.4	197400	1711	50	0.115017
1	23.45	5553138	4204	50	4.77565
2	23.45	197400	1711	50	0.115017
1	23.5	5553138	4204	50	4.77565
2	23.5	197400	1711	50	0.115017
1	23.55	5553138	4204	50	4.77565
2	23.55	197400	1711	50	0.115017
1	23.6	5553138	4204	50	4.77565
2	23.6	197400	1711	50	0.115017
1	23.65	5553138	4204	50	4.77565
2	23.65	197400	1711	50	0.115017
1	23.7	5553138	4204	50	4.77565
2	23.7	197400	1711	50	0.115017
1	23.75	5553138	4204	50	4.77565
2	23.75	197400	1711	50	0.115017
1	23.8	5553138	4204	50	4.77565
2	23.8	197400	1711	50	0.115017
1	23.85	5553138	4204	50	4.77565
2	23.85	197400	1711	50	0.115017
1	23.9	5553138	4204	50	4.77565
2	23.9	197400	1711	50	0.115017
1	23.95	5553138	4204	50	4.77565
2	23.95	197400	1711	50	0.115017
1	24	5553138	4204	50	4.77565
2	24	197400	1711	50	0.115017
1	24.05	5553138	4204	50	4.77565
2	24.05	197400	1711	50	0.115017
1	24.1	5553138	4204	50	4.77565
2	24.1	197400	1711	50	0.115017
1	24.15	5553138	4204	50	4.77565
2	24.15	197400	1711	50	0.115017
1	24.2	5553138	4204	50	4.77565
2	24.2	197400	1711	50	0.115017
1	24.25	5553138	4204	50	4.77565
2	24.25	197400	1711	50	0.115017
1	24.3	5553138	4204	50	4.77565
2	24.3	197400	1711	50	0.115017
1	24.35	5553138	4204	50	4.77565
2	24.35	197400	1711	50	0.115017
1	24.4	5553138	4204	50	4.77565
2	24.4	197400	1711	50	0.115017
1	24.45	5553138	4204	50	4.77565
2	24.45	197400	1711	50	0.115017
1	24.5	5553138	4204	50	4.77565
2	24.5	197400	1711	50	0.115017
1	24.55	5553138	4204	50	4.77565
2	24.55	197400	1711	50	0.115017
1	24.6	5553138	4204	50	4.77565
2	24.6	197400	1711	50	0.115017
1	24.65	5553138	4204	50	4.77565
2	24.65	197400	1711	50	0.115017
1	24.7	5553138	4204	50	4.77565
2	24.7	197400	1711	50	0.115017
1	24.75	5553138	4204	50	4.77565
2	24.75	197400	1711	50	0.115017
1	24.8	5553138	4204	50	4.77565
2	24.8	197400	1711	50	0.115017
1	24.85	5553138	4204	50	4.77565
2	24.85	197400	1711	50	0.115017
1	24.9	5553138	4204	50	4.77565
2	24.9	197400	1711	50	0.115017
1	24.95	5553138	4204	50	4.77565
2	24.95	197400	1711	50	0.115017
1	25	5553138	4204	50	4.77565
2	25	197400	1711	50	0.115017
1	25.05	5553138	4204	50	4.77565
2	25.05	197400	1711	50	0.115017
1	25.1	5553138	4204	50	4.77565
2	25.1	197400	1711	50	0.115017
1	25.15	5553138	4204	50	4.77565
2	25.15	197400	1711	50	0.115017
1	25.2	5553138	4204	50	4.77565
2	25.2	197400	1711	50	0.115017
1	25.25	5553138	4204	50	4.77565
2	25.25	197400	1711	50	0.115017
1	25.3	5553138	4204	50	4.77565
2	25.3	197400	1711	50	0.115017
1	25.35	5553138	4204	50	4.77565
2	25.35	197400	1711	50	0.115017
1	25.4	5553138	4204	50	4.77565
2	25.4	197400	1711	50	0.115017
1	25.45	5553138	4204	50	4.77565
2	25.45	197400	1711	50	0.115017
1	25.5	5553138	4204	50	4.77565
2	25.5	197400	1711	50	0.115017
1	25.55	5553138	4204	50	4.77565
2	25.55	197400	1711	50	0.115017
1	25.6	5553138	4204	50	4.77565
2	25.6	197400	1711	50	0.115017
1	25.65	5553138	4204	50	4.77565
2	25.65	197400	1711	50	0.115017
1	25.7	5553138	4204	50	4.77565
2	25.7	197400	1711	50	0.115017
1	25.75	5553138	4204	50	4.77565
2	25.75	197400	1711	50	0.115017
1	25.8	5553138	4204	50	4.77565
2	25.8	197400	1711	50	0.115017
1	25.85	5553138	4204	50	4.77565
2	25.85	197400	1711	50	0.115017
1	25.9	5553138	4204	50	4.77565
2	25.9	197400	1711	50	0.115017
1	25.95	5553138	4204	50	4.77565
2	25.95	197400	1711	50	0.115017
1	26	5553138	4204	50	4.77565
2	26	197400	1711	50	0.115017
1	26.05	5553138	4204	50	4.77565
2	26.05	197400	1711	50	0.115017
1	26.1	5553138	4204	50	4.77565
2	26.1	197400	1711	50	0.115017
1	26.15	5553138	4204	50	4.77565
2	26.15	197400	1711	50	0.115017
1	26.2	5553138	4204	50	4.77565
2	26.2	197400	1711	50	0.115017
1	26.25	5553138	4204	50	4.77565
2	26.25	197400	1711	50	0.115017
1	26.3	5553138	4204	50	4.77565
2	26.3	197400	1711	50	0.115017
1	26.35	5553138	4204	50	4.77565
2	26.35	197400	1711	50	0.115017
1	26.4	5553138	4204	50	4.77565
2	26.4	197400	1711	50	0.115017
1	26.45	5553138	4204	50	4.77565
2	26.45	197400	1711	50	0.115017
1	26.5	5553138	4204	50	4.77565
2	26.5	197400	1711	50	0.115017
1	26.55	5553138	4204	50	4.77565
2	26.55	197400	1711	50	0.115017
1	26.6	5553138	4204	50	4.77565
2	26.6	197400	1711	50	0.115017
1	26.65	5553138	4204	50	4.77565
2	26.65	197400	1711	50	0.115017
1	26.7	5553138	4204	50	4.77565
2	26.7	197400	1711	50	0.115017
1	26.75	5553138	4204	50	4.77565
2	26.75	197400	1711	50	0.115017
1	26.8	5553138	4204	50	4.77565
2	26.8	197400	1711	50	0.115017
1	26.85	5553138	4204	50	4.77565
2	26.85	197400	1711	50	0.115017
1	26.9	5553138	4204	50	4.77565
2	26.9	197400	1711	50	0.115017
1	26.95	5553138	4204	50	4.77565
2	26.95	197400	1711	50	0.115017
1	27	5553138	4204	50	4.77565
2	27	197400	1711	50	0.115017
1	27.05	5553138	4204	50	4.77565
2	27.05	197400	1711	50	0.115017
1	27.1	5553138	4204	50	4.77565
2	27.1	197400	1711	50	0.115017
1	27.15	5553138	4204	50	4.77565
2	27.15	197400	1711	50	0.115017
1	27.2	5553138	4204	50	4.77565
2	27.2	197400	1711	50	0.115017
1	27.25	5553138	4204	50	4.77565
2	27.25	197400	1711	50	0.115017
1	27.3	5553138	4204	50	4.77565
2	27.3	197400	1711	50	0.115017
1	27.35	5553138	4204	50	4.77565
2	27.35	197400	1711	50	0.115017
1	27.4	5553138	4204	50	4.77565
2	27.4	197400	1711	50	0.115017
1	27.45	5553138	4204	50	4.77565
2	27.45	197400	1711	50	0.115017
1	27.5	5553138	4204	50	4.77565
2	27.5	197400	1711	50	0.115017
1	27.55	5553138	4204	50	4.77565
2	27.55	197400	1711	50	0.115017
1	27.6	5553138	4204	50	4.77565
2	27.6	197400	1711	50	0.115017
1	27.65	5553138	4204	50	4.77565
2	27.65	197400	1711	50	0.115017
1	27.7	5553138	4204	50	4.77565
2	27.7	197400	1711	50	0.115017
1	27.75	5553138	4204	50	4.77565
2	27.75	197400	1711	50	0.115017
1	27.8	5553138	4204	50	4.77565
2	27.8	197400	1711	50	0.115017
1	27.85	5553138	4204	50	4.77565
2	27.85	197400	1711	50	0.115017
1	27.9	5553138	4204	50	4.77565
2	27.9	197400	1711	50	0.115017
1	27.95	5553138	4204	50	4.77565
2	27.95	197400	1711	50	0.115017
1	28	5553138	4204	50	4.77565
2	28	197400	1711	50	0.115017
1	28.05	5553138	4204	50	4.77565
2	28.05	197400	1711	50	0.115017
1	28.1	5553138	4204	50	4.77565
2	28.1	197400	1711	50	0.115017
1	28.15	5553138	4204	50	4.77565
2	28.15	197400	1711	50	0.115017
1	28.2	5553138	4204	50	4.77565
2	28.2	197400	1711	50	0.115017
1	28.25	5553138	4204	50	4.77565
2	28.25	197400	1711	50	0.115017
1	28.3	5553138	4204	50	4.77565
2	28.3	197400	1711	50	0.115017
1	28.35	5553138	4204	50	4.77565
2	28.35	197400	1711	50	0.115017
1	28.4	5553138	4204	50	4.77565
2	28.4	197400	1711	50	0.115017
1	28.45	5553138	4204	50	4.77565
2	28.45	197400	1711	50	0.115017
1	28.5	5553138	4204	50	4.77565
2	28.5	197400	1711	50	0.115017
1	28.55	5553138	4204	50	4.77565
2	28.55	197400	1711	50	0.115017
1	28.6	5553138	4204	50	4.77565
2	28.6	197400	1711	50	0.115017
1	28.65	5553138	4204	50	4.77565
2	28.65	197400	1711	50	0.115017
1	28.7	5553138	4204	50	4.77565
2	28.7	197400	1711	50	0.115017
1	28.75	5553138	4204	50	4.77565
2	28.75	197400	1711	50	0.115017
1	28.8	5553138	4204	50	4.77565
2	28.8	197400	1711	50	0.115017
1	28.85	5553138	4204	50	4.77565
2	28.85	197400	1711	50	0.115017
1	28.9	5553138	4204	50	4.77565
2	28.9	197400	1711	50	0.115017
1	28.95	5553138	4204	50	4.77565
2	28.95	197400	1711	50	0.115017
1	29	5553138	4204	50	4.77565
2	29	197400	1711	50	0.115017
1	29.05	5553138	4204	50	4.77565
2	29.05	197400	1711	50	0.115017
1	29.1	5553138	4204	50	4.77565
2	29.1	197400	1711	50	0.115017
1	29.15	5553138	4204	50	4.77565
2	29.15	197400	1711	50	0.115017
1	29.2	5553138	4204	50	4.77565
2	29.2	197400	1711	50	0.115017
1	29.25	5553138	4204	50	4.77565
2	29.25	197400	1711	50	0.115017
1	29.3	5553138	4204	50	4.77565
2	29.3	197400	1711	50	0.115017
1	29.35	5553138	4204	50	4.77565
2	29.35	197400	1711	50	0.115017
1	29.4	5553138	4204	50	4.77565
2	29.4	197400	1711	50	0.115017
1	29.45	5553138	4204	50	4.77565
2	29.45	197400	1711	50	0.115017
1	29.5	5553138	4204	50	4.77565
2	29.5	197400	1711	50	0.115017
1	29.55	5553138	4204	50	4.77565
2	29.55	197400	1711	50	0.115017
1	29.6	5553138	4204	50	4.77565
2	29.6	197400	1711	50	0.115017
1	29.65	5553138	4204	50	4.77565
2	29.65	197400	1711	50	0.115017
1	29.7	5553138	4204	50	4.77565
2	29.7	197400	1711	50	0.115017
1	29.75	5553138	4204	50	4.77565
2	29.75	197400	1711	50	0.115017
1	29.8	5553138	4204	50	4.77565
2	29.8	197400	1711	50	0.115017
1	29.85	5553138	4204	50	4.77565
2	29.85	197400	1711	50	0.115017
1	29.9	5553138	4204	50	4.77565
2	29.9	197400	1711	50	0.115017
1	29.95	5553138	4204	50	4.77565
2	29.95	197400	1711	50	0.115017
