1	1.05	0	0	0	-nan
1	1.1	1260	1	52	-nan
2	1.1	0	0	0	-nan
1	1.15	1260	1	52	-nan
2	1.15	129	2	50	0
1	1.2	9838	7	52	0
2	1.2	129	2	50	0
1	1.25	9838	7	52	0
2	1.25	350	6	50	0
1	1.3	22026	16	54	0
2	1.3	408	7	50	0
1	1.35	22082	17	50	0
2	1.35	627	11	50	0
1	1.4	38775	28	69	0
2	1.4	797	14	50	0
1	1.45	46465	35	61	0
2	1.45	1021	18	50	0
1	1.5	58668	44	62	0
2	1.5	1242	22	50	0
1	1.55	89108	66	91	0
2	1.55	1517	27	50	0
1	1.6	104329	77	57	0
2	1.6	2017	36	50	0
1	1.65	136285	100	84	1.67603
2	1.65	2422	43	50	0
1	1.7	169698	123	108	1.54589
2	1.7	2875	51	50	0
1	1.75	203242	148	99	1.43426
2	1.75	3444	61	50	0
1	1.8	233622	169	130	1.33973
2	1.8	4013	71	50	0
1	1.85	264062	191	153	2.51289
2	1.85	4520	80	50	0
1	1.9	294443	212	184	2.36067
2	1.9	5089	90	50	0
1	1.95	327920	236	207	2.23256
2	1.95	5601	99	50	0
1	2	361407	260	232	2.11468
2	2	6165	109	50	0
1	2.05	394951	284	253	3.01157
2	2.05	6734	119	50	0
1	2.1	423879	304	278	2.88205
2	2.1	7303	129	50	0
1	2.15	452864	325	313	2.73386
2	2.15	7753	137	50	0
1	2.2	484831	347	335	2.61537
2	2.2	8185	144	50	0
1	2.25	516856	370	357	2.50757
2	2.25	8678	152	50	0
1	2.3	551861	394	382	3.2074
2	2.3	9105	159	50	0
1	2.35	582358	416	398	3.08656
2	2.35	9598	167	50	0
1	2.4	615907	440	424	2.97226
2	2.4	10143	175	50	0
1	2.45	649393	463	449	2.86617
2	2.45	10732	183	50	0
1	2.5	681418	486	474	3.45825
2	2.5	11243	190	50	0
1	2.55	713439	509	500	3.34181
2	2.55	11832	198	50	0
1	2.6	748502	534	526	3.23108
2	2.6	12421	206	50	0
1	2.65	778950	555	550	3.13189
2	2.65	13033	214	50	0
1	2.7	812499	579	574	3.64377
2	2.7	13613	221	50	0
1	2.75	845091	611	260	3.54075
2	2.75	14318	229	50	0
1	2.8	880159	636	254	3.43292
2	2.8	15398	240	50	0
1	2.85	913761	661	250	3.33869
2	2.85	16339	248	50	0
1	2.9	947372	686	255	3.79057
2	2.9	17275	256	50	0
1	2.95	979419	709	250	3.69337
2	2.95	18397	266	50	0
1	3	1011511	733	245	3.59464
2	3	19338	275	50	0
1	3.05	1045674	767	92	3.50637
2	3.05	20481	284	50	0
1	3.1	1079182	790	98	3.90888
2	3.1	22257	298	50	0
1	3.15	1112767	814	97	3.81502
2	3.15	23278	306	50	0
1	3.2	1144864	838	105	3.72607
2	3.2	24442	315	50	0
1	3.25	1177005	863	113	3.64089
2	3.25	25661	325	50	0
1	3.3	1207511	885	115	4.00621
2	3.3	27013	336	50	0
1	3.35	1238133	909	115	3.91981
2	3.35	28094	345	50	0
1	3.4	1270213	933	118	3.83474
2	3.4	29258	354	50	0
1	3.45	1300781	956	120	3.75713
2	3.45	30477	364	50	0
1	3.5	1334441	982	115	4.08733
2	3.5	31691	374	50	0
1	3.55	1368043	1007	114	4.00397
2	3.55	32910	384	50	0
1	3.6	1400184	1032	113	3.92605
2	3.6	34267	395	50	0
1	3.65	1432268	1056	116	3.85101
2	3.65	35486	405	50	0
1	3.7	1462832	1079	116	4.15678
2	3.7	36700	415	50	0
1	3.75	1493396	1102	117	4.08018
2	3.75	37919	425	50	0
1	3.8	1526998	1127	117	4.006
2	3.8	39000	434	50	0
1	3.85	1560654	1153	111	3.93465
2	3.85	40352	445	50	0
1	3.9	1594261	1178	111	4.21458
2	3.9	41571	455	50	0
1	3.95	1626402	1203	114	4.14267
2	3.95	42928	466	50	0
1	4	1658485	1227	115	4.07352
2	4	44147	476	50	0
1	4.05	1692147	1253	113	4.00341
2	4.05	45361	486	50	0
1	4.1	1724229	1277	113	4.26726
2	4.1	46718	497	50	0
1	4.15	1757831	1302	115	4.19656
2	4.15	47937	507	50	0
1	4.2	1788453	1326	117	4.13159
2	4.2	49156	517	50	0
1	4.25	1820536	1350	119	4.06551
2	4.25	50370	527	50	0
1	4.3	1852620	1374	118	4.31336
2	4.3	51534	536	50	0
1	4.35	1886280	1400	118	4.24751
2	4.35	52753	546	50	0
1	4.4	1918363	1424	113	4.18371
2	4.4	54110	557	50	0
1	4.45	1950504	1449	114	4.12154
2	4.45	55324	567	50	0
1	4.5	1982588	1473	117	4.35316
2	4.5	56543	577	50	0
1	4.55	2016190	1498	119	4.28937
2	4.55	57762	587	50	0
1	4.6	2048331	1523	119	4.22884
2	4.6	58981	597	50	0
1	4.65	2080414	1547	122	4.17004
2	4.65	60333	608	50	0
1	4.7	2110977	1570	121	4.38859
2	4.7	61552	618	50	0
1	4.75	2143062	1594	123	4.3278
2	4.75	62633	627	50	0
1	4.8	2176722	1620	124	4.26937
2	4.8	63852	637	50	0
1	4.85	2208805	1644	121	4.21529
2	4.85	65204	648	50	0
1	4.9	2240946	1669	115	4.42077
2	4.9	66423	658	50	0
1	4.95	2274549	1694	118	4.36165
2	4.95	67642	668	50	0
1	5	2306632	1718	122	4.30643
2	5	68861	678	50	0
1	5.05	2338773	1743	123	4.25248
2	5.05	70075	688	50	0
1	5.1	2370856	1767	121	4.44915
2	5.1	71432	699	50	0
1	5.15	2404517	1793	117	4.3945
2	5.15	72651	709	50	0
1	5.2	2436600	1817	116	4.34199
2	5.2	74008	720	50	0
1	5.25	2470260	1843	122	4.2882
2	5.25	75167	729	50	0
1	5.3	2500824	1866	122	4.47456
2	5.3	76441	740	50	0
1	5.35	2532906	1890	125	4.42135
2	5.35	77605	749	50	0
1	5.4	2563472	1913	126	4.37207
2	5.4	78824	759	50	0
1	5.45	2595555	1937	126	4.3215
2	5.45	80038	769	50	0
1	5.5	2629215	1963	125	4.49783
2	5.5	81257	779	50	0
1	5.55	2662817	1988	124	4.4481
2	5.55	82476	789	50	0
1	5.6	2694959	2013	119	4.39885
2	5.6	83833	800	50	0
1	5.65	2727042	2037	122	4.35064
2	5.65	85047	810	50	0
1	5.7	2760702	2063	125	4.51888
2	5.7	86266	820	50	0
1	5.75	2794304	2088	121	4.47072
2	5.75	87623	831	50	0
1	5.8	2824869	2111	125	4.42487
2	5.8	88842	841	50	0
1	5.85	2857010	2136	122	4.37748
2	5.85	90056	851	50	0
1	5.9	2889093	2160	124	4.53919
2	5.9	91275	861	50	0
1	5.95	2921176	2184	126	4.49347
2	5.95	92494	871	50	0
1	6	2953317	2209	126	4.44692
2	6	93708	881	50	0
1	6.05	2983882	2232	131	4.40352
2	6.05	94927	891	50	0
1	6.1	3015965	2256	133	4.55727
2	6.1	96091	900	50	0
1	6.15	3048048	2280	134	4.51185
2	6.15	97310	910	50	0
1	6.2	3078612	2303	131	4.46943
2	6.2	98524	920	50	0
1	6.25	3110749	2328	133	4.42568
2	6.25	99743	930	50	0
1	6.3	3142832	2352	133	4.38304
2	6.3	100962	940	50	0
1	6.35	3173401	2375	130	4.53202
2	6.35	102181	950	50	0
1	6.4	3205542	2400	133	4.48887
2	6.4	103395	960	50	0
1	6.45	3237623	2424	133	4.44661
2	6.45	104614	970	50	0
1	6.5	3268185	2447	132	4.40628
2	6.5	105833	980	50	0
1	6.55	3298749	2470	138	4.54857
2	6.55	106992	989	50	0
1	6.6	3332414	2496	132	4.50729
2	6.6	108073	998	50	0
1	6.65	3366016	2521	131	4.46696
2	6.65	109430	1009	50	0
1	6.7	3398153	2546	130	4.42722
2	6.7	110649	1019	50	0
1	6.75	3430236	2570	125	4.5636
2	6.75	112001	1030	50	0
1	6.8	3462319	2594	128	4.52358
2	6.8	113220	1040	50	0
1	6.85	3492946	2618	134	4.48607
2	6.85	114301	1049	50	0
1	6.9	3526544	2643	129	4.44745
2	6.9	115658	1060	50	0
1	6.95	3560146	2668	129	4.57923
2	6.95	116872	1070	50	0
1	7	3592287	2693	132	4.5396
2	7	118091	1080	50	0
1	7.05	3622856	2716	132	4.50241
2	7.05	119310	1090	50	0
1	7.1	3654939	2740	133	4.46564
2	7.1	120529	1100	50	0
1	7.15	3687076	2765	134	4.59354
2	7.15	121743	1110	50	0
1	7.2	3719159	2789	133	4.55587
2	7.2	123100	1121	50	0
1	7.25	3751300	2814	130	4.5187
2	7.25	124319	1131	50	0
1	7.3	3783388	2838	136	4.48232
2	7.3	125538	1141	50	0
1	7.35	3815467	2862	137	4.6053
2	7.35	126697	1150	50	0
1	7.4	3847550	2886	132	4.56877
2	7.4	127916	1160	50	0
1	7.45	3878172	2910	136	4.53448
2	7.45	129135	1170	50	0
1	7.5	3910255	2934	137	4.49854
2	7.5	130349	1180	50	0
1	7.55	3942340	2958	140	4.61708
2	7.55	131568	1190	50	0.155177
1	7.6	3972903	2981	138	4.58292
2	7.6	132787	1200	50	0.153957
1	7.65	4005044	3006	139	4.54756
2	7.65	134006	1210	50	0.152761
1	7.7	4037127	3030	136	4.51415
2	7.7	135220	1220	50	0.151638
1	7.75	4070787	3056	132	4.62902
2	7.75	136439	1230	50	0.150521
1	7.8	4102871	3080	130	4.59522
2	7.8	137796	1241	50	0.149321
1	7.85	4136531	3106	132	4.56031
2	7.85	139015	1251	50	0.14823
1	7.9	4167037	3128	134	4.52747
2	7.9	140229	1261	50	0.147154
1	7.95	4197659	3152	135	4.63992
2	7.95	141448	1271	50	0.146043
1	8	4229738	3176	143	4.60637
2	8	142612	1280	50	0.144995
1	8.05	4261826	3200	139	4.57335
2	8.05	143831	1290	50	0.143947
1	8.1	4293967	3225	137	4.54055
2	8.1	145045	1300	50	0.142915
1	8.15	4324531	3248	141	4.50978
2	8.15	146264	1310	50	0.141939
1	8.2	4356614	3272	141	4.61796
2	8.2	147483	1320	50	0.140928
1	8.25	4388751	3297	137	4.58562
2	8.25	148697	1330	50	0.139936
1	8.3	4422358	3322	136	4.55382
2	8.3	149916	1340	50	0.139003
1	8.35	4456018	3348	131	4.52248
2	8.35	151135	1350	50	0.13808
1	8.4	4488101	3372	131	4.6278
2	8.4	152492	1361	50	0.137086
1	8.45	4520180	3396	134	4.59644
2	8.45	153706	1371	50	0.136155
1	8.5	4553787	3421	136	4.56525
2	8.5	154925	1381	50	0.135231
1	8.55	4585928	3446	136	4.53586
2	8.55	156144	1391	50	0.134351
1	8.6	4619530	3471	132	4.63826
2	8.6	157501	1402	50	0.133406
1	8.65	4653191	3497	132	4.60762
2	8.65	158715	1412	50	0.132559
1	8.7	4685274	3521	135	4.57695
2	8.7	160072	1423	50	0.131644
1	8.75	4715838	3544	138	4.54803
2	8.75	161291	1433	50	0.130768
1	8.8	4747979	3569	140	4.64778
2	8.8	162317	1441	50	0.130023
1	8.85	4780062	3593	142	4.61807
2	8.85	163669	1452	50	0.129103
1	8.9	4813723	3619	142	4.58784
2	8.9	164888	1462	50	0.128278
1	8.95	4845806	3643	135	4.55938
2	8.95	166107	1472	50	0.127477
1	9	4879408	3668	139	4.65589
2	9	167326	1482	50	0.126722
1	9.05	4911549	3693	138	4.62743
2	9.05	168678	1493	50	0.125833
1	9.1	4945152	3718	140	4.59829
2	9.1	169897	1503	50	0.125101
1	9.15	4978812	3744	137	4.56947
2	9.15	171116	1513	50	0.124347
1	9.2	5010895	3768	137	4.66472
2	9.2	172473	1524	50	0.123533
1	9.25	5044560	3794	140	4.63545
2	9.25	173687	1534	50	0.122789
1	9.3	5076639	3818	136	4.60791
2	9.3	174906	1544	50	0.122054
1	9.35	5108722	3842	136	4.58072
2	9.35	176263	1555	50	0.121259
1	9.4	5142382	3868	140	4.67273
2	9.4	177482	1565	50	0.120544
1	9.45	5175989	3893	134	4.64461
2	9.45	178696	1575	50	0.119878
1	9.5	5208127	3918	139	4.61662
2	9.5	180053	1586	50	0.119091
1	9.55	5238690	3941	145	4.59028
2	9.55	181272	1596	50	0.118408
1	9.6	5272292	3966	140	4.68019
2	9.6	182491	1606	50	0.117698
1	9.65	5305957	3992	145	4.65281
2	9.65	183705	1616	50	0.117034
1	9.7	5338040	4016	143	4.62623
2	9.7	185062	1627	50	0.116319
1	9.75	5370119	4040	142	4.59995
2	9.75	186281	1637	50	0.115654
1	9.8	5402260	4065	146	4.68698
2	9.8	187500	1647	50	0.114997
1	9.85	5432824	4088	149	4.66059
2	9.85	188576	1656	50	0.114382
1	9.9	5464907	4112	148	4.63511
2	9.9	189933	1667	50	0.113671
1	9.95	5498568	4138	142	4.60878
2	9.95	191152	1677	50	0.113049
1	10	5532170	4163	142	4.69494
2	10	192371	1687	50	0.112409
1	10.05	5551692	4186	50	4.66976
2	10.05	193723	1698	50	0.111782
1	10.1	5551929	4190	50	4.64283
2	10.1	194888	1707	50	0.111287
1	10.15	5552394	4196	50	4.62246
2	10.15	195727	1713	50	0.110559
1	10.2	5552910	4202	50	4.59258
2	10.2	196373	1718	50	0.110197
1	10.25	5553340	4207	50	4.57769
2	10.25	196373	1718	50	0.110197
1	10.3	5553340	4207	50	4.57769
2	10.3	196373	1718	50	0.110197
1	10.35	5553340	4207	50	4.57769
2	10.35	196373	1718	50	0.110197
1	10.4	5553340	4207	50	4.57769
2	10.4	196373	1718	50	0.110197
1	10.45	5553340	4207	50	4.57769
2	10.45	196373	1718	50	0.110197
1	10.5	5553340	4207	50	4.57769
2	10.5	196373	1718	50	0.110197
1	10.55	5553340	4207	50	4.57769
2	10.55	196373	1718	50	0.110197
1	10.6	5553340	4207	50	4.57769
2	10.6	196373	1718	50	0.110197
1	10.65	5553340	4207	50	4.57769
2	10.65	196373	1718	50	0.110197
1	10.7	5553340	4207	50	4.57769
2	10.7	196373	1718	50	0.110197
1	10.75	5553340	4207	50	4.57769
2	10.75	196373	1718	50	0.110197
1	10.8	5553340	4207	50	4.57769
2	10.8	196373	1718	50	0.110197
1	10.85	5553340	4207	50	4.57769
2	10.85	196373	1718	50	0.110197
1	10.9	5553340	4207	50	4.57769
2	10.9	196373	1718	50	0.110197
1	10.95	5553340	4207	50	4.57769
2	10.95	196373	1718	50	0.110197
1	11	5553340	4207	50	4.57769
2	11	196373	1718	50	0.110197
1	11.05	5553340	4207	50	4.57769
2	11.05	196373	1718	50	0.110197
1	11.1	5553340	4207	50	4.57769
2	11.1	196373	1718	50	0.110197
1	11.15	5553340	4207	50	4.57769
2	11.15	196373	1718	50	0.110197
1	11.2	5553340	4207	50	4.57769
2	11.2	196373	1718	50	0.110197
1	11.25	5553340	4207	50	4.57769
2	11.25	196373	1718	50	0.110197
1	11.3	5553340	4207	50	4.57769
2	11.3	196373	1718	50	0.110197
1	11.35	5553340	4207	50	4.57769
2	11.35	196373	1718	50	0.110197
1	11.4	5553340	4207	50	4.57769
2	11.4	196373	1718	50	0.110197
1	11.45	5553340	4207	50	4.57769
2	11.45	196373	1718	50	0.110197
1	11.5	5553340	4207	50	4.57769
2	11.5	196373	1718	50	0.110197
1	11.55	5553340	4207	50	4.57769
2	11.55	196373	1718	50	0.110197
1	11.6	5553340	4207	50	4.57769
2	11.6	196373	1718	50	0.110197
1	11.65	5553340	4207	50	4.57769
2	11.65	196373	1718	50	0.110197
1	11.7	5553340	4207	50	4.57769
2	11.7	196373	1718	50	0.110197
1	11.75	5553340	4207	50	4.57769
2	11.75	196373	1718	50	0.110197
1	11.8	5553340	4207	50	4.57769
2	11.8	196373	1718	50	0.110197
1	11.85	5553340	4207	50	4.57769
2	11.85	196373	1718	50	0.110197
1	11.9	5553340	4207	50	4.57769
2	11.9	196373	1718	50	0.110197
1	11.95	5553340	4207	50	4.57769
2	11.95	196373	1718	50	0.110197
1	12	5553340	4207	50	4.57769
2	12	196373	1718	50	0.110197
1	12.05	5553340	4207	50	4.57769
2	12.05	196373	1718	50	0.110197
1	12.1	5553340	4207	50	4.57769
2	12.1	196373	1718	50	0.110197
1	12.15	5553340	4207	50	4.57769
2	12.15	196373	1718	50	0.110197
1	12.2	5553340	4207	50	4.57769
2	12.2	196373	1718	50	0.110197
1	12.25	5553340	4207	50	4.57769
2	12.25	196373	1718	50	0.110197
1	12.3	5553340	4207	50	4.57769
2	12.3	196373	1718	50	0.110197
1	12.35	5553340	4207	50	4.57769
2	12.35	196373	1718	50	0.110197
1	12.4	5553340	4207	50	4.57769
2	12.4	196373	1718	50	0.110197
1	12.45	5553340	4207	50	4.57769
2	12.45	196373	1718	50	0.110197
1	12.5	5553340	4207	50	4.57769
2	12.5	196373	1718	50	0.110197
1	12.55	5553340	4207	50	4.57769
2	12.55	196373	1718	50	0.110197
1	12.6	5553340	4207	50	4.57769
2	12.6	196373	1718	50	0.110197
1	12.65	5553340	4207	50	4.57769
2	12.65	196373	1718	50	0.110197
1	12.7	5553340	4207	50	4.57769
2	12.7	196373	1718	50	0.110197
1	12.75	5553340	4207	50	4.57769
2	12.75	196373	1718	50	0.110197
1	12.8	5553340	4207	50	4.57769
2	12.8	196373	1718	50	0.110197
1	12.85	5553340	4207	50	4.57769
2	12.85	196373	1718	50	0.110197
1	12.9	5553340	4207	50	4.57769
2	12.9	196373	1718	50	0.110197
1	12.95	5553340	4207	50	4.57769
2	12.95	196373	1718	50	0.110197
1	13	5553340	4207	50	4.57769
2	13	196373	1718	50	0.110197
1	13.05	5553340	4207	50	4.57769
2	13.05	196373	1718	50	0.110197
1	13.1	5553340	4207	50	4.57769
2	13.1	196373	1718	50	0.110197
1	13.15	5553340	4207	50	4.57769
2	13.15	196373	1718	50	0.110197
1	13.2	5553340	4207	50	4.57769
2	13.2	196373	1718	50	0.110197
1	13.25	5553340	4207	50	4.57769
2	13.25	196373	1718	50	0.110197
1	13.3	5553340	4207	50	4.57769
2	13.3	196373	1718	50	0.110197
1	13.35	5553340	4207	50	4.57769
2	13.35	196373	1718	50	0.110197
1	13.4	5553340	4207	50	4.57769
2	13.4	196373	1718	50	0.110197
1	13.45	5553340	4207	50	4.57769
2	13.45	196373	1718	50	0.110197
1	13.5	5553340	4207	50	4.57769
2	13.5	196373	1718	50	0.110197
1	13.55	5553340	4207	50	4.57769
2	13.55	196373	1718	50	0.110197
1	13.6	5553340	4207	50	4.57769
2	13.6	196373	1718	50	0.110197
1	13.65	5553340	4207	50	4.57769
2	13.65	196373	1718	50	0.110197
1	13.7	5553340	4207	50	4.57769
2	13.7	196373	1718	50	0.110197
1	13.75	5553340	4207	50	4.57769
2	13.75	196373	1718	50	0.110197
1	13.8	5553340	4207	50	4.57769
2	13.8	196373	1718	50	0.110197
1	13.85	5553340	4207	50	4.57769
2	13.85	196373	1718	50	0.110197
1	13.9	5553340	4207	50	4.57769
2	13.9	196373	1718	50	0.110197
1	13.95	5553340	4207	50	4.57769
2	13.95	196373	1718	50	0.110197
1	14	5553340	4207	50	4.57769
2	14	196373	1718	50	0.110197
1	14.05	5553340	4207	50	4.57769
2	14.05	196373	1718	50	0.110197
1	14.1	5553340	4207	50	4.57769
2	14.1	196373	1718	50	0.110197
1	14.15	5553340	4207	50	4.57769
2	14.15	196373	1718	50	0.110197
1	14.2	5553340	4207	50	4.57769
2	14.2	196373	1718	50	0.110197
1	14.25	5553340	4207	50	4.57769
2	14.25	196373	1718	50	0.110197
1	14.3	5553340	4207	50	4.57769
2	14.3	196373	1718	50	0.110197
1	14.35	5553340	4207	50	4.57769
2	14.35	196373	1718	50	0.110197
1	14.4	5553340	4207	50	4.57769
2	14.4	196373	1718	50	0.110197
1	14.45	5553340	4207	50	4.57769
2	14.45	196373	1718	50	0.110197
1	14.5	5553340	4207	50	4.57769
2	14.5	196373	1718	50	0.110197
1	14.55	5553340	4207	50	4.57769
2	14.55	196373	1718	50	0.110197
1	14.6	5553340	4207	50	4.57769
2	14.6	196373	1718	50	0.110197
1	14.65	5553340	4207	50	4.57769
2	14.65	196373	1718	50	0.110197
1	14.7	5553340	4207	50	4.57769
2	14.7	196373	1718	50	0.110197
1	14.75	5553340	4207	50	4.57769
2	14.75	196373	1718	50	0.110197
1	14.8	5553340	4207	50	4.57769
2	14.8	196373	1718	50	0.110197
1	14.85	5553340	4207	50	4.57769
2	14.85	196373	1718	50	0.110197
1	14.9	5553340	4207	50	4.57769
2	14.9	196373	1718	50	0.110197
1	14.95	5553340	4207	50	4.57769
2	14.95	196373	1718	50	0.110197
1	15	5553340	4207	50	4.57769
2	15	196373	1718	50	0.110197
1	15.05	5553340	4207	50	4.57769
2	15.05	196373	1718	50	0.110197
1	15.1	5553340	4207	50	4.57769
2	15.1	196373	1718	50	0.110197
1	15.15	5553340	4207	50	4.57769
2	15.15	196373	1718	50	0.110197
1	15.2	5553340	4207	50	4.57769
2	15.2	196373	1718	50	0.110197
1	15.25	5553340	4207	50	4.57769
2	15.25	196373	1718	50	0.110197
1	15.3	5553340	4207	50	4.57769
2	15.3	196373	1718	50	0.110197
1	15.35	5553340	4207	50	4.57769
2	15.35	196373	1718	50	0.110197
1	15.4	5553340	4207	50	4.57769
2	15.4	196373	1718	50	0.110197
1	15.45	5553340	4207	50	4.57769
2	15.45	196373	1718	50	0.110197
1	15.5	5553340	4207	50	4.57769
2	15.5	196373	1718	50	0.110197
1	15.55	5553340	4207	50	4.57769
2	15.55	196373	1718	50	0.110197
1	15.6	5553340	4207	50	4.57769
2	15.6	196373	1718	50	0.110197
1	15.65	5553340	4207	50	4.57769
2	15.65	196373	1718	50	0.110197
1	15.7	5553340	4207	50	4.57769
2	15.7	196373	1718	50	0.110197
1	15.75	5553340	4207	50	4.57769
2	15.75	196373	1718	50	0.110197
1	15.8	5553340	4207	50	4.57769
2	15.8	196373	1718	50	0.110197
1	15.85	5553340	4207	50	4.57769
2	15.85	196373	1718	50	0.110197
1	15.9	5553340	4207	50	4.57769
2	15.9	196373	1718	50	0.110197
1	15.95	5553340	4207	50	4.57769
2	15.95	196373	1718	50	0.110197
1	16	5553340	4207	50	4.57769
2	16	196373	1718	50	0.110197
1	16.05	5553340	4207	50	4.57769
2	16.05	196373	1718	50	0.110197
1	16.1	5553340	4207	50	4.57769
2	16.1	196373	1718	50	0.110197
1	16.15	5553340	4207	50	4.57769
2	16.15	196373	1718	50	0.110197
1	16.2	5553340	4207	50	4.57769
2	16.2	196373	1718	50	0.110197
1	16.25	5553340	4207	50	4.57769
2	16.25	196373	1718	50	0.110197
1	16.3	5553340	4207	50	4.57769
2	16.3	196373	1718	50	0.110197
1	16.35	5553340	4207	50	4.57769
2	16.35	196373	1718	50	0.110197
1	16.4	5553340	4207	50	4.57769
2	16.4	196373	1718	50	0.110197
1	16.45	5553340	4207	50	4.57769
2	16.45	196373	1718	50	0.110197
1	16.5	5553340	4207	50	4.57769
2	16.5	196373	1718	50	0.110197
1	16.55	5553340	4207	50	4.57769
2	16.55	196373	1718	50	0.110197
1	16.6	5553340	4207	50	4.57769
2	16.6	196373	1718	50	0.110197
1	16.65	5553340	4207	50	4.57769
2	16.65	196373	1718	50	0.110197
1	16.7	5553340	4207	50	4.57769
2	16.7	196373	1718	50	0.110197
1	16.75	5553340	4207	50	4.57769
2	16.75	196373	1718	50	0.110197
1	16.8	5553340	4207	50	4.57769
2	16.8	196373	1718	50	0.110197
1	16.85	5553340	4207	50	4.57769
2	16.85	196373	1718	50	0.110197
1	16.9	5553340	4207	50	4.57769
2	16.9	196373	1718	50	0.110197
1	16.95	5553340	4207	50	4.57769
2	16.95	196373	1718	50	0.110197
1	17	5553340	4207	50	4.57769
2	17	196373	1718	50	0.110197
1	17.05	5553340	4207	50	4.57769
2	17.05	196373	1718	50	0.110197
1	17.1	5553340	4207	50	4.57769
2	17.1	196373	1718	50	0.110197
1	17.15	5553340	4207	50	4.57769
2	17.15	196373	1718	50	0.110197
1	17.2	5553340	4207	50	4.57769
2	17.2	196373	1718	50	0.110197
1	17.25	5553340	4207	50	4.57769
2	17.25	196373	1718	50	0.110197
1	17.3	5553340	4207	50	4.57769
2	17.3	196373	1718	50	0.110197
1	17.35	5553340	4207	50	4.57769
2	17.35	196373	1718	50	0.110197
1	17.4	5553340	4207	50	4.57769
2	17.4	196373	1718	50	0.110197
1	17.45	5553340	4207	50	4.57769
2	17.45	196373	1718	50	0.110197
1	17.5	5553340	4207	50	4.57769
2	17.5	196373	1718	50	0.110197
1	17.55	5553340	4207	50	4.57769
2	17.55	196373	1718	50	0.110197
1	17.6	5553340	4207	50	4.57769
2	17.6	196373	1718	50	0.110197
1	17.65	5553340	4207	50	4.57769
2	17.65	196373	1718	50	0.110197
1	17.7	5553340	4207	50	4.57769
2	17.7	196373	1718	50	0.110197
1	17.75	5553340	4207	50	4.57769
2	17.75	196373	1718	50	0.110197
1	17.8	5553340	4207	50	4.57769
2	17.8	196373	1718	50	0.110197
1	17.85	5553340	4207	50	4.57769
2	17.85	196373	1718	50	0.110197
1	17.9	5553340	4207	50	4.57769
2	17.9	196373	1718	50	0.110197
1	17.95	5553340	4207	50	4.57769
2	17.95	196373	1718	50	0.110197
1	18	5553340	4207	50	4.57769
2	18	196373	1718	50	0.110197
1	18.05	5553340	4207	50	4.57769
2	18.05	196373	1718	50	0.110197
1	18.1	5553340	4207	50	4.57769
2	18.1	196373	1718	50	0.110197
1	18.15	5553340	4207	50	4.57769
2	18.15	196373	1718	50	0.110197
1	18.2	5553340	4207	50	4.57769
2	18.2	196373	1718	50	0.110197
1	18.25	5553340	4207	50	4.57769
2	18.25	196373	1718	50	0.110197
1	18.3	5553340	4207	50	4.57769
2	18.3	196373	1718	50	0.110197
1	18.35	5553340	4207	50	4.57769
2	18.35	196373	1718	50	0.110197
1	18.4	5553340	4207	50	4.57769
2	18.4	196373	1718	50	0.110197
1	18.45	5553340	4207	50	4.57769
2	18.45	196373	1718	50	0.110197
1	18.5	5553340	4207	50	4.57769
2	18.5	196373	1718	50	0.110197
1	18.55	5553340	4207	50	4.57769
2	18.55	196373	1718	50	0.110197
1	18.6	5553340	4207	50	4.57769
2	18.6	196373	1718	50	0.110197
1	18.65	5553340	4207	50	4.57769
2	18.65	196373	1718	50	0.110197
1	18.7	5553340	4207	50	4.57769
2	18.7	196373	1718	50	0.110197
1	18.75	5553340	4207	50	4.57769
2	18.75	196373	1718	50	0.110197
1	18.8	5553340	4207	50	4.57769
2	18.8	196373	1718	50	0.110197
1	18.85	5553340	4207	50	4.57769
2	18.85	196373	1718	50	0.110197
1	18.9	5553340	4207	50	4.57769
2	18.9	196373	1718	50	0.110197
1	18.95	5553340	4207	50	4.57769
2	18.95	196373	1718	50	0.110197
1	19	5553340	4207	50	4.57769
2	19	196373	1718	50	0.110197
1	19.05	5553340	4207	50	4.57769
2	19.05	196373	1718	50	0.110197
1	19.1	5553340	4207	50	4.57769
2	19.1	196373	1718	50	0.110197
1	19.15	5553340	4207	50	4.57769
2	19.15	196373	1718	50	0.110197
1	19.2	5553340	4207	50	4.57769
2	19.2	196373	1718	50	0.110197
1	19.25	5553340	4207	50	4.57769
2	19.25	196373	1718	50	0.110197
1	19.3	5553340	4207	50	4.57769
2	19.3	196373	1718	50	0.110197
1	19.35	5553340	4207	50	4.57769
2	19.35	196373	1718	50	0.110197
1	19.4	5553340	4207	50	4.57769
2	19.4	196373	1718	50	0.110197
1	19.45	5553340	4207	50	4.57769
2	19.45	196373	1718	50	0.110197
1	19.5	5553340	4207	50	4.57769
2	19.5	196373	1718	50	0.110197
1	19.55	5553340	4207	50	4.57769
2	19.55	196373	1718	50	0.110197
1	19.6	5553340	4207	50	4.57769
2	19.6	196373	1718	50	0.110197
1	19.65	5553340	4207	50	4.57769
2	19.65	196373	1718	50	0.110197
1	19.7	5553340	4207	50	4.57769
2	19.7	196373	1718	50	0.110197
1	19.75	5553340	4207	50	4.57769
2	19.75	196373	1718	50	0.110197
1	19.8	5553340	4207	50	4.57769
2	19.8	196373	1718	50	0.110197
1	19.85	5553340	4207	50	4.57769
2	19.85	196373	1718	50	0.110197
1	19.9	5553340	4207	50	4.57769
2	19.9	196373	1718	50	0.110197
1	19.95	5553340	4207	50	4.57769
2	19.95	196373	1718	50	0.110197
1	20	5553340	4207	50	4.57769
2	20	196373	1718	50	0.110197
1	20.05	5553340	4207	50	4.57769
2	20.05	196373	1718	50	0.110197
1	20.1	5553340	4207	50	4.57769
2	20.1	196373	1718	50	0.110197
1	20.15	5553340	4207	50	4.57769
2	20.15	196373	1718	50	0.110197
1	20.2	5553340	4207	50	4.57769
2	20.2	196373	1718	50	0.110197
1	20.25	5553340	4207	50	4.57769
2	20.25	196373	1718	50	0.110197
1	20.3	5553340	4207	50	4.57769
2	20.3	196373	1718	50	0.110197
1	20.35	5553340	4207	50	4.57769
2	20.35	196373	1718	50	0.110197
1	20.4	5553340	4207	50	4.57769
2	20.4	196373	1718	50	0.110197
1	20.45	5553340	4207	50	4.57769
2	20.45	196373	1718	50	0.110197
1	20.5	5553340	4207	50	4.57769
2	20.5	196373	1718	50	0.110197
1	20.55	5553340	4207	50	4.57769
2	20.55	196373	1718	50	0.110197
1	20.6	5553340	4207	50	4.57769
2	20.6	196373	1718	50	0.110197
1	20.65	5553340	4207	50	4.57769
2	20.65	196373	1718	50	0.110197
1	20.7	5553340	4207	50	4.57769
2	20.7	196373	1718	50	0.110197
1	20.75	5553340	4207	50	4.57769
2	20.75	196373	1718	50	0.110197
1	20.8	5553340	4207	50	4.57769
2	20.8	196373	1718	50	0.110197
1	20.85	5553340	4207	50	4.57769
2	20.85	196373	1718	50	0.110197
1	20.9	5553340	4207	50	4.57769
2	20.9	196373	1718	50	0.110197
1	20.95	5553340	4207	50	4.57769
2	20.95	196373	1718	50	0.110197
1	21	5553340	4207	50	4.57769
2	21	196373	1718	50	0.110197
1	21.05	5553340	4207	50	4.57769
2	21.05	196373	1718	50	0.110197
1	21.1	5553340	4207	50	4.57769
2	21.1	196373	1718	50	0.110197
1	21.15	5553340	4207	50	4.57769
2	21.15	196373	1718	50	0.110197
1	21.2	5553340	4207	50	4.57769
2	21.2	196373	1718	50	0.110197
1	21.25	5553340	4207	50	4.57769
2	21.25	196373	1718	50	0.110197
1	21.3	5553340	4207	50	4.57769
2	21.3	196373	1718	50	0.110197
1	21.35	5553340	4207	50	4.57769
2	21.35	196373	1718	50	0.110197
1	21.4	5553340	4207	50	4.57769
2	21.4	196373	1718	50	0.110197
1	21.45	5553340	4207	50	4.57769
2	21.45	196373	1718	50	0.110197
1	21.5	5553340	4207	50	4.57769
2	21.5	196373	1718	50	0.110197
1	21.55	5553340	4207	50	4.57769
2	21.55	196373	1718	50	0.110197
1	21.6	5553340	4207	50	4.57769
2	21.6	196373	1718	50	0.110197
1	21.65	5553340	4207	50	4.57769
2	21.65	196373	1718	50	0.110197
1	21.7	5553340	4207	50	4.57769
2	21.7	196373	1718	50	0.110197
1	21.75	5553340	4207	50	4.57769
2	21.75	196373	1718	50	0.110197
1	21.8	5553340	4207	50	4.57769
2	21.8	196373	1718	50	0.110197
1	21.85	5553340	4207	50	4.57769
2	21.85	196373	1718	50	0.110197
1	21.9	5553340	4207	50	4.57769
2	21.9	196373	1718	50	0.110197
1	21.95	5553340	4207	50	4.57769
2	21.95	196373	1718	50	0.110197
1	22	5553340	4207	50	4.57769
2	22	196373	1718	50	0.110197
1	22.05	5553340	4207	50	4.57769
2	22.05	196373	1718	50	0.110197
1	22.1	5553340	4207	50	4.57769
2	22.1	196373	1718	50	0.110197
1	22.15	5553340	4207	50	4.57769
2	22.15	196373	1718	50	0.110197
1	22.2	5553340	4207	50	4.57769
2	22.2	196373	1718	50	0.110197
1	22.25	5553340	4207	50	4.57769
2	22.25	196373	1718	50	0.110197
1	22.3	5553340	4207	50	4.57769
2	22.3	196373	1718	50	0.110197
1	22.35	5553340	4207	50	4.57769
2	22.35	196373	1718	50	0.110197
1	22.4	5553340	4207	50	4.57769
2	22.4	196373	1718	50	0.110197
1	22.45	5553340	4207	50	4.57769
2	22.45	196373	1718	50	0.110197
1	22.5	5553340	4207	50	4.57769
2	22.5	196373	1718	50	0.110197
1	22.55	5553340	4207	50	4.57769
2	22.55	196373	1718	50	0.110197
1	22.6	5553340	4207	50	4.57769
2	22.6	196373	1718	50	0.110197
1	22.65	5553340	4207	50	4.57769
2	22.65	196373	1718	50	0.110197
1	22.7	5553340	4207	50	4.57769
2	22.7	196373	1718	50	0.110197
1	22.75	5553340	4207	50	4.57769
2	22.75	196373	1718	50	0.110197
1	22.8	5553340	4207	50	4.57769
2	22.8	196373	1718	50	0.110197
1	22.85	5553340	4207	50	4.57769
2	22.85	196373	1718	50	0.110197
1	22.9	5553340	4207	50	4.57769
2	22.9	196373	1718	50	0.110197
1	22.95	5553340	4207	50	4.57769
2	22.95	196373	1718	50	0.110197
1	23	5553340	4207	50	4.57769
2	23	196373	1718	50	0.110197
1	23.05	5553340	4207	50	4.57769
2	23.05	196373	1718	50	0.110197
1	23.1	5553340	4207	50	4.57769
2	23.1	196373	1718	50	0.110197
1	23.15	5553340	4207	50	4.57769
2	23.15	196373	1718	50	0.110197
1	23.2	5553340	4207	50	4.57769
2	23.2	196373	1718	50	0.110197
1	23.25	5553340	4207	50	4.57769
2	23.25	196373	1718	50	0.110197
1	23.3	5553340	4207	50	4.57769
2	23.3	196373	1718	50	0.110197
1	23.35	5553340	4207	50	4.57769
2	23.35	196373	1718	50	0.110197
1	23.4	5553340	4207	50	4.57769
2	23.4	196373	1718	50	0.110197
1	23.45	5553340	4207	50	4.57769
2	23.45	196373	1718	50	0.110197
1	23.5	5553340	4207	50	4.57769
2	23.5	196373	1718	50	0.110197
1	23.55	5553340	4207	50	4.57769
2	23.55	196373	1718	50	0.110197
1	23.6	5553340	4207	50	4.57769
2	23.6	196373	1718	50	0.110197
1	23.65	5553340	4207	50	4.57769
2	23.65	196373	1718	50	0.110197
1	23.7	5553340	4207	50	4.57769
2	23.7	196373	1718	50	0.110197
1	23.75	5553340	4207	50	4.57769
2	23.75	196373	1718	50	0.110197
1	23.8	5553340	4207	50	4.57769
2	23.8	196373	1718	50	0.110197
1	23.85	5553340	4207	50	4.57769
2	23.85	196373	1718	50	0.110197
1	23.9	5553340	4207	50	4.57769
2	23.9	196373	1718	50	0.110197
1	23.95	5553340	4207	50	4.57769
2	23.95	196373	1718	50	0.110197
1	24	5553340	4207	50	4.57769
2	24	196373	1718	50	0.110197
1	24.05	5553340	4207	50	4.57769
2	24.05	196373	1718	50	0.110197
1	24.1	5553340	4207	50	4.57769
2	24.1	196373	1718	50	0.110197
1	24.15	5553340	4207	50	4.57769
2	24.15	196373	1718	50	0.110197
1	24.2	5553340	4207	50	4.57769
2	24.2	196373	1718	50	0.110197
1	24.25	5553340	4207	50	4.57769
2	24.25	196373	1718	50	0.110197
1	24.3	5553340	4207	50	4.57769
2	24.3	196373	1718	50	0.110197
1	24.35	5553340	4207	50	4.57769
2	24.35	196373	1718	50	0.110197
1	24.4	5553340	4207	50	4.57769
2	24.4	196373	1718	50	0.110197
1	24.45	5553340	4207	50	4.57769
2	24.45	196373	1718	50	0.110197
1	24.5	5553340	4207	50	4.57769
2	24.5	196373	1718	50	0.110197
1	24.55	5553340	4207	50	4.57769
2	24.55	196373	1718	50	0.110197
1	24.6	5553340	4207	50	4.57769
2	24.6	196373	1718	50	0.110197
1	24.65	5553340	4207	50	4.57769
2	24.65	196373	1718	50	0.110197
1	24.7	5553340	4207	50	4.57769
2	24.7	196373	1718	50	0.110197
1	24.75	5553340	4207	50	4.57769
2	24.75	196373	1718	50	0.110197
1	24.8	5553340	4207	50	4.57769
2	24.8	196373	1718	50	0.110197
1	24.85	5553340	4207	50	4.57769
2	24.85	196373	1718	50	0.110197
1	24.9	5553340	4207	50	4.57769
2	24.9	196373	1718	50	0.110197
1	24.95	5553340	4207	50	4.57769
2	24.95	196373	1718	50	0.110197
1	25	5553340	4207	50	4.57769
2	25	196373	1718	50	0.110197
1	25.05	5553340	4207	50	4.57769
2	25.05	196373	1718	50	0.110197
1	25.1	5553340	4207	50	4.57769
2	25.1	196373	1718	50	0.110197
1	25.15	5553340	4207	50	4.57769
2	25.15	196373	1718	50	0.110197
1	25.2	5553340	4207	50	4.57769
2	25.2	196373	1718	50	0.110197
1	25.25	5553340	4207	50	4.57769
2	25.25	196373	1718	50	0.110197
1	25.3	5553340	4207	50	4.57769
2	25.3	196373	1718	50	0.110197
1	25.35	5553340	4207	50	4.57769
2	25.35	196373	1718	50	0.110197
1	25.4	5553340	4207	50	4.57769
2	25.4	196373	1718	50	0.110197
1	25.45	5553340	4207	50	4.57769
2	25.45	196373	1718	50	0.110197
1	25.5	5553340	4207	50	4.57769
2	25.5	196373	1718	50	0.110197
1	25.55	5553340	4207	50	4.57769
2	25.55	196373	1718	50	0.110197
1	25.6	5553340	4207	50	4.57769
2	25.6	196373	1718	50	0.110197
1	25.65	5553340	4207	50	4.57769
2	25.65	196373	1718	50	0.110197
1	25.7	5553340	4207	50	4.57769
2	25.7	196373	1718	50	0.110197
1	25.75	5553340	4207	50	4.57769
2	25.75	196373	1718	50	0.110197
1	25.8	5553340	4207	50	4.57769
2	25.8	196373	1718	50	0.110197
1	25.85	5553340	4207	50	4.57769
2	25.85	196373	1718	50	0.110197
1	25.9	5553340	4207	50	4.57769
2	25.9	196373	1718	50	0.110197
1	25.95	5553340	4207	50	4.57769
2	25.95	196373	1718	50	0.110197
1	26	5553340	4207	50	4.57769
2	26	196373	1718	50	0.110197
1	26.05	5553340	4207	50	4.57769
2	26.05	196373	1718	50	0.110197
1	26.1	5553340	4207	50	4.57769
2	26.1	196373	1718	50	0.110197
1	26.15	5553340	4207	50	4.57769
2	26.15	196373	1718	50	0.110197
1	26.2	5553340	4207	50	4.57769
2	26.2	196373	1718	50	0.110197
1	26.25	5553340	4207	50	4.57769
2	26.25	196373	1718	50	0.110197
1	26.3	5553340	4207	50	4.57769
2	26.3	196373	1718	50	0.110197
1	26.35	5553340	4207	50	4.57769
2	26.35	196373	1718	50	0.110197
1	26.4	5553340	4207	50	4.57769
2	26.4	196373	1718	50	0.110197
1	26.45	5553340	4207	50	4.57769
2	26.45	196373	1718	50	0.110197
1	26.5	5553340	4207	50	4.57769
2	26.5	196373	1718	50	0.110197
1	26.55	5553340	4207	50	4.57769
2	26.55	196373	1718	50	0.110197
1	26.6	5553340	4207	50	4.57769
2	26.6	196373	1718	50	0.110197
1	26.65	5553340	4207	50	4.57769
2	26.65	196373	1718	50	0.110197
1	26.7	5553340	4207	50	4.57769
2	26.7	196373	1718	50	0.110197
1	26.75	5553340	4207	50	4.57769
2	26.75	196373	1718	50	0.110197
1	26.8	5553340	4207	50	4.57769
2	26.8	196373	1718	50	0.110197
1	26.85	5553340	4207	50	4.57769
2	26.85	196373	1718	50	0.110197
1	26.9	5553340	4207	50	4.57769
2	26.9	196373	1718	50	0.110197
1	26.95	5553340	4207	50	4.57769
2	26.95	196373	1718	50	0.110197
1	27	5553340	4207	50	4.57769
2	27	196373	1718	50	0.110197
1	27.05	5553340	4207	50	4.57769
2	27.05	196373	1718	50	0.110197
1	27.1	5553340	4207	50	4.57769
2	27.1	196373	1718	50	0.110197
1	27.15	5553340	4207	50	4.57769
2	27.15	196373	1718	50	0.110197
1	27.2	5553340	4207	50	4.57769
2	27.2	196373	1718	50	0.110197
1	27.25	5553340	4207	50	4.57769
2	27.25	196373	1718	50	0.110197
1	27.3	5553340	4207	50	4.57769
2	27.3	196373	1718	50	0.110197
1	27.35	5553340	4207	50	4.57769
2	27.35	196373	1718	50	0.110197
1	27.4	5553340	4207	50	4.57769
2	27.4	196373	1718	50	0.110197
1	27.45	5553340	4207	50	4.57769
2	27.45	196373	1718	50	0.110197
1	27.5	5553340	4207	50	4.57769
2	27.5	196373	1718	50	0.110197
1	27.55	5553340	4207	50	4.57769
2	27.55	196373	1718	50	0.110197
1	27.6	5553340	4207	50	4.57769
2	27.6	196373	1718	50	0.110197
1	27.65	5553340	4207	50	4.57769
2	27.65	196373	1718	50	0.110197
1	27.7	5553340	4207	50	4.57769
2	27.7	196373	1718	50	0.110197
1	27.75	5553340	4207	50	4.57769
2	27.75	196373	1718	50	0.110197
1	27.8	5553340	4207	50	4.57769
2	27.8	196373	1718	50	0.110197
1	27.85	5553340	4207	50	4.57769
2	27.85	196373	1718	50	0.110197
1	27.9	5553340	4207	50	4.57769
2	27.9	196373	1718	50	0.110197
1	27.95	5553340	4207	50	4.57769
2	27.95	196373	1718	50	0.110197
1	28	5553340	4207	50	4.57769
2	28	196373	1718	50	0.110197
1	28.05	5553340	4207	50	4.57769
2	28.05	196373	1718	50	0.110197
1	28.1	5553340	4207	50	4.57769
2	28.1	196373	1718	50	0.110197
1	28.15	5553340	4207	50	4.57769
2	28.15	196373	1718	50	0.110197
1	28.2	5553340	4207	50	4.57769
2	28.2	196373	1718	50	0.110197
1	28.25	5553340	4207	50	4.57769
2	28.25	196373	1718	50	0.110197
1	28.3	5553340	4207	50	4.57769
2	28.3	196373	1718	50	0.110197
1	28.35	5553340	4207	50	4.57769
2	28.35	196373	1718	50	0.110197
1	28.4	5553340	4207	50	4.57769
2	28.4	196373	1718	50	0.110197
1	28.45	5553340	4207	50	4.57769
2	28.45	196373	1718	50	0.110197
1	28.5	5553340	4207	50	4.57769
2	28.5	196373	1718	50	0.110197
1	28.55	5553340	4207	50	4.57769
2	28.55	196373	1718	50	0.110197
1	28.6	5553340	4207	50	4.57769
2	28.6	196373	1718	50	0.110197
1	28.65	5553340	4207	50	4.57769
2	28.65	196373	1718	50	0.110197
1	28.7	5553340	4207	50	4.57769
2	28.7	196373	1718	50	0.110197
1	28.75	5553340	4207	50	4.57769
2	28.75	196373	1718	50	0.110197
1	28.8	5553340	4207	50	4.57769
2	28.8	196373	1718	50	0.110197
1	28.85	5553340	4207	50	4.57769
2	28.85	196373	1718	50	0.110197
1	28.9	5553340	4207	50	4.57769
2	28.9	196373	1718	50	0.110197
1	28.95	5553340	4207	50	4.57769
2	28.95	196373	1718	50	0.110197
1	29	5553340	4207	50	4.57769
2	29	196373	1718	50	0.110197
1	29.05	5553340	4207	50	4.57769
2	29.05	196373	1718	50	0.110197
1	29.1	5553340	4207	50	4.57769
2	29.1	196373	1718	50	0.110197
1	29.15	5553340	4207	50	4.57769
2	29.15	196373	1718	50	0.110197
1	29.2	5553340	4207	50	4.57769
2	29.2	196373	1718	50	0.110197
1	29.25	5553340	4207	50	4.57769
2	29.25	196373	1718	50	0.110197
1	29.3	5553340	4207	50	4.57769
2	29.3	196373	1718	50	0.110197
1	29.35	5553340	4207	50	4.57769
2	29.35	196373	1718	50	0.110197
1	29.4	5553340	4207	50	4.57769
2	29.4	196373	1718	50	0.110197
1	29.45	5553340	4207	50	4.57769
2	29.45	196373	1718	50	0.110197
1	29.5	5553340	4207	50	4.57769
2	29.5	196373	1718	50	0.110197
1	29.55	5553340	4207	50	4.57769
2	29.55	196373	1718	50	0.110197
1	29.6	5553340	4207	50	4.57769
2	29.6	196373	1718	50	0.110197
1	29.65	5553340	4207	50	4.57769
2	29.65	196373	1718	50	0.110197
1	29.7	5553340	4207	50	4.57769
2	29.7	196373	1718	50	0.110197
1	29.75	5553340	4207	50	4.57769
2	29.75	196373	1718	50	0.110197
1	29.8	5553340	4207	50	4.57769
2	29.8	196373	1718	50	0.110197
1	29.85	5553340	4207	50	4.57769
2	29.85	196373	1718	50	0.110197
1	29.9	5553340	4207	50	4.57769
2	29.9	196373	1718	50	0.110197
1	29.95	5553340	4207	50	4.57769
2	29.95	196373	1718	50	0.110197
