1	1.05	0	0	0	-nan
1	1.1	1260	1	52	-nan
2	1.1	0	0	0	-nan
1	1.15	1260	1	52	-nan
2	1.15	129	2	51	0
1	1.2	9838	7	56	0
2	1.2	129	2	51	0
1	1.25	9838	7	56	0
2	1.25	350	6	54	0
1	1.3	20505	15	54	0
2	1.3	408	7	52	0
1	1.35	22082	17	52	0
2	1.35	518	9	52	0
1	1.4	28154	21	63	0
2	1.4	739	13	54	0
1	1.45	46465	35	59	0
2	1.45	797	14	54	0
1	1.5	46523	36	54	0
2	1.5	1242	22	54	0
1	1.55	78436	58	78	0
2	1.55	1298	23	54	0
1	1.6	95233	71	63	0
2	1.6	1854	33	50	0
1	1.65	122636	91	75	0
2	1.65	2315	41	50	0
1	1.7	154533	113	101	1.54904
2	1.7	2654	47	53	0
1	1.75	189526	138	133	1.43604
2	1.75	3223	57	53	0
1	1.8	221553	162	112	1.3389
2	1.8	3903	69	52	0
1	1.85	251993	184	135	1.25572
2	1.85	4471	79	52	0
1	1.9	282378	205	167	2.36251
2	1.9	4872	86	54	0
1	1.95	309722	224	197	2.23272
2	1.95	5441	96	54	0
1	2	346233	250	217	2.11467
2	2	5891	104	53	0
1	2.05	382810	276	244	2.00787
2	2.05	6517	115	53	0
1	2.1	419397	302	264	2.8673
2	2.1	7143	126	53	0
1	2.15	448317	322	289	2.73922
2	2.15	7707	136	53	0
1	2.2	484904	348	305	2.61701
2	2.2	8181	144	53	0
1	2.25	519967	373	326	2.50857
2	2.25	8674	152	53	0
1	2.3	556549	399	349	3.21179
2	2.3	9228	161	50	0
1	2.35	588460	420	368	3.08564
2	2.35	9777	170	50	0
1	2.4	622004	444	392	2.97234
2	2.4	10229	177	51	0
1	2.45	657067	469	418	3.58068
2	2.45	10754	185	51	0
1	2.5	693649	495	445	3.45716
2	2.5	11279	193	51	0
1	2.55	730232	521	465	3.34181
2	2.55	11799	201	51	0
1	2.6	763718	544	491	3.23568
2	2.6	12405	210	53	0
1	2.65	798781	569	514	3.75745
2	2.65	12982	218	53	0
1	2.7	830806	592	539	3.64765
2	2.7	13599	226	54	0
1	2.75	863616	628	240	3.53643
2	2.75	14259	234	54	0
1	2.8	900256	655	236	3.43631
2	2.8	15364	246	51	0
1	2.85	935333	680	238	3.89757
2	2.85	16382	255	51	0
1	2.9	965906	703	243	3.7937
2	2.9	17353	264	53	0
1	2.95	997950	726	244	3.69215
2	2.95	18325	273	53	0
1	3	1028523	749	247	3.59771
2	3	19296	282	53	0
1	3.05	1070245	787	81	4.00806
2	3.05	20337	291	53	0
1	3.1	1108272	812	76	3.9089
2	3.1	22301	307	52	0
1	3.15	1144940	839	82	3.81613
2	3.15	23465	316	52	0
1	3.2	1178609	865	96	3.72627
2	3.2	24822	327	54	0
1	3.25	1212211	890	103	4.09899
2	3.25	26179	338	54	0
1	3.3	1244299	914	104	4.00898
2	3.3	27393	348	53	0
1	3.35	1276378	938	108	3.9201
2	3.35	28612	358	53	0
1	3.4	1310038	964	109	3.83769
2	3.4	29969	369	50	0
1	3.45	1342121	988	108	4.17554
2	3.45	31188	379	50	0
1	3.5	1372685	1011	118	4.08941
2	3.5	32402	389	54	0
1	3.55	1406350	1037	122	4.00571
2	3.55	33428	397	54	0
1	3.6	1443044	1065	109	4.3197
2	3.6	34978	410	50	0
1	3.65	1476651	1090	105	4.2377
2	3.65	36335	421	50	0
1	3.7	1511838	1117	106	4.15683
2	3.7	37549	431	50	0
1	3.75	1546959	1143	106	4.0792
2	3.75	38906	442	50	0
1	3.8	1580620	1169	104	4.36916
2	3.8	40125	452	54	0
1	3.85	1617318	1197	104	4.29113
2	3.85	41482	463	54	0
1	3.9	1650983	1223	102	4.21795
2	3.9	42977	475	52	0
1	3.95	1684585	1248	105	4.14327
2	3.95	44191	485	52	0
1	4	1716664	1272	109	4.41353
2	4	45410	495	53	0
1	4.05	1750329	1298	115	4.3391
2	4.05	46767	506	53	0
1	4.1	1783931	1323	114	4.26825
2	4.1	47986	516	53	0
1	4.15	1817591	1349	110	4.19967
2	4.15	49338	527	53	0
1	4.2	1852713	1375	108	4.44996
2	4.2	50557	537	54	0
1	4.25	1887892	1402	103	4.38121
2	4.25	51914	548	54	0
1	4.3	1919975	1426	107	4.31268
2	4.3	53271	559	54	0
1	4.35	1950597	1450	110	4.24806
2	4.35	54490	569	54	0
1	4.4	1987238	1477	116	4.48193
2	4.4	55704	579	53	0
1	4.45	2022417	1504	112	4.41708
2	4.45	57061	590	53	0
1	4.5	2056024	1529	107	4.35211
2	4.5	58418	601	52	0
1	4.55	2088165	1554	111	4.28966
2	4.55	59692	612	52	0
1	4.6	2126378	1583	107	4.51096
2	4.6	61044	623	50	0
1	4.65	2163023	1610	104	4.44865
2	4.65	62401	634	50	0
1	4.7	2196683	1636	106	4.38836
2	4.7	63758	645	52	0
1	4.75	2231867	1663	108	4.60007
2	4.75	65115	656	52	0
1	4.8	2266984	1689	109	4.538
2	4.8	66472	667	52	0
1	4.85	2302168	1716	107	4.47744
2	4.85	67829	678	52	0
1	4.9	2335828	1742	112	4.42113
2	4.9	69043	688	53	0
1	4.95	2372468	1769	111	4.61926
2	4.95	70400	699	53	0
1	5	2407648	1796	110	4.56053
2	5	71950	712	50	0
1	5.05	2439731	1820	112	4.50481
2	5.05	73169	722	50	0
1	5.1	2470353	1844	122	4.44887
2	5.1	74328	731	54	0
1	5.15	2503955	1869	122	4.63774
2	5.15	75547	741	54	0
1	5.2	2536040	1893	121	4.58285
2	5.2	76766	751	53	0
1	5.25	2568180	1918	119	4.52789
2	5.25	78123	762	53	0
1	5.3	2603301	1944	121	4.47499
2	5.3	79337	772	53	0
1	5.35	2638485	1971	117	4.65657
2	5.35	80694	783	53	0
1	5.4	2675181	1999	106	4.60189
2	5.4	82106	795	51	0
1	5.45	2710305	2025	110	4.54852
2	5.45	83463	806	51	0
1	5.5	2740869	2048	116	4.49865
2	5.5	84682	816	53	0
1	5.55	2773010	2073	124	4.67179
2	5.55	85896	826	53	0
1	5.6	2808131	2099	120	4.61911
2	5.6	87253	837	52	0
1	5.65	2841792	2125	115	4.56899
2	5.65	88472	847	52	0
1	5.7	2875394	2150	116	4.52104
2	5.7	89829	858	51	0
1	5.75	2910573	2177	116	4.68381
2	5.75	91186	869	51	0
1	5.8	2942661	2201	118	4.63617
2	5.8	92400	879	51	0
1	5.85	2976317	2227	124	4.58718
2	5.85	93757	890	51	0
1	5.9	3009919	2252	119	4.54058
2	5.9	94976	900	52	0
1	5.95	3045103	2279	117	4.69811
2	5.95	96195	910	52	0
1	6	3081801	2307	114	4.6497
2	6	97685	922	51	0
1	6.05	3116923	2333	109	4.60346
2	6.05	99042	933	51	0
1	6.1	3150583	2359	116	4.75693
2	6.1	100261	943	54	0
1	6.15	3187286	2387	110	4.71015
2	6.15	101618	954	54	0
1	6.2	3222407	2413	112	4.66404
2	6.2	102975	965	54	0
1	6.25	3257582	2440	111	4.61843
2	6.25	104382	977	54	0
1	6.3	3292766	2467	113	4.76505
2	6.3	105739	988	54	0
1	6.35	3327887	2493	111	4.7203
2	6.35	106958	998	54	0
1	6.4	3367628	2523	104	4.67568
2	6.4	108453	1010	50	0
1	6.45	3404322	2551	104	4.63224
2	6.45	109948	1022	50	0
1	6.5	3437987	2577	113	4.7732
2	6.5	111360	1034	50	0
1	6.55	3470070	2601	120	4.73155
2	6.55	112712	1045	50	0
1	6.6	3500692	2625	124	4.68772
2	6.6	113931	1055	53	0
1	6.65	3531194	2647	134	4.64713
2	6.65	114957	1063	53	0
1	6.7	3567897	2675	130	4.78148
2	6.7	116176	1073	53	0
1	6.75	3603076	2702	120	4.74042
2	6.75	117528	1084	53	0
1	6.8	3636741	2728	116	4.69958
2	6.8	118940	1096	53	0
1	6.85	3670339	2753	116	4.83164
2	6.85	120297	1107	53	0
1	6.9	3702422	2777	125	4.78883
2	6.9	121516	1117	54	0
1	6.95	3732986	2800	129	4.74912
2	6.95	122675	1126	54	0
1	7	3766646	2826	129	4.70982
2	7	123894	1136	51	0
1	7.05	3800251	2851	127	4.66909
2	7.05	125251	1147	51	0
1	7.1	3832390	2876	128	4.79608
2	7.1	126470	1157	52	0
1	7.15	3864473	2900	136	4.75785
2	7.15	127684	1167	52	0
1	7.2	3901176	2928	125	4.71825
2	7.2	129041	1178	51	0
1	7.25	3936297	2954	120	4.84187
2	7.25	130398	1189	51	0
1	7.3	3968434	2979	122	4.8031
2	7.3	131617	1199	54	0.161482
1	7.35	4002099	3005	121	4.76543
2	7.35	132836	1209	54	0.160197
1	7.4	4037220	3031	123	4.72794
2	7.4	134188	1220	52	0.158933
1	7.45	4070880	3057	119	4.84752
2	7.45	135600	1232	52	0.157682
1	7.5	4106002	3083	125	4.80918
2	7.5	136957	1243	51	0.156425
1	7.55	4139662	3109	125	4.77229
2	7.55	138176	1253	51	0.155295
1	7.6	4174788	3135	123	4.73632
2	7.6	139533	1264	52	0.154026
1	7.65	4211486	3163	122	4.85192
2	7.65	140885	1275	52	0.152807
1	7.7	4249704	3192	117	4.81541
2	7.7	142242	1286	50	0.151738
1	7.75	4286402	3220	110	4.77951
2	7.75	143737	1298	50	0.150548
1	7.8	4315447	3242	124	4.74436
2	7.8	145149	1310	53	0.149359
1	7.85	4347530	3266	134	4.85526
2	7.85	146175	1318	53	0.148325
1	7.9	4384229	3294	133	4.82024
2	7.9	147527	1329	50	0.147148
1	7.95	4419408	3321	129	4.78561
2	7.95	148884	1340	50	0.146133
1	8	4453019	3346	123	4.75102
2	8	150103	1350	54	0.145089
1	8.05	4489717	3374	123	4.85979
2	8.05	151460	1361	54	0.143992
1	8.1	4524839	3400	123	4.82583
2	8.1	152872	1373	54	0.142957
1	8.15	4561537	3428	117	4.79072
2	8.15	154224	1384	54	0.14196
1	8.2	4599759	3457	116	4.89771
2	8.2	155581	1395	50	0.141049
1	8.25	4634938	3484	116	4.86444
2	8.25	157076	1407	50	0.140035
1	8.3	4667017	3508	127	4.82959
2	8.3	158433	1418	54	0.139007
1	8.35	4699163	3533	134	4.79772
2	8.35	159652	1428	54	0.138016
1	8.4	4732765	3558	131	4.90143
2	8.4	160866	1438	52	0.137143
1	8.45	4766425	3584	134	4.86709
2	8.45	162223	1449	52	0.136174
1	8.5	4796985	3607	139	4.83492
2	8.5	163442	1459	54	0.135226
1	8.55	4829073	3631	141	4.80298
2	8.55	164661	1469	54	0.134333
1	8.6	4862733	3657	141	4.90402
2	8.6	165875	1479	53	0.133462
1	8.65	4896335	3682	135	4.87155
2	8.65	167094	1489	53	0.132624
1	8.7	4928414	3706	137	4.83901
2	8.7	168451	1500	54	0.131689
1	8.75	4960560	3731	141	4.80729
2	8.75	169670	1510	54	0.130813
1	8.8	4995681	3757	135	4.90601
2	8.8	171022	1521	50	0.129942
1	8.85	5029341	3783	136	4.87424
2	8.85	172241	1531	50	0.129196
1	8.9	5061429	3807	135	4.84316
2	8.9	173598	1542	50	0.128322
1	8.95	5093508	3831	141	4.81242
2	8.95	174817	1552	50	0.127505
1	9	5128687	3858	136	4.90833
2	9	176031	1562	51	0.126679
1	9.05	5165390	3886	132	4.8775
2	9.05	177388	1573	51	0.125886
1	9.1	5199050	3912	132	4.84695
2	9.1	178745	1584	52	0.125112
1	9.15	5232648	3937	132	4.81716
2	9.15	179964	1594	52	0.124368
1	9.2	5266255	3962	132	4.91097
2	9.2	181321	1605	51	0.123584
1	9.25	5299915	3988	137	4.88096
2	9.25	182673	1616	51	0.122772
1	9.3	5331998	4012	136	4.85121
2	9.3	183892	1626	54	0.122045
1	9.35	5365659	4038	139	4.82225
2	9.35	185111	1636	54	0.1213
1	9.4	5403876	4067	131	4.91191
2	9.4	186468	1647	53	0.120558
1	9.45	5439002	4093	122	4.88353
2	9.45	187825	1658	53	0.119834
1	9.5	5475700	4121	122	4.85423
2	9.5	189232	1670	53	0.11914
1	9.55	5512399	4149	124	4.94297
2	9.55	190589	1681	53	0.118454
1	9.6	5544482	4173	129	4.91397
2	9.6	192084	1693	52	0.117703
1	9.65	5551847	4188	52	4.89022
2	9.65	193303	1703	52	0.117018
1	9.7	5552026	4191	52	4.86313
2	9.7	194326	1711	52	0.116426
1	9.75	5552638	4199	52	4.83183
2	9.75	195026	1716	52	0.115702
1	9.8	5553068	4204	51	4.80266
2	9.8	195533	1720	51	0.115436
1	9.85	5553412	4208	51	4.79174
2	9.85	195533	1720	51	0.115436
1	9.9	5553412	4208	51	4.79174
2	9.9	195533	1720	51	0.115436
1	9.95	5553412	4208	51	4.79174
2	9.95	195533	1720	51	0.115436
1	10	5553412	4208	51	4.79174
2	10	195533	1720	51	0.115436
1	10.05	5553412	4208	51	4.79174
2	10.05	195533	1720	51	0.115436
1	10.1	5553412	4208	51	4.79174
2	10.1	195533	1720	51	0.115436
1	10.15	5553412	4208	51	4.79174
2	10.15	195533	1720	51	0.115436
1	10.2	5553412	4208	51	4.79174
2	10.2	195533	1720	51	0.115436
1	10.25	5553412	4208	51	4.79174
2	10.25	195533	1720	51	0.115436
1	10.3	5553412	4208	51	4.79174
2	10.3	195533	1720	51	0.115436
1	10.35	5553412	4208	51	4.79174
2	10.35	195533	1720	51	0.115436
1	10.4	5553412	4208	51	4.79174
2	10.4	195533	1720	51	0.115436
1	10.45	5553412	4208	51	4.79174
2	10.45	195533	1720	51	0.115436
1	10.5	5553412	4208	51	4.79174
2	10.5	195533	1720	51	0.115436
1	10.55	5553412	4208	51	4.79174
2	10.55	195533	1720	51	0.115436
1	10.6	5553412	4208	51	4.79174
2	10.6	195533	1720	51	0.115436
1	10.65	5553412	4208	51	4.79174
2	10.65	195533	1720	51	0.115436
1	10.7	5553412	4208	51	4.79174
2	10.7	195533	1720	51	0.115436
1	10.75	5553412	4208	51	4.79174
2	10.75	195533	1720	51	0.115436
1	10.8	5553412	4208	51	4.79174
2	10.8	195533	1720	51	0.115436
1	10.85	5553412	4208	51	4.79174
2	10.85	195533	1720	51	0.115436
1	10.9	5553412	4208	51	4.79174
2	10.9	195533	1720	51	0.115436
1	10.95	5553412	4208	51	4.79174
2	10.95	195533	1720	51	0.115436
1	11	5553412	4208	51	4.79174
2	11	195533	1720	51	0.115436
1	11.05	5553412	4208	51	4.79174
2	11.05	195533	1720	51	0.115436
1	11.1	5553412	4208	51	4.79174
2	11.1	195533	1720	51	0.115436
1	11.15	5553412	4208	51	4.79174
2	11.15	195533	1720	51	0.115436
1	11.2	5553412	4208	51	4.79174
2	11.2	195533	1720	51	0.115436
1	11.25	5553412	4208	51	4.79174
2	11.25	195533	1720	51	0.115436
1	11.3	5553412	4208	51	4.79174
2	11.3	195533	1720	51	0.115436
1	11.35	5553412	4208	51	4.79174
2	11.35	195533	1720	51	0.115436
1	11.4	5553412	4208	51	4.79174
2	11.4	195533	1720	51	0.115436
1	11.45	5553412	4208	51	4.79174
2	11.45	195533	1720	51	0.115436
1	11.5	5553412	4208	51	4.79174
2	11.5	195533	1720	51	0.115436
1	11.55	5553412	4208	51	4.79174
2	11.55	195533	1720	51	0.115436
1	11.6	5553412	4208	51	4.79174
2	11.6	195533	1720	51	0.115436
1	11.65	5553412	4208	51	4.79174
2	11.65	195533	1720	51	0.115436
1	11.7	5553412	4208	51	4.79174
2	11.7	195533	1720	51	0.115436
1	11.75	5553412	4208	51	4.79174
2	11.75	195533	1720	51	0.115436
1	11.8	5553412	4208	51	4.79174
2	11.8	195533	1720	51	0.115436
1	11.85	5553412	4208	51	4.79174
2	11.85	195533	1720	51	0.115436
1	11.9	5553412	4208	51	4.79174
2	11.9	195533	1720	51	0.115436
1	11.95	5553412	4208	51	4.79174
2	11.95	195533	1720	51	0.115436
1	12	5553412	4208	51	4.79174
2	12	195533	1720	51	0.115436
1	12.05	5553412	4208	51	4.79174
2	12.05	195533	1720	51	0.115436
1	12.1	5553412	4208	51	4.79174
2	12.1	195533	1720	51	0.115436
1	12.15	5553412	4208	51	4.79174
2	12.15	195533	1720	51	0.115436
1	12.2	5553412	4208	51	4.79174
2	12.2	195533	1720	51	0.115436
1	12.25	5553412	4208	51	4.79174
2	12.25	195533	1720	51	0.115436
1	12.3	5553412	4208	51	4.79174
2	12.3	195533	1720	51	0.115436
1	12.35	5553412	4208	51	4.79174
2	12.35	195533	1720	51	0.115436
1	12.4	5553412	4208	51	4.79174
2	12.4	195533	1720	51	0.115436
1	12.45	5553412	4208	51	4.79174
2	12.45	195533	1720	51	0.115436
1	12.5	5553412	4208	51	4.79174
2	12.5	195533	1720	51	0.115436
1	12.55	5553412	4208	51	4.79174
2	12.55	195533	1720	51	0.115436
1	12.6	5553412	4208	51	4.79174
2	12.6	195533	1720	51	0.115436
1	12.65	5553412	4208	51	4.79174
2	12.65	195533	1720	51	0.115436
1	12.7	5553412	4208	51	4.79174
2	12.7	195533	1720	51	0.115436
1	12.75	5553412	4208	51	4.79174
2	12.75	195533	1720	51	0.115436
1	12.8	5553412	4208	51	4.79174
2	12.8	195533	1720	51	0.115436
1	12.85	5553412	4208	51	4.79174
2	12.85	195533	1720	51	0.115436
1	12.9	5553412	4208	51	4.79174
2	12.9	195533	1720	51	0.115436
1	12.95	5553412	4208	51	4.79174
2	12.95	195533	1720	51	0.115436
1	13	5553412	4208	51	4.79174
2	13	195533	1720	51	0.115436
1	13.05	5553412	4208	51	4.79174
2	13.05	195533	1720	51	0.115436
1	13.1	5553412	4208	51	4.79174
2	13.1	195533	1720	51	0.115436
1	13.15	5553412	4208	51	4.79174
2	13.15	195533	1720	51	0.115436
1	13.2	5553412	4208	51	4.79174
2	13.2	195533	1720	51	0.115436
1	13.25	5553412	4208	51	4.79174
2	13.25	195533	1720	51	0.115436
1	13.3	5553412	4208	51	4.79174
2	13.3	195533	1720	51	0.115436
1	13.35	5553412	4208	51	4.79174
2	13.35	195533	1720	51	0.115436
1	13.4	5553412	4208	51	4.79174
2	13.4	195533	1720	51	0.115436
1	13.45	5553412	4208	51	4.79174
2	13.45	195533	1720	51	0.115436
1	13.5	5553412	4208	51	4.79174
2	13.5	195533	1720	51	0.115436
1	13.55	5553412	4208	51	4.79174
2	13.55	195533	1720	51	0.115436
1	13.6	5553412	4208	51	4.79174
2	13.6	195533	1720	51	0.115436
1	13.65	5553412	4208	51	4.79174
2	13.65	195533	1720	51	0.115436
1	13.7	5553412	4208	51	4.79174
2	13.7	195533	1720	51	0.115436
1	13.75	5553412	4208	51	4.79174
2	13.75	195533	1720	51	0.115436
1	13.8	5553412	4208	51	4.79174
2	13.8	195533	1720	51	0.115436
1	13.85	5553412	4208	51	4.79174
2	13.85	195533	1720	51	0.115436
1	13.9	5553412	4208	51	4.79174
2	13.9	195533	1720	51	0.115436
1	13.95	5553412	4208	51	4.79174
2	13.95	195533	1720	51	0.115436
1	14	5553412	4208	51	4.79174
2	14	195533	1720	51	0.115436
1	14.05	5553412	4208	51	4.79174
2	14.05	195533	1720	51	0.115436
1	14.1	5553412	4208	51	4.79174
2	14.1	195533	1720	51	0.115436
1	14.15	5553412	4208	51	4.79174
2	14.15	195533	1720	51	0.115436
1	14.2	5553412	4208	51	4.79174
2	14.2	195533	1720	51	0.115436
1	14.25	5553412	4208	51	4.79174
2	14.25	195533	1720	51	0.115436
1	14.3	5553412	4208	51	4.79174
2	14.3	195533	1720	51	0.115436
1	14.35	5553412	4208	51	4.79174
2	14.35	195533	1720	51	0.115436
1	14.4	5553412	4208	51	4.79174
2	14.4	195533	1720	51	0.115436
1	14.45	5553412	4208	51	4.79174
2	14.45	195533	1720	51	0.115436
1	14.5	5553412	4208	51	4.79174
2	14.5	195533	1720	51	0.115436
1	14.55	5553412	4208	51	4.79174
2	14.55	195533	1720	51	0.115436
1	14.6	5553412	4208	51	4.79174
2	14.6	195533	1720	51	0.115436
1	14.65	5553412	4208	51	4.79174
2	14.65	195533	1720	51	0.115436
1	14.7	5553412	4208	51	4.79174
2	14.7	195533	1720	51	0.115436
1	14.75	5553412	4208	51	4.79174
2	14.75	195533	1720	51	0.115436
1	14.8	5553412	4208	51	4.79174
2	14.8	195533	1720	51	0.115436
1	14.85	5553412	4208	51	4.79174
2	14.85	195533	1720	51	0.115436
1	14.9	5553412	4208	51	4.79174
2	14.9	195533	1720	51	0.115436
1	14.95	5553412	4208	51	4.79174
2	14.95	195533	1720	51	0.115436
1	15	5553412	4208	51	4.79174
2	15	195533	1720	51	0.115436
1	15.05	5553412	4208	51	4.79174
2	15.05	195533	1720	51	0.115436
1	15.1	5553412	4208	51	4.79174
2	15.1	195533	1720	51	0.115436
1	15.15	5553412	4208	51	4.79174
2	15.15	195533	1720	51	0.115436
1	15.2	5553412	4208	51	4.79174
2	15.2	195533	1720	51	0.115436
1	15.25	5553412	4208	51	4.79174
2	15.25	195533	1720	51	0.115436
1	15.3	5553412	4208	51	4.79174
2	15.3	195533	1720	51	0.115436
1	15.35	5553412	4208	51	4.79174
2	15.35	195533	1720	51	0.115436
1	15.4	5553412	4208	51	4.79174
2	15.4	195533	1720	51	0.115436
1	15.45	5553412	4208	51	4.79174
2	15.45	195533	1720	51	0.115436
1	15.5	5553412	4208	51	4.79174
2	15.5	195533	1720	51	0.115436
1	15.55	5553412	4208	51	4.79174
2	15.55	195533	1720	51	0.115436
1	15.6	5553412	4208	51	4.79174
2	15.6	195533	1720	51	0.115436
1	15.65	5553412	4208	51	4.79174
2	15.65	195533	1720	51	0.115436
1	15.7	5553412	4208	51	4.79174
2	15.7	195533	1720	51	0.115436
1	15.75	5553412	4208	51	4.79174
2	15.75	195533	1720	51	0.115436
1	15.8	5553412	4208	51	4.79174
2	15.8	195533	1720	51	0.115436
1	15.85	5553412	4208	51	4.79174
2	15.85	195533	1720	51	0.115436
1	15.9	5553412	4208	51	4.79174
2	15.9	195533	1720	51	0.115436
1	15.95	5553412	4208	51	4.79174
2	15.95	195533	1720	51	0.115436
1	16	5553412	4208	51	4.79174
2	16	195533	1720	51	0.115436
1	16.05	5553412	4208	51	4.79174
2	16.05	195533	1720	51	0.115436
1	16.1	5553412	4208	51	4.79174
2	16.1	195533	1720	51	0.115436
1	16.15	5553412	4208	51	4.79174
2	16.15	195533	1720	51	0.115436
1	16.2	5553412	4208	51	4.79174
2	16.2	195533	1720	51	0.115436
1	16.25	5553412	4208	51	4.79174
2	16.25	195533	1720	51	0.115436
1	16.3	5553412	4208	51	4.79174
2	16.3	195533	1720	51	0.115436
1	16.35	5553412	4208	51	4.79174
2	16.35	195533	1720	51	0.115436
1	16.4	5553412	4208	51	4.79174
2	16.4	195533	1720	51	0.115436
1	16.45	5553412	4208	51	4.79174
2	16.45	195533	1720	51	0.115436
1	16.5	5553412	4208	51	4.79174
2	16.5	195533	1720	51	0.115436
1	16.55	5553412	4208	51	4.79174
2	16.55	195533	1720	51	0.115436
1	16.6	5553412	4208	51	4.79174
2	16.6	195533	1720	51	0.115436
1	16.65	5553412	4208	51	4.79174
2	16.65	195533	1720	51	0.115436
1	16.7	5553412	4208	51	4.79174
2	16.7	195533	1720	51	0.115436
1	16.75	5553412	4208	51	4.79174
2	16.75	195533	1720	51	0.115436
1	16.8	5553412	4208	51	4.79174
2	16.8	195533	1720	51	0.115436
1	16.85	5553412	4208	51	4.79174
2	16.85	195533	1720	51	0.115436
1	16.9	5553412	4208	51	4.79174
2	16.9	195533	1720	51	0.115436
1	16.95	5553412	4208	51	4.79174
2	16.95	195533	1720	51	0.115436
1	17	5553412	4208	51	4.79174
2	17	195533	1720	51	0.115436
1	17.05	5553412	4208	51	4.79174
2	17.05	195533	1720	51	0.115436
1	17.1	5553412	4208	51	4.79174
2	17.1	195533	1720	51	0.115436
1	17.15	5553412	4208	51	4.79174
2	17.15	195533	1720	51	0.115436
1	17.2	5553412	4208	51	4.79174
2	17.2	195533	1720	51	0.115436
1	17.25	5553412	4208	51	4.79174
2	17.25	195533	1720	51	0.115436
1	17.3	5553412	4208	51	4.79174
2	17.3	195533	1720	51	0.115436
1	17.35	5553412	4208	51	4.79174
2	17.35	195533	1720	51	0.115436
1	17.4	5553412	4208	51	4.79174
2	17.4	195533	1720	51	0.115436
1	17.45	5553412	4208	51	4.79174
2	17.45	195533	1720	51	0.115436
1	17.5	5553412	4208	51	4.79174
2	17.5	195533	1720	51	0.115436
1	17.55	5553412	4208	51	4.79174
2	17.55	195533	1720	51	0.115436
1	17.6	5553412	4208	51	4.79174
2	17.6	195533	1720	51	0.115436
1	17.65	5553412	4208	51	4.79174
2	17.65	195533	1720	51	0.115436
1	17.7	5553412	4208	51	4.79174
2	17.7	195533	1720	51	0.115436
1	17.75	5553412	4208	51	4.79174
2	17.75	195533	1720	51	0.115436
1	17.8	5553412	4208	51	4.79174
2	17.8	195533	1720	51	0.115436
1	17.85	5553412	4208	51	4.79174
2	17.85	195533	1720	51	0.115436
1	17.9	5553412	4208	51	4.79174
2	17.9	195533	1720	51	0.115436
1	17.95	5553412	4208	51	4.79174
2	17.95	195533	1720	51	0.115436
1	18	5553412	4208	51	4.79174
2	18	195533	1720	51	0.115436
1	18.05	5553412	4208	51	4.79174
2	18.05	195533	1720	51	0.115436
1	18.1	5553412	4208	51	4.79174
2	18.1	195533	1720	51	0.115436
1	18.15	5553412	4208	51	4.79174
2	18.15	195533	1720	51	0.115436
1	18.2	5553412	4208	51	4.79174
2	18.2	195533	1720	51	0.115436
1	18.25	5553412	4208	51	4.79174
2	18.25	195533	1720	51	0.115436
1	18.3	5553412	4208	51	4.79174
2	18.3	195533	1720	51	0.115436
1	18.35	5553412	4208	51	4.79174
2	18.35	195533	1720	51	0.115436
1	18.4	5553412	4208	51	4.79174
2	18.4	195533	1720	51	0.115436
1	18.45	5553412	4208	51	4.79174
2	18.45	195533	1720	51	0.115436
1	18.5	5553412	4208	51	4.79174
2	18.5	195533	1720	51	0.115436
1	18.55	5553412	4208	51	4.79174
2	18.55	195533	1720	51	0.115436
1	18.6	5553412	4208	51	4.79174
2	18.6	195533	1720	51	0.115436
1	18.65	5553412	4208	51	4.79174
2	18.65	195533	1720	51	0.115436
1	18.7	5553412	4208	51	4.79174
2	18.7	195533	1720	51	0.115436
1	18.75	5553412	4208	51	4.79174
2	18.75	195533	1720	51	0.115436
1	18.8	5553412	4208	51	4.79174
2	18.8	195533	1720	51	0.115436
1	18.85	5553412	4208	51	4.79174
2	18.85	195533	1720	51	0.115436
1	18.9	5553412	4208	51	4.79174
2	18.9	195533	1720	51	0.115436
1	18.95	5553412	4208	51	4.79174
2	18.95	195533	1720	51	0.115436
1	19	5553412	4208	51	4.79174
2	19	195533	1720	51	0.115436
1	19.05	5553412	4208	51	4.79174
2	19.05	195533	1720	51	0.115436
1	19.1	5553412	4208	51	4.79174
2	19.1	195533	1720	51	0.115436
1	19.15	5553412	4208	51	4.79174
2	19.15	195533	1720	51	0.115436
1	19.2	5553412	4208	51	4.79174
2	19.2	195533	1720	51	0.115436
1	19.25	5553412	4208	51	4.79174
2	19.25	195533	1720	51	0.115436
1	19.3	5553412	4208	51	4.79174
2	19.3	195533	1720	51	0.115436
1	19.35	5553412	4208	51	4.79174
2	19.35	195533	1720	51	0.115436
1	19.4	5553412	4208	51	4.79174
2	19.4	195533	1720	51	0.115436
1	19.45	5553412	4208	51	4.79174
2	19.45	195533	1720	51	0.115436
1	19.5	5553412	4208	51	4.79174
2	19.5	195533	1720	51	0.115436
1	19.55	5553412	4208	51	4.79174
2	19.55	195533	1720	51	0.115436
1	19.6	5553412	4208	51	4.79174
2	19.6	195533	1720	51	0.115436
1	19.65	5553412	4208	51	4.79174
2	19.65	195533	1720	51	0.115436
1	19.7	5553412	4208	51	4.79174
2	19.7	195533	1720	51	0.115436
1	19.75	5553412	4208	51	4.79174
2	19.75	195533	1720	51	0.115436
1	19.8	5553412	4208	51	4.79174
2	19.8	195533	1720	51	0.115436
1	19.85	5553412	4208	51	4.79174
2	19.85	195533	1720	51	0.115436
1	19.9	5553412	4208	51	4.79174
2	19.9	195533	1720	51	0.115436
1	19.95	5553412	4208	51	4.79174
2	19.95	195533	1720	51	0.115436
1	20	5553412	4208	51	4.79174
2	20	195533	1720	51	0.115436
1	20.05	5553412	4208	51	4.79174
2	20.05	195533	1720	51	0.115436
1	20.1	5553412	4208	51	4.79174
2	20.1	195533	1720	51	0.115436
1	20.15	5553412	4208	51	4.79174
2	20.15	195533	1720	51	0.115436
1	20.2	5553412	4208	51	4.79174
2	20.2	195533	1720	51	0.115436
1	20.25	5553412	4208	51	4.79174
2	20.25	195533	1720	51	0.115436
1	20.3	5553412	4208	51	4.79174
2	20.3	195533	1720	51	0.115436
1	20.35	5553412	4208	51	4.79174
2	20.35	195533	1720	51	0.115436
1	20.4	5553412	4208	51	4.79174
2	20.4	195533	1720	51	0.115436
1	20.45	5553412	4208	51	4.79174
2	20.45	195533	1720	51	0.115436
1	20.5	5553412	4208	51	4.79174
2	20.5	195533	1720	51	0.115436
1	20.55	5553412	4208	51	4.79174
2	20.55	195533	1720	51	0.115436
1	20.6	5553412	4208	51	4.79174
2	20.6	195533	1720	51	0.115436
1	20.65	5553412	4208	51	4.79174
2	20.65	195533	1720	51	0.115436
1	20.7	5553412	4208	51	4.79174
2	20.7	195533	1720	51	0.115436
1	20.75	5553412	4208	51	4.79174
2	20.75	195533	1720	51	0.115436
1	20.8	5553412	4208	51	4.79174
2	20.8	195533	1720	51	0.115436
1	20.85	5553412	4208	51	4.79174
2	20.85	195533	1720	51	0.115436
1	20.9	5553412	4208	51	4.79174
2	20.9	195533	1720	51	0.115436
1	20.95	5553412	4208	51	4.79174
2	20.95	195533	1720	51	0.115436
1	21	5553412	4208	51	4.79174
2	21	195533	1720	51	0.115436
1	21.05	5553412	4208	51	4.79174
2	21.05	195533	1720	51	0.115436
1	21.1	5553412	4208	51	4.79174
2	21.1	195533	1720	51	0.115436
1	21.15	5553412	4208	51	4.79174
2	21.15	195533	1720	51	0.115436
1	21.2	5553412	4208	51	4.79174
2	21.2	195533	1720	51	0.115436
1	21.25	5553412	4208	51	4.79174
2	21.25	195533	1720	51	0.115436
1	21.3	5553412	4208	51	4.79174
2	21.3	195533	1720	51	0.115436
1	21.35	5553412	4208	51	4.79174
2	21.35	195533	1720	51	0.115436
1	21.4	5553412	4208	51	4.79174
2	21.4	195533	1720	51	0.115436
1	21.45	5553412	4208	51	4.79174
2	21.45	195533	1720	51	0.115436
1	21.5	5553412	4208	51	4.79174
2	21.5	195533	1720	51	0.115436
1	21.55	5553412	4208	51	4.79174
2	21.55	195533	1720	51	0.115436
1	21.6	5553412	4208	51	4.79174
2	21.6	195533	1720	51	0.115436
1	21.65	5553412	4208	51	4.79174
2	21.65	195533	1720	51	0.115436
1	21.7	5553412	4208	51	4.79174
2	21.7	195533	1720	51	0.115436
1	21.75	5553412	4208	51	4.79174
2	21.75	195533	1720	51	0.115436
1	21.8	5553412	4208	51	4.79174
2	21.8	195533	1720	51	0.115436
1	21.85	5553412	4208	51	4.79174
2	21.85	195533	1720	51	0.115436
1	21.9	5553412	4208	51	4.79174
2	21.9	195533	1720	51	0.115436
1	21.95	5553412	4208	51	4.79174
2	21.95	195533	1720	51	0.115436
1	22	5553412	4208	51	4.79174
2	22	195533	1720	51	0.115436
1	22.05	5553412	4208	51	4.79174
2	22.05	195533	1720	51	0.115436
1	22.1	5553412	4208	51	4.79174
2	22.1	195533	1720	51	0.115436
1	22.15	5553412	4208	51	4.79174
2	22.15	195533	1720	51	0.115436
1	22.2	5553412	4208	51	4.79174
2	22.2	195533	1720	51	0.115436
1	22.25	5553412	4208	51	4.79174
2	22.25	195533	1720	51	0.115436
1	22.3	5553412	4208	51	4.79174
2	22.3	195533	1720	51	0.115436
1	22.35	5553412	4208	51	4.79174
2	22.35	195533	1720	51	0.115436
1	22.4	5553412	4208	51	4.79174
2	22.4	195533	1720	51	0.115436
1	22.45	5553412	4208	51	4.79174
2	22.45	195533	1720	51	0.115436
1	22.5	5553412	4208	51	4.79174
2	22.5	195533	1720	51	0.115436
1	22.55	5553412	4208	51	4.79174
2	22.55	195533	1720	51	0.115436
1	22.6	5553412	4208	51	4.79174
2	22.6	195533	1720	51	0.115436
1	22.65	5553412	4208	51	4.79174
2	22.65	195533	1720	51	0.115436
1	22.7	5553412	4208	51	4.79174
2	22.7	195533	1720	51	0.115436
1	22.75	5553412	4208	51	4.79174
2	22.75	195533	1720	51	0.115436
1	22.8	5553412	4208	51	4.79174
2	22.8	195533	1720	51	0.115436
1	22.85	5553412	4208	51	4.79174
2	22.85	195533	1720	51	0.115436
1	22.9	5553412	4208	51	4.79174
2	22.9	195533	1720	51	0.115436
1	22.95	5553412	4208	51	4.79174
2	22.95	195533	1720	51	0.115436
1	23	5553412	4208	51	4.79174
2	23	195533	1720	51	0.115436
1	23.05	5553412	4208	51	4.79174
2	23.05	195533	1720	51	0.115436
1	23.1	5553412	4208	51	4.79174
2	23.1	195533	1720	51	0.115436
1	23.15	5553412	4208	51	4.79174
2	23.15	195533	1720	51	0.115436
1	23.2	5553412	4208	51	4.79174
2	23.2	195533	1720	51	0.115436
1	23.25	5553412	4208	51	4.79174
2	23.25	195533	1720	51	0.115436
1	23.3	5553412	4208	51	4.79174
2	23.3	195533	1720	51	0.115436
1	23.35	5553412	4208	51	4.79174
2	23.35	195533	1720	51	0.115436
1	23.4	5553412	4208	51	4.79174
2	23.4	195533	1720	51	0.115436
1	23.45	5553412	4208	51	4.79174
2	23.45	195533	1720	51	0.115436
1	23.5	5553412	4208	51	4.79174
2	23.5	195533	1720	51	0.115436
1	23.55	5553412	4208	51	4.79174
2	23.55	195533	1720	51	0.115436
1	23.6	5553412	4208	51	4.79174
2	23.6	195533	1720	51	0.115436
1	23.65	5553412	4208	51	4.79174
2	23.65	195533	1720	51	0.115436
1	23.7	5553412	4208	51	4.79174
2	23.7	195533	1720	51	0.115436
1	23.75	5553412	4208	51	4.79174
2	23.75	195533	1720	51	0.115436
1	23.8	5553412	4208	51	4.79174
2	23.8	195533	1720	51	0.115436
1	23.85	5553412	4208	51	4.79174
2	23.85	195533	1720	51	0.115436
1	23.9	5553412	4208	51	4.79174
2	23.9	195533	1720	51	0.115436
1	23.95	5553412	4208	51	4.79174
2	23.95	195533	1720	51	0.115436
1	24	5553412	4208	51	4.79174
2	24	195533	1720	51	0.115436
1	24.05	5553412	4208	51	4.79174
2	24.05	195533	1720	51	0.115436
1	24.1	5553412	4208	51	4.79174
2	24.1	195533	1720	51	0.115436
1	24.15	5553412	4208	51	4.79174
2	24.15	195533	1720	51	0.115436
1	24.2	5553412	4208	51	4.79174
2	24.2	195533	1720	51	0.115436
1	24.25	5553412	4208	51	4.79174
2	24.25	195533	1720	51	0.115436
1	24.3	5553412	4208	51	4.79174
2	24.3	195533	1720	51	0.115436
1	24.35	5553412	4208	51	4.79174
2	24.35	195533	1720	51	0.115436
1	24.4	5553412	4208	51	4.79174
2	24.4	195533	1720	51	0.115436
1	24.45	5553412	4208	51	4.79174
2	24.45	195533	1720	51	0.115436
1	24.5	5553412	4208	51	4.79174
2	24.5	195533	1720	51	0.115436
1	24.55	5553412	4208	51	4.79174
2	24.55	195533	1720	51	0.115436
1	24.6	5553412	4208	51	4.79174
2	24.6	195533	1720	51	0.115436
1	24.65	5553412	4208	51	4.79174
2	24.65	195533	1720	51	0.115436
1	24.7	5553412	4208	51	4.79174
2	24.7	195533	1720	51	0.115436
1	24.75	5553412	4208	51	4.79174
2	24.75	195533	1720	51	0.115436
1	24.8	5553412	4208	51	4.79174
2	24.8	195533	1720	51	0.115436
1	24.85	5553412	4208	51	4.79174
2	24.85	195533	1720	51	0.115436
1	24.9	5553412	4208	51	4.79174
2	24.9	195533	1720	51	0.115436
1	24.95	5553412	4208	51	4.79174
2	24.95	195533	1720	51	0.115436
1	25	5553412	4208	51	4.79174
2	25	195533	1720	51	0.115436
1	25.05	5553412	4208	51	4.79174
2	25.05	195533	1720	51	0.115436
1	25.1	5553412	4208	51	4.79174
2	25.1	195533	1720	51	0.115436
1	25.15	5553412	4208	51	4.79174
2	25.15	195533	1720	51	0.115436
1	25.2	5553412	4208	51	4.79174
2	25.2	195533	1720	51	0.115436
1	25.25	5553412	4208	51	4.79174
2	25.25	195533	1720	51	0.115436
1	25.3	5553412	4208	51	4.79174
2	25.3	195533	1720	51	0.115436
1	25.35	5553412	4208	51	4.79174
2	25.35	195533	1720	51	0.115436
1	25.4	5553412	4208	51	4.79174
2	25.4	195533	1720	51	0.115436
1	25.45	5553412	4208	51	4.79174
2	25.45	195533	1720	51	0.115436
1	25.5	5553412	4208	51	4.79174
2	25.5	195533	1720	51	0.115436
1	25.55	5553412	4208	51	4.79174
2	25.55	195533	1720	51	0.115436
1	25.6	5553412	4208	51	4.79174
2	25.6	195533	1720	51	0.115436
1	25.65	5553412	4208	51	4.79174
2	25.65	195533	1720	51	0.115436
1	25.7	5553412	4208	51	4.79174
2	25.7	195533	1720	51	0.115436
1	25.75	5553412	4208	51	4.79174
2	25.75	195533	1720	51	0.115436
1	25.8	5553412	4208	51	4.79174
2	25.8	195533	1720	51	0.115436
1	25.85	5553412	4208	51	4.79174
2	25.85	195533	1720	51	0.115436
1	25.9	5553412	4208	51	4.79174
2	25.9	195533	1720	51	0.115436
1	25.95	5553412	4208	51	4.79174
2	25.95	195533	1720	51	0.115436
1	26	5553412	4208	51	4.79174
2	26	195533	1720	51	0.115436
1	26.05	5553412	4208	51	4.79174
2	26.05	195533	1720	51	0.115436
1	26.1	5553412	4208	51	4.79174
2	26.1	195533	1720	51	0.115436
1	26.15	5553412	4208	51	4.79174
2	26.15	195533	1720	51	0.115436
1	26.2	5553412	4208	51	4.79174
2	26.2	195533	1720	51	0.115436
1	26.25	5553412	4208	51	4.79174
2	26.25	195533	1720	51	0.115436
1	26.3	5553412	4208	51	4.79174
2	26.3	195533	1720	51	0.115436
1	26.35	5553412	4208	51	4.79174
2	26.35	195533	1720	51	0.115436
1	26.4	5553412	4208	51	4.79174
2	26.4	195533	1720	51	0.115436
1	26.45	5553412	4208	51	4.79174
2	26.45	195533	1720	51	0.115436
1	26.5	5553412	4208	51	4.79174
2	26.5	195533	1720	51	0.115436
1	26.55	5553412	4208	51	4.79174
2	26.55	195533	1720	51	0.115436
1	26.6	5553412	4208	51	4.79174
2	26.6	195533	1720	51	0.115436
1	26.65	5553412	4208	51	4.79174
2	26.65	195533	1720	51	0.115436
1	26.7	5553412	4208	51	4.79174
2	26.7	195533	1720	51	0.115436
1	26.75	5553412	4208	51	4.79174
2	26.75	195533	1720	51	0.115436
1	26.8	5553412	4208	51	4.79174
2	26.8	195533	1720	51	0.115436
1	26.85	5553412	4208	51	4.79174
2	26.85	195533	1720	51	0.115436
1	26.9	5553412	4208	51	4.79174
2	26.9	195533	1720	51	0.115436
1	26.95	5553412	4208	51	4.79174
2	26.95	195533	1720	51	0.115436
1	27	5553412	4208	51	4.79174
2	27	195533	1720	51	0.115436
1	27.05	5553412	4208	51	4.79174
2	27.05	195533	1720	51	0.115436
1	27.1	5553412	4208	51	4.79174
2	27.1	195533	1720	51	0.115436
1	27.15	5553412	4208	51	4.79174
2	27.15	195533	1720	51	0.115436
1	27.2	5553412	4208	51	4.79174
2	27.2	195533	1720	51	0.115436
1	27.25	5553412	4208	51	4.79174
2	27.25	195533	1720	51	0.115436
1	27.3	5553412	4208	51	4.79174
2	27.3	195533	1720	51	0.115436
1	27.35	5553412	4208	51	4.79174
2	27.35	195533	1720	51	0.115436
1	27.4	5553412	4208	51	4.79174
2	27.4	195533	1720	51	0.115436
1	27.45	5553412	4208	51	4.79174
2	27.45	195533	1720	51	0.115436
1	27.5	5553412	4208	51	4.79174
2	27.5	195533	1720	51	0.115436
1	27.55	5553412	4208	51	4.79174
2	27.55	195533	1720	51	0.115436
1	27.6	5553412	4208	51	4.79174
2	27.6	195533	1720	51	0.115436
1	27.65	5553412	4208	51	4.79174
2	27.65	195533	1720	51	0.115436
1	27.7	5553412	4208	51	4.79174
2	27.7	195533	1720	51	0.115436
1	27.75	5553412	4208	51	4.79174
2	27.75	195533	1720	51	0.115436
1	27.8	5553412	4208	51	4.79174
2	27.8	195533	1720	51	0.115436
1	27.85	5553412	4208	51	4.79174
2	27.85	195533	1720	51	0.115436
1	27.9	5553412	4208	51	4.79174
2	27.9	195533	1720	51	0.115436
1	27.95	5553412	4208	51	4.79174
2	27.95	195533	1720	51	0.115436
1	28	5553412	4208	51	4.79174
2	28	195533	1720	51	0.115436
1	28.05	5553412	4208	51	4.79174
2	28.05	195533	1720	51	0.115436
1	28.1	5553412	4208	51	4.79174
2	28.1	195533	1720	51	0.115436
1	28.15	5553412	4208	51	4.79174
2	28.15	195533	1720	51	0.115436
1	28.2	5553412	4208	51	4.79174
2	28.2	195533	1720	51	0.115436
1	28.25	5553412	4208	51	4.79174
2	28.25	195533	1720	51	0.115436
1	28.3	5553412	4208	51	4.79174
2	28.3	195533	1720	51	0.115436
1	28.35	5553412	4208	51	4.79174
2	28.35	195533	1720	51	0.115436
1	28.4	5553412	4208	51	4.79174
2	28.4	195533	1720	51	0.115436
1	28.45	5553412	4208	51	4.79174
2	28.45	195533	1720	51	0.115436
1	28.5	5553412	4208	51	4.79174
2	28.5	195533	1720	51	0.115436
1	28.55	5553412	4208	51	4.79174
2	28.55	195533	1720	51	0.115436
1	28.6	5553412	4208	51	4.79174
2	28.6	195533	1720	51	0.115436
1	28.65	5553412	4208	51	4.79174
2	28.65	195533	1720	51	0.115436
1	28.7	5553412	4208	51	4.79174
2	28.7	195533	1720	51	0.115436
1	28.75	5553412	4208	51	4.79174
2	28.75	195533	1720	51	0.115436
1	28.8	5553412	4208	51	4.79174
2	28.8	195533	1720	51	0.115436
1	28.85	5553412	4208	51	4.79174
2	28.85	195533	1720	51	0.115436
1	28.9	5553412	4208	51	4.79174
2	28.9	195533	1720	51	0.115436
1	28.95	5553412	4208	51	4.79174
2	28.95	195533	1720	51	0.115436
1	29	5553412	4208	51	4.79174
2	29	195533	1720	51	0.115436
1	29.05	5553412	4208	51	4.79174
2	29.05	195533	1720	51	0.115436
1	29.1	5553412	4208	51	4.79174
2	29.1	195533	1720	51	0.115436
1	29.15	5553412	4208	51	4.79174
2	29.15	195533	1720	51	0.115436
1	29.2	5553412	4208	51	4.79174
2	29.2	195533	1720	51	0.115436
1	29.25	5553412	4208	51	4.79174
2	29.25	195533	1720	51	0.115436
1	29.3	5553412	4208	51	4.79174
2	29.3	195533	1720	51	0.115436
1	29.35	5553412	4208	51	4.79174
2	29.35	195533	1720	51	0.115436
1	29.4	5553412	4208	51	4.79174
2	29.4	195533	1720	51	0.115436
1	29.45	5553412	4208	51	4.79174
2	29.45	195533	1720	51	0.115436
1	29.5	5553412	4208	51	4.79174
2	29.5	195533	1720	51	0.115436
1	29.55	5553412	4208	51	4.79174
2	29.55	195533	1720	51	0.115436
1	29.6	5553412	4208	51	4.79174
2	29.6	195533	1720	51	0.115436
1	29.65	5553412	4208	51	4.79174
2	29.65	195533	1720	51	0.115436
1	29.7	5553412	4208	51	4.79174
2	29.7	195533	1720	51	0.115436
1	29.75	5553412	4208	51	4.79174
2	29.75	195533	1720	51	0.115436
1	29.8	5553412	4208	51	4.79174
2	29.8	195533	1720	51	0.115436
1	29.85	5553412	4208	51	4.79174
2	29.85	195533	1720	51	0.115436
1	29.9	5553412	4208	51	4.79174
2	29.9	195533	1720	51	0.115436
1	29.95	5553412	4208	51	4.79174
2	29.95	195533	1720	51	0.115436
