1	1.05	0	0	0	-nan
1	1.1	1260	1	55	-nan
2	1.1	0	0	0	-nan
1	1.15	1260	1	55	-nan
2	1.15	129	2	53	0
1	1.2	9838	7	53	0
2	1.2	129	2	53	0
1	1.25	9838	7	53	0
2	1.25	350	6	51	0
1	1.3	22026	16	54	0
2	1.3	408	7	50	0
1	1.35	22082	17	50	0
2	1.35	627	11	50	0
1	1.4	31190	23	67	0
2	1.4	797	14	53	0
1	1.45	46465	35	60	0
2	1.45	857	15	53	0
1	1.5	49564	38	55	0
2	1.5	1242	22	51	0
1	1.55	86021	63	82	0
2	1.55	1354	24	51	0
1	1.6	95233	71	68	0
2	1.6	1907	34	54	0
1	1.65	124097	91	78	0
2	1.65	2315	41	54	0
1	1.7	160602	117	98	1.55484
2	1.7	2765	49	53	0
1	1.75	197167	144	81	1.44166
2	1.75	3391	60	53	0
1	1.8	229130	167	108	1.34321
2	1.8	4017	71	53	0
1	1.85	259570	189	140	1.2596
2	1.85	4524	80	53	0
1	1.9	292983	212	168	2.36996
2	1.9	5036	89	54	0
1	1.95	323423	234	192	2.2389
2	1.95	5605	99	54	0
1	2	356858	257	220	2.11908
2	2	6169	109	53	0
1	2.05	388888	280	249	2.01262
2	2.05	6681	118	53	0
1	2.1	425468	306	273	2.87268
2	2.1	7250	128	53	0
1	2.15	454395	326	296	2.74269
2	2.15	7819	138	53	0
1	2.2	486420	349	317	2.62479
2	2.2	8296	146	54	0
1	2.25	519964	373	340	2.51146
2	2.25	8821	154	54	0
1	2.3	553450	396	364	3.21898
2	2.3	9346	162	52	0
1	2.35	583952	418	390	3.09154
2	2.35	9866	170	52	0
1	2.4	617496	442	410	2.9764
2	2.4	10346	177	53	0
1	2.45	650982	465	436	2.87202
2	2.45	10935	185	53	0
1	2.5	687564	491	461	3.46131
2	2.5	11519	193	51	0
1	2.55	721104	515	485	3.3469
2	2.55	12108	201	51	0
1	2.6	757691	541	501	3.23995
2	2.6	12697	209	51	0
1	2.65	792696	565	528	3.76338
2	2.65	13399	218	51	0
1	2.7	826124	587	554	3.6512
2	2.7	14067	226	51	0
1	2.75	861381	615	528	3.53999
2	2.75	14796	234	51	0
1	2.8	895487	648	240	3.44167
2	2.8	15581	242	52	0
1	2.85	933660	676	237	3.90004
2	2.85	16922	254	52	0
1	2.9	965694	699	247	3.79555
2	2.9	17987	263	53	0
1	2.95	997773	723	256	3.69667
2	2.95	18841	270	53	0
1	3	1031375	748	238	3.59924
2	3	19944	279	50	0
1	3.05	1066589	775	234	4.01238
2	3.05	21017	287	50	0
1	3.1	1100578	806	90	3.91583
2	3.1	22126	295	54	0
1	3.15	1135537	828	92	3.82043
2	3.15	23649	306	54	0
1	3.2	1170681	854	98	3.73129
2	3.2	24835	317	53	0
1	3.25	1204283	879	102	4.10434
2	3.25	26137	327	53	0
1	3.3	1236424	904	109	4.01271
2	3.3	27549	339	52	0
1	3.35	1268505	928	115	3.92215
2	3.35	28768	349	52	0
1	3.4	1300586	952	118	3.84066
2	3.4	29789	357	53	0
1	3.45	1334251	978	115	4.17866
2	3.45	31146	368	53	0
1	3.5	1370891	1005	106	4.09051
2	3.5	32503	379	53	0
1	3.55	1406075	1032	101	4.00986
2	3.55	33777	390	53	0
1	3.6	1439731	1058	105	3.92977
2	3.6	35272	402	50	0
1	3.65	1470295	1081	111	4.24008
2	3.65	36624	413	50	0
1	3.7	1502378	1105	119	4.15985
2	3.7	37705	422	51	0
1	3.75	1534466	1129	123	4.08434
2	3.75	38924	432	51	0
1	3.8	1571160	1157	112	4.00947
2	3.8	40143	442	51	0
1	3.85	1607863	1185	107	4.29601
2	3.85	41633	454	51	0
1	3.9	1643042	1212	105	4.21807
2	3.9	42990	465	50	0
1	3.95	1675125	1236	109	4.14734
2	3.95	44209	475	50	0
1	4	1708728	1261	112	4.41582
2	4	45566	486	50	0
1	4.05	1742388	1287	117	4.34116
2	4.05	46785	496	50	0
1	4.1	1774471	1311	120	4.27122
2	4.1	48137	507	51	0
1	4.15	1808131	1337	115	4.20165
2	4.15	49356	517	51	0
1	4.2	1843253	1363	111	4.45377
2	4.2	50575	527	51	0
1	4.25	1879951	1391	109	4.38206
2	4.25	51932	538	51	0
1	4.3	1913616	1417	109	4.31596
2	4.3	53284	549	51	0
1	4.35	1948795	1444	110	4.24896
2	4.35	54641	560	51	0
1	4.4	1980874	1468	114	4.48612
2	4.4	55998	571	50	0
1	4.45	2012962	1492	118	4.42027
2	4.45	57217	581	50	0
1	4.5	2045103	1517	117	4.35675
2	4.5	58436	591	54	0
1	4.55	2081743	1544	121	4.29244
2	4.55	59650	601	54	0
1	4.6	2113886	1569	112	4.51551
2	4.6	61007	612	54	0
1	4.65	2145968	1593	110	4.45348
2	4.65	62226	622	54	0
1	4.7	2184185	1622	111	4.39203
2	4.7	63583	633	50	0
1	4.75	2220888	1650	104	4.33077
2	4.75	65078	645	50	0
1	4.8	2256005	1676	109	4.53948
2	4.8	66485	657	52	0
1	4.85	2291189	1703	110	4.48146
2	4.85	67704	667	52	0
1	4.9	2324791	1728	109	4.42301
2	4.9	69061	678	54	0
1	4.95	2359970	1755	109	4.62235
2	4.95	70280	688	54	0
1	5	2396669	1783	106	4.56441
2	5	71632	699	53	0
1	5.05	2433372	1811	104	4.50717
2	5.05	73127	711	53	0
1	5.1	2466974	1836	109	4.45123
2	5.1	74484	722	52	0
1	5.15	2499115	1861	113	4.64148
2	5.15	75841	733	52	0
1	5.2	2531198	1885	122	4.58558
2	5.2	77060	743	53	0
1	5.25	2564801	1910	124	4.52962
2	5.25	78274	753	53	0
1	5.3	2599980	1937	118	4.47663
2	5.3	79493	763	53	0
1	5.35	2635159	1964	113	4.65818
2	5.35	80850	774	53	0
1	5.4	2668766	1989	114	4.60452
2	5.4	82400	787	51	0
1	5.45	2700845	2013	117	4.55168
2	5.45	83619	797	51	0
1	5.5	2736024	2040	120	4.50073
2	5.5	84833	807	50	0
1	5.55	2771208	2067	121	4.67261
2	5.55	86190	818	50	0
1	5.6	2801772	2090	120	4.62264
2	5.6	87409	828	54	0
1	5.65	2836947	2117	124	4.57104
2	5.65	88628	838	54	0
1	5.7	2872073	2143	120	4.5211
2	5.7	89980	849	51	0
1	5.75	2904214	2168	119	4.68656
2	5.75	91337	860	51	0
1	5.8	2936297	2192	121	4.6372
2	5.8	92694	871	50	0
1	5.85	2966857	2215	132	4.59021
2	5.85	93913	881	50	0
1	5.9	2997421	2238	134	4.54173
2	5.9	94989	890	52	0
1	5.95	3027985	2261	142	4.70044
2	5.95	96153	899	52	0
1	6	3064688	2289	128	4.65178
2	6	97372	909	51	0
1	6.05	3099863	2316	124	4.6058
2	6.05	98729	920	51	0
1	6.1	3136566	2344	112	4.5591
2	6.1	99998	931	51	0
1	6.15	3171687	2370	111	4.7117
2	6.15	101493	943	51	0
1	6.2	3203833	2395	115	4.66598
2	6.2	102850	954	51	0
1	6.25	3235915	2419	123	4.62075
2	6.25	104069	964	51	0
1	6.3	3267995	2443	127	4.57753
2	6.3	105288	974	50	0
1	6.35	3300136	2468	131	4.7231
2	6.35	106502	984	50	0
1	6.4	3333743	2493	133	4.67802
2	6.4	107666	993	54	0
1	6.45	3368922	2520	128	4.63557
2	6.45	108885	1003	54	0
1	6.5	3405621	2548	119	4.59287
2	6.5	110435	1016	52	0
1	6.55	3440742	2574	114	4.73296
2	6.55	111792	1027	52	0
1	6.6	3474402	2600	114	4.69051
2	6.6	113144	1038	53	0
1	6.65	3509528	2626	118	4.64782
2	6.65	114363	1048	53	0
1	6.7	3543184	2652	121	4.78392
2	6.7	115720	1059	51	0
1	6.75	3575267	2676	126	4.74213
2	6.75	117077	1070	51	0
1	6.8	3608932	2702	124	4.70141
2	6.8	118291	1080	51	0
1	6.85	3644053	2728	125	4.65978
2	6.85	119648	1091	51	0
1	6.9	3677709	2754	125	4.7911
2	6.9	120867	1101	52	0
1	6.95	3711316	2779	127	4.75141
2	6.95	122224	1112	52	0
1	7	3743457	2804	130	4.71067
2	7	123443	1122	52	0
1	7.05	3774021	2827	132	4.67217
2	7.05	124657	1132	52	0
1	7.1	3807619	2852	131	4.79824
2	7.1	125876	1142	52	0
1	7.15	3841284	2878	135	4.75829
2	7.15	127095	1152	52	0
1	7.2	3871848	2901	134	4.72074
2	7.2	128452	1163	53	0
1	7.25	3903931	2925	133	4.68263
2	7.25	129666	1173	53	0
1	7.3	3939109	2952	130	4.80477
2	7.3	130885	1183	52	0
1	7.35	3972771	2978	129	4.76739
2	7.35	132242	1194	52	0.160239
1	7.4	4007892	3004	126	4.72959
2	7.4	133599	1205	51	0.158961
1	7.45	4043071	3031	122	4.69163
2	7.45	134813	1215	51	0.15781
1	7.5	4073640	3054	133	4.8103
2	7.5	136032	1225	53	0.156604
1	7.55	4104200	3077	136	4.7745
2	7.55	137251	1235	53	0.155344
1	7.6	4142417	3106	128	4.73654
2	7.6	138608	1246	51	0.154061
1	7.65	4177601	3133	127	4.70142
2	7.65	139960	1257	51	0.152935
1	7.7	4208165	3156	129	4.81739
2	7.7	141317	1268	52	0.151729
1	7.75	4240244	3180	133	4.78086
2	7.75	142536	1278	52	0.150618
1	7.8	4276947	3208	127	4.74497
2	7.8	143755	1288	50	0.14952
1	7.85	4312126	3235	125	4.71006
2	7.85	145112	1299	50	0.148439
1	7.9	4342690	3258	134	4.82163
2	7.9	146326	1309	54	0.147355
1	7.95	4374769	3282	135	4.78761
2	7.95	147545	1319	54	0.146236
1	8	4409953	3309	132	4.75232
2	8	148902	1330	51	0.145168
1	8.05	4442036	3333	132	4.71867
2	8.05	150259	1341	51	0.144099
1	8.1	4474119	3357	137	4.82654
2	8.1	151473	1351	52	0.143056
1	8.15	4506256	3382	143	4.79255
2	8.15	152692	1361	52	0.142023
1	8.2	4538344	3406	143	4.75914
2	8.2	153911	1371	52	0.141023
1	8.25	4570485	3431	140	4.72621
2	8.25	155130	1381	52	0.140084
1	8.3	4604087	3456	138	4.83099
2	8.3	156344	1391	51	0.139135
1	8.35	4636170	3480	138	4.79818
2	8.35	157701	1402	51	0.138109
1	8.4	4669831	3506	141	4.76597
2	8.4	158782	1411	54	0.137247
1	8.45	4706529	3534	135	4.73358
2	8.45	160139	1422	54	0.136228
1	8.5	4740131	3559	128	4.83577
2	8.5	161491	1433	53	0.135358
1	8.55	4772219	3583	127	4.80353
2	8.55	162848	1444	53	0.134412
1	8.6	4802779	3606	133	4.77284
2	8.6	164067	1454	54	0.133496
1	8.65	4836439	3632	143	4.7402
2	8.65	165286	1464	54	0.132601
1	8.7	4871623	3659	135	4.8404
2	8.7	166500	1474	51	0.131788
1	8.75	4905225	3684	129	4.80903
2	8.75	167857	1485	51	0.130933
1	8.8	4940400	3711	133	4.77797
2	8.8	169214	1496	53	0.13001
1	8.85	4977103	3739	125	4.74737
2	8.85	170433	1506	53	0.129237
1	8.9	5013743	3766	122	4.84437
2	8.9	171928	1518	52	0.128357
1	8.95	5048927	3793	123	4.81397
2	8.95	173335	1530	52	0.127535
1	9	5079487	3816	132	4.78372
2	9	174692	1541	54	0.126733
1	9.05	5111628	3841	141	4.75326
2	9.05	175718	1549	54	0.126023
1	9.1	5148273	3868	132	4.84831
2	9.1	177075	1560	52	0.125138
1	9.15	5183452	3895	133	4.81906
2	9.15	178487	1572	52	0.124394
1	9.2	5217050	3920	132	4.78826
2	9.2	179839	1583	54	0.123613
1	9.25	5249196	3945	132	4.88213
2	9.25	181058	1593	54	0.122861
1	9.3	5282798	3970	132	4.85236
2	9.3	182277	1603	54	0.122108
1	9.35	5316458	3996	138	4.82291
2	9.35	183634	1614	54	0.121359
1	9.4	5353099	4023	134	4.7935
2	9.4	184986	1625	51	0.120633
1	9.45	5386759	4049	130	4.88443
2	9.45	186343	1636	51	0.119897
1	9.5	5420361	4074	134	4.85608
2	9.5	187562	1646	53	0.119227
1	9.55	5457122	4103	134	4.82679
2	9.55	188919	1657	53	0.118469
1	9.6	5493758	4130	126	4.79841
2	9.6	190414	1669	50	0.117767
1	9.65	5527423	4156	127	4.8874
2	9.65	191771	1680	50	0.117074
1	9.7	5551444	4181	52	4.86689
2	9.7	192985	1690	52	0.116439
1	9.75	5551676	4185	52	4.83376
2	9.75	194481	1702	52	0.115756
1	9.8	5552118	4191	54	4.80764
2	9.8	195042	1706	54	0.115092
1	9.85	5552523	4196	54	4.78351
2	9.85	195828	1712	54	0.114461
1	9.9	5553125	4203	53	4.74959
2	9.9	195969	1713	53	0.114188
1	9.95	5553211	4204	53	4.73842
2	9.95	195969	1713	53	0.114188
1	10	5553211	4204	53	4.73842
2	10	195969	1713	53	0.114188
1	10.05	5553211	4204	53	4.73842
2	10.05	195969	1713	53	0.114188
1	10.1	5553211	4204	53	4.73842
2	10.1	195969	1713	53	0.114188
1	10.15	5553211	4204	53	4.73842
2	10.15	195969	1713	53	0.114188
1	10.2	5553211	4204	53	4.73842
2	10.2	195969	1713	53	0.114188
1	10.25	5553211	4204	53	4.73842
2	10.25	195969	1713	53	0.114188
1	10.3	5553211	4204	53	4.73842
2	10.3	195969	1713	53	0.114188
1	10.35	5553211	4204	53	4.73842
2	10.35	195969	1713	53	0.114188
1	10.4	5553211	4204	53	4.73842
2	10.4	195969	1713	53	0.114188
1	10.45	5553211	4204	53	4.73842
2	10.45	195969	1713	53	0.114188
1	10.5	5553211	4204	53	4.73842
2	10.5	195969	1713	53	0.114188
1	10.55	5553211	4204	53	4.73842
2	10.55	195969	1713	53	0.114188
1	10.6	5553211	4204	53	4.73842
2	10.6	195969	1713	53	0.114188
1	10.65	5553211	4204	53	4.73842
2	10.65	195969	1713	53	0.114188
1	10.7	5553211	4204	53	4.73842
2	10.7	195969	1713	53	0.114188
1	10.75	5553211	4204	53	4.73842
2	10.75	195969	1713	53	0.114188
1	10.8	5553211	4204	53	4.73842
2	10.8	195969	1713	53	0.114188
1	10.85	5553211	4204	53	4.73842
2	10.85	195969	1713	53	0.114188
1	10.9	5553211	4204	53	4.73842
2	10.9	195969	1713	53	0.114188
1	10.95	5553211	4204	53	4.73842
2	10.95	195969	1713	53	0.114188
1	11	5553211	4204	53	4.73842
2	11	195969	1713	53	0.114188
1	11.05	5553211	4204	53	4.73842
2	11.05	195969	1713	53	0.114188
1	11.1	5553211	4204	53	4.73842
2	11.1	195969	1713	53	0.114188
1	11.15	5553211	4204	53	4.73842
2	11.15	195969	1713	53	0.114188
1	11.2	5553211	4204	53	4.73842
2	11.2	195969	1713	53	0.114188
1	11.25	5553211	4204	53	4.73842
2	11.25	195969	1713	53	0.114188
1	11.3	5553211	4204	53	4.73842
2	11.3	195969	1713	53	0.114188
1	11.35	5553211	4204	53	4.73842
2	11.35	195969	1713	53	0.114188
1	11.4	5553211	4204	53	4.73842
2	11.4	195969	1713	53	0.114188
1	11.45	5553211	4204	53	4.73842
2	11.45	195969	1713	53	0.114188
1	11.5	5553211	4204	53	4.73842
2	11.5	195969	1713	53	0.114188
1	11.55	5553211	4204	53	4.73842
2	11.55	195969	1713	53	0.114188
1	11.6	5553211	4204	53	4.73842
2	11.6	195969	1713	53	0.114188
1	11.65	5553211	4204	53	4.73842
2	11.65	195969	1713	53	0.114188
1	11.7	5553211	4204	53	4.73842
2	11.7	195969	1713	53	0.114188
1	11.75	5553211	4204	53	4.73842
2	11.75	195969	1713	53	0.114188
1	11.8	5553211	4204	53	4.73842
2	11.8	195969	1713	53	0.114188
1	11.85	5553211	4204	53	4.73842
2	11.85	195969	1713	53	0.114188
1	11.9	5553211	4204	53	4.73842
2	11.9	195969	1713	53	0.114188
1	11.95	5553211	4204	53	4.73842
2	11.95	195969	1713	53	0.114188
1	12	5553211	4204	53	4.73842
2	12	195969	1713	53	0.114188
1	12.05	5553211	4204	53	4.73842
2	12.05	195969	1713	53	0.114188
1	12.1	5553211	4204	53	4.73842
2	12.1	195969	1713	53	0.114188
1	12.15	5553211	4204	53	4.73842
2	12.15	195969	1713	53	0.114188
1	12.2	5553211	4204	53	4.73842
2	12.2	195969	1713	53	0.114188
1	12.25	5553211	4204	53	4.73842
2	12.25	195969	1713	53	0.114188
1	12.3	5553211	4204	53	4.73842
2	12.3	195969	1713	53	0.114188
1	12.35	5553211	4204	53	4.73842
2	12.35	195969	1713	53	0.114188
1	12.4	5553211	4204	53	4.73842
2	12.4	195969	1713	53	0.114188
1	12.45	5553211	4204	53	4.73842
2	12.45	195969	1713	53	0.114188
1	12.5	5553211	4204	53	4.73842
2	12.5	195969	1713	53	0.114188
1	12.55	5553211	4204	53	4.73842
2	12.55	195969	1713	53	0.114188
1	12.6	5553211	4204	53	4.73842
2	12.6	195969	1713	53	0.114188
1	12.65	5553211	4204	53	4.73842
2	12.65	195969	1713	53	0.114188
1	12.7	5553211	4204	53	4.73842
2	12.7	195969	1713	53	0.114188
1	12.75	5553211	4204	53	4.73842
2	12.75	195969	1713	53	0.114188
1	12.8	5553211	4204	53	4.73842
2	12.8	195969	1713	53	0.114188
1	12.85	5553211	4204	53	4.73842
2	12.85	195969	1713	53	0.114188
1	12.9	5553211	4204	53	4.73842
2	12.9	195969	1713	53	0.114188
1	12.95	5553211	4204	53	4.73842
2	12.95	195969	1713	53	0.114188
1	13	5553211	4204	53	4.73842
2	13	195969	1713	53	0.114188
1	13.05	5553211	4204	53	4.73842
2	13.05	195969	1713	53	0.114188
1	13.1	5553211	4204	53	4.73842
2	13.1	195969	1713	53	0.114188
1	13.15	5553211	4204	53	4.73842
2	13.15	195969	1713	53	0.114188
1	13.2	5553211	4204	53	4.73842
2	13.2	195969	1713	53	0.114188
1	13.25	5553211	4204	53	4.73842
2	13.25	195969	1713	53	0.114188
1	13.3	5553211	4204	53	4.73842
2	13.3	195969	1713	53	0.114188
1	13.35	5553211	4204	53	4.73842
2	13.35	195969	1713	53	0.114188
1	13.4	5553211	4204	53	4.73842
2	13.4	195969	1713	53	0.114188
1	13.45	5553211	4204	53	4.73842
2	13.45	195969	1713	53	0.114188
1	13.5	5553211	4204	53	4.73842
2	13.5	195969	1713	53	0.114188
1	13.55	5553211	4204	53	4.73842
2	13.55	195969	1713	53	0.114188
1	13.6	5553211	4204	53	4.73842
2	13.6	195969	1713	53	0.114188
1	13.65	5553211	4204	53	4.73842
2	13.65	195969	1713	53	0.114188
1	13.7	5553211	4204	53	4.73842
2	13.7	195969	1713	53	0.114188
1	13.75	5553211	4204	53	4.73842
2	13.75	195969	1713	53	0.114188
1	13.8	5553211	4204	53	4.73842
2	13.8	195969	1713	53	0.114188
1	13.85	5553211	4204	53	4.73842
2	13.85	195969	1713	53	0.114188
1	13.9	5553211	4204	53	4.73842
2	13.9	195969	1713	53	0.114188
1	13.95	5553211	4204	53	4.73842
2	13.95	195969	1713	53	0.114188
1	14	5553211	4204	53	4.73842
2	14	195969	1713	53	0.114188
1	14.05	5553211	4204	53	4.73842
2	14.05	195969	1713	53	0.114188
1	14.1	5553211	4204	53	4.73842
2	14.1	195969	1713	53	0.114188
1	14.15	5553211	4204	53	4.73842
2	14.15	195969	1713	53	0.114188
1	14.2	5553211	4204	53	4.73842
2	14.2	195969	1713	53	0.114188
1	14.25	5553211	4204	53	4.73842
2	14.25	195969	1713	53	0.114188
1	14.3	5553211	4204	53	4.73842
2	14.3	195969	1713	53	0.114188
1	14.35	5553211	4204	53	4.73842
2	14.35	195969	1713	53	0.114188
1	14.4	5553211	4204	53	4.73842
2	14.4	195969	1713	53	0.114188
1	14.45	5553211	4204	53	4.73842
2	14.45	195969	1713	53	0.114188
1	14.5	5553211	4204	53	4.73842
2	14.5	195969	1713	53	0.114188
1	14.55	5553211	4204	53	4.73842
2	14.55	195969	1713	53	0.114188
1	14.6	5553211	4204	53	4.73842
2	14.6	195969	1713	53	0.114188
1	14.65	5553211	4204	53	4.73842
2	14.65	195969	1713	53	0.114188
1	14.7	5553211	4204	53	4.73842
2	14.7	195969	1713	53	0.114188
1	14.75	5553211	4204	53	4.73842
2	14.75	195969	1713	53	0.114188
1	14.8	5553211	4204	53	4.73842
2	14.8	195969	1713	53	0.114188
1	14.85	5553211	4204	53	4.73842
2	14.85	195969	1713	53	0.114188
1	14.9	5553211	4204	53	4.73842
2	14.9	195969	1713	53	0.114188
1	14.95	5553211	4204	53	4.73842
2	14.95	195969	1713	53	0.114188
1	15	5553211	4204	53	4.73842
2	15	195969	1713	53	0.114188
1	15.05	5553211	4204	53	4.73842
2	15.05	195969	1713	53	0.114188
1	15.1	5553211	4204	53	4.73842
2	15.1	195969	1713	53	0.114188
1	15.15	5553211	4204	53	4.73842
2	15.15	195969	1713	53	0.114188
1	15.2	5553211	4204	53	4.73842
2	15.2	195969	1713	53	0.114188
1	15.25	5553211	4204	53	4.73842
2	15.25	195969	1713	53	0.114188
1	15.3	5553211	4204	53	4.73842
2	15.3	195969	1713	53	0.114188
1	15.35	5553211	4204	53	4.73842
2	15.35	195969	1713	53	0.114188
1	15.4	5553211	4204	53	4.73842
2	15.4	195969	1713	53	0.114188
1	15.45	5553211	4204	53	4.73842
2	15.45	195969	1713	53	0.114188
1	15.5	5553211	4204	53	4.73842
2	15.5	195969	1713	53	0.114188
1	15.55	5553211	4204	53	4.73842
2	15.55	195969	1713	53	0.114188
1	15.6	5553211	4204	53	4.73842
2	15.6	195969	1713	53	0.114188
1	15.65	5553211	4204	53	4.73842
2	15.65	195969	1713	53	0.114188
1	15.7	5553211	4204	53	4.73842
2	15.7	195969	1713	53	0.114188
1	15.75	5553211	4204	53	4.73842
2	15.75	195969	1713	53	0.114188
1	15.8	5553211	4204	53	4.73842
2	15.8	195969	1713	53	0.114188
1	15.85	5553211	4204	53	4.73842
2	15.85	195969	1713	53	0.114188
1	15.9	5553211	4204	53	4.73842
2	15.9	195969	1713	53	0.114188
1	15.95	5553211	4204	53	4.73842
2	15.95	195969	1713	53	0.114188
1	16	5553211	4204	53	4.73842
2	16	195969	1713	53	0.114188
1	16.05	5553211	4204	53	4.73842
2	16.05	195969	1713	53	0.114188
1	16.1	5553211	4204	53	4.73842
2	16.1	195969	1713	53	0.114188
1	16.15	5553211	4204	53	4.73842
2	16.15	195969	1713	53	0.114188
1	16.2	5553211	4204	53	4.73842
2	16.2	195969	1713	53	0.114188
1	16.25	5553211	4204	53	4.73842
2	16.25	195969	1713	53	0.114188
1	16.3	5553211	4204	53	4.73842
2	16.3	195969	1713	53	0.114188
1	16.35	5553211	4204	53	4.73842
2	16.35	195969	1713	53	0.114188
1	16.4	5553211	4204	53	4.73842
2	16.4	195969	1713	53	0.114188
1	16.45	5553211	4204	53	4.73842
2	16.45	195969	1713	53	0.114188
1	16.5	5553211	4204	53	4.73842
2	16.5	195969	1713	53	0.114188
1	16.55	5553211	4204	53	4.73842
2	16.55	195969	1713	53	0.114188
1	16.6	5553211	4204	53	4.73842
2	16.6	195969	1713	53	0.114188
1	16.65	5553211	4204	53	4.73842
2	16.65	195969	1713	53	0.114188
1	16.7	5553211	4204	53	4.73842
2	16.7	195969	1713	53	0.114188
1	16.75	5553211	4204	53	4.73842
2	16.75	195969	1713	53	0.114188
1	16.8	5553211	4204	53	4.73842
2	16.8	195969	1713	53	0.114188
1	16.85	5553211	4204	53	4.73842
2	16.85	195969	1713	53	0.114188
1	16.9	5553211	4204	53	4.73842
2	16.9	195969	1713	53	0.114188
1	16.95	5553211	4204	53	4.73842
2	16.95	195969	1713	53	0.114188
1	17	5553211	4204	53	4.73842
2	17	195969	1713	53	0.114188
1	17.05	5553211	4204	53	4.73842
2	17.05	195969	1713	53	0.114188
1	17.1	5553211	4204	53	4.73842
2	17.1	195969	1713	53	0.114188
1	17.15	5553211	4204	53	4.73842
2	17.15	195969	1713	53	0.114188
1	17.2	5553211	4204	53	4.73842
2	17.2	195969	1713	53	0.114188
1	17.25	5553211	4204	53	4.73842
2	17.25	195969	1713	53	0.114188
1	17.3	5553211	4204	53	4.73842
2	17.3	195969	1713	53	0.114188
1	17.35	5553211	4204	53	4.73842
2	17.35	195969	1713	53	0.114188
1	17.4	5553211	4204	53	4.73842
2	17.4	195969	1713	53	0.114188
1	17.45	5553211	4204	53	4.73842
2	17.45	195969	1713	53	0.114188
1	17.5	5553211	4204	53	4.73842
2	17.5	195969	1713	53	0.114188
1	17.55	5553211	4204	53	4.73842
2	17.55	195969	1713	53	0.114188
1	17.6	5553211	4204	53	4.73842
2	17.6	195969	1713	53	0.114188
1	17.65	5553211	4204	53	4.73842
2	17.65	195969	1713	53	0.114188
1	17.7	5553211	4204	53	4.73842
2	17.7	195969	1713	53	0.114188
1	17.75	5553211	4204	53	4.73842
2	17.75	195969	1713	53	0.114188
1	17.8	5553211	4204	53	4.73842
2	17.8	195969	1713	53	0.114188
1	17.85	5553211	4204	53	4.73842
2	17.85	195969	1713	53	0.114188
1	17.9	5553211	4204	53	4.73842
2	17.9	195969	1713	53	0.114188
1	17.95	5553211	4204	53	4.73842
2	17.95	195969	1713	53	0.114188
1	18	5553211	4204	53	4.73842
2	18	195969	1713	53	0.114188
1	18.05	5553211	4204	53	4.73842
2	18.05	195969	1713	53	0.114188
1	18.1	5553211	4204	53	4.73842
2	18.1	195969	1713	53	0.114188
1	18.15	5553211	4204	53	4.73842
2	18.15	195969	1713	53	0.114188
1	18.2	5553211	4204	53	4.73842
2	18.2	195969	1713	53	0.114188
1	18.25	5553211	4204	53	4.73842
2	18.25	195969	1713	53	0.114188
1	18.3	5553211	4204	53	4.73842
2	18.3	195969	1713	53	0.114188
1	18.35	5553211	4204	53	4.73842
2	18.35	195969	1713	53	0.114188
1	18.4	5553211	4204	53	4.73842
2	18.4	195969	1713	53	0.114188
1	18.45	5553211	4204	53	4.73842
2	18.45	195969	1713	53	0.114188
1	18.5	5553211	4204	53	4.73842
2	18.5	195969	1713	53	0.114188
1	18.55	5553211	4204	53	4.73842
2	18.55	195969	1713	53	0.114188
1	18.6	5553211	4204	53	4.73842
2	18.6	195969	1713	53	0.114188
1	18.65	5553211	4204	53	4.73842
2	18.65	195969	1713	53	0.114188
1	18.7	5553211	4204	53	4.73842
2	18.7	195969	1713	53	0.114188
1	18.75	5553211	4204	53	4.73842
2	18.75	195969	1713	53	0.114188
1	18.8	5553211	4204	53	4.73842
2	18.8	195969	1713	53	0.114188
1	18.85	5553211	4204	53	4.73842
2	18.85	195969	1713	53	0.114188
1	18.9	5553211	4204	53	4.73842
2	18.9	195969	1713	53	0.114188
1	18.95	5553211	4204	53	4.73842
2	18.95	195969	1713	53	0.114188
1	19	5553211	4204	53	4.73842
2	19	195969	1713	53	0.114188
1	19.05	5553211	4204	53	4.73842
2	19.05	195969	1713	53	0.114188
1	19.1	5553211	4204	53	4.73842
2	19.1	195969	1713	53	0.114188
1	19.15	5553211	4204	53	4.73842
2	19.15	195969	1713	53	0.114188
1	19.2	5553211	4204	53	4.73842
2	19.2	195969	1713	53	0.114188
1	19.25	5553211	4204	53	4.73842
2	19.25	195969	1713	53	0.114188
1	19.3	5553211	4204	53	4.73842
2	19.3	195969	1713	53	0.114188
1	19.35	5553211	4204	53	4.73842
2	19.35	195969	1713	53	0.114188
1	19.4	5553211	4204	53	4.73842
2	19.4	195969	1713	53	0.114188
1	19.45	5553211	4204	53	4.73842
2	19.45	195969	1713	53	0.114188
1	19.5	5553211	4204	53	4.73842
2	19.5	195969	1713	53	0.114188
1	19.55	5553211	4204	53	4.73842
2	19.55	195969	1713	53	0.114188
1	19.6	5553211	4204	53	4.73842
2	19.6	195969	1713	53	0.114188
1	19.65	5553211	4204	53	4.73842
2	19.65	195969	1713	53	0.114188
1	19.7	5553211	4204	53	4.73842
2	19.7	195969	1713	53	0.114188
1	19.75	5553211	4204	53	4.73842
2	19.75	195969	1713	53	0.114188
1	19.8	5553211	4204	53	4.73842
2	19.8	195969	1713	53	0.114188
1	19.85	5553211	4204	53	4.73842
2	19.85	195969	1713	53	0.114188
1	19.9	5553211	4204	53	4.73842
2	19.9	195969	1713	53	0.114188
1	19.95	5553211	4204	53	4.73842
2	19.95	195969	1713	53	0.114188
1	20	5553211	4204	53	4.73842
2	20	195969	1713	53	0.114188
1	20.05	5553211	4204	53	4.73842
2	20.05	195969	1713	53	0.114188
1	20.1	5553211	4204	53	4.73842
2	20.1	195969	1713	53	0.114188
1	20.15	5553211	4204	53	4.73842
2	20.15	195969	1713	53	0.114188
1	20.2	5553211	4204	53	4.73842
2	20.2	195969	1713	53	0.114188
1	20.25	5553211	4204	53	4.73842
2	20.25	195969	1713	53	0.114188
1	20.3	5553211	4204	53	4.73842
2	20.3	195969	1713	53	0.114188
1	20.35	5553211	4204	53	4.73842
2	20.35	195969	1713	53	0.114188
1	20.4	5553211	4204	53	4.73842
2	20.4	195969	1713	53	0.114188
1	20.45	5553211	4204	53	4.73842
2	20.45	195969	1713	53	0.114188
1	20.5	5553211	4204	53	4.73842
2	20.5	195969	1713	53	0.114188
1	20.55	5553211	4204	53	4.73842
2	20.55	195969	1713	53	0.114188
1	20.6	5553211	4204	53	4.73842
2	20.6	195969	1713	53	0.114188
1	20.65	5553211	4204	53	4.73842
2	20.65	195969	1713	53	0.114188
1	20.7	5553211	4204	53	4.73842
2	20.7	195969	1713	53	0.114188
1	20.75	5553211	4204	53	4.73842
2	20.75	195969	1713	53	0.114188
1	20.8	5553211	4204	53	4.73842
2	20.8	195969	1713	53	0.114188
1	20.85	5553211	4204	53	4.73842
2	20.85	195969	1713	53	0.114188
1	20.9	5553211	4204	53	4.73842
2	20.9	195969	1713	53	0.114188
1	20.95	5553211	4204	53	4.73842
2	20.95	195969	1713	53	0.114188
1	21	5553211	4204	53	4.73842
2	21	195969	1713	53	0.114188
1	21.05	5553211	4204	53	4.73842
2	21.05	195969	1713	53	0.114188
1	21.1	5553211	4204	53	4.73842
2	21.1	195969	1713	53	0.114188
1	21.15	5553211	4204	53	4.73842
2	21.15	195969	1713	53	0.114188
1	21.2	5553211	4204	53	4.73842
2	21.2	195969	1713	53	0.114188
1	21.25	5553211	4204	53	4.73842
2	21.25	195969	1713	53	0.114188
1	21.3	5553211	4204	53	4.73842
2	21.3	195969	1713	53	0.114188
1	21.35	5553211	4204	53	4.73842
2	21.35	195969	1713	53	0.114188
1	21.4	5553211	4204	53	4.73842
2	21.4	195969	1713	53	0.114188
1	21.45	5553211	4204	53	4.73842
2	21.45	195969	1713	53	0.114188
1	21.5	5553211	4204	53	4.73842
2	21.5	195969	1713	53	0.114188
1	21.55	5553211	4204	53	4.73842
2	21.55	195969	1713	53	0.114188
1	21.6	5553211	4204	53	4.73842
2	21.6	195969	1713	53	0.114188
1	21.65	5553211	4204	53	4.73842
2	21.65	195969	1713	53	0.114188
1	21.7	5553211	4204	53	4.73842
2	21.7	195969	1713	53	0.114188
1	21.75	5553211	4204	53	4.73842
2	21.75	195969	1713	53	0.114188
1	21.8	5553211	4204	53	4.73842
2	21.8	195969	1713	53	0.114188
1	21.85	5553211	4204	53	4.73842
2	21.85	195969	1713	53	0.114188
1	21.9	5553211	4204	53	4.73842
2	21.9	195969	1713	53	0.114188
1	21.95	5553211	4204	53	4.73842
2	21.95	195969	1713	53	0.114188
1	22	5553211	4204	53	4.73842
2	22	195969	1713	53	0.114188
1	22.05	5553211	4204	53	4.73842
2	22.05	195969	1713	53	0.114188
1	22.1	5553211	4204	53	4.73842
2	22.1	195969	1713	53	0.114188
1	22.15	5553211	4204	53	4.73842
2	22.15	195969	1713	53	0.114188
1	22.2	5553211	4204	53	4.73842
2	22.2	195969	1713	53	0.114188
1	22.25	5553211	4204	53	4.73842
2	22.25	195969	1713	53	0.114188
1	22.3	5553211	4204	53	4.73842
2	22.3	195969	1713	53	0.114188
1	22.35	5553211	4204	53	4.73842
2	22.35	195969	1713	53	0.114188
1	22.4	5553211	4204	53	4.73842
2	22.4	195969	1713	53	0.114188
1	22.45	5553211	4204	53	4.73842
2	22.45	195969	1713	53	0.114188
1	22.5	5553211	4204	53	4.73842
2	22.5	195969	1713	53	0.114188
1	22.55	5553211	4204	53	4.73842
2	22.55	195969	1713	53	0.114188
1	22.6	5553211	4204	53	4.73842
2	22.6	195969	1713	53	0.114188
1	22.65	5553211	4204	53	4.73842
2	22.65	195969	1713	53	0.114188
1	22.7	5553211	4204	53	4.73842
2	22.7	195969	1713	53	0.114188
1	22.75	5553211	4204	53	4.73842
2	22.75	195969	1713	53	0.114188
1	22.8	5553211	4204	53	4.73842
2	22.8	195969	1713	53	0.114188
1	22.85	5553211	4204	53	4.73842
2	22.85	195969	1713	53	0.114188
1	22.9	5553211	4204	53	4.73842
2	22.9	195969	1713	53	0.114188
1	22.95	5553211	4204	53	4.73842
2	22.95	195969	1713	53	0.114188
1	23	5553211	4204	53	4.73842
2	23	195969	1713	53	0.114188
1	23.05	5553211	4204	53	4.73842
2	23.05	195969	1713	53	0.114188
1	23.1	5553211	4204	53	4.73842
2	23.1	195969	1713	53	0.114188
1	23.15	5553211	4204	53	4.73842
2	23.15	195969	1713	53	0.114188
1	23.2	5553211	4204	53	4.73842
2	23.2	195969	1713	53	0.114188
1	23.25	5553211	4204	53	4.73842
2	23.25	195969	1713	53	0.114188
1	23.3	5553211	4204	53	4.73842
2	23.3	195969	1713	53	0.114188
1	23.35	5553211	4204	53	4.73842
2	23.35	195969	1713	53	0.114188
1	23.4	5553211	4204	53	4.73842
2	23.4	195969	1713	53	0.114188
1	23.45	5553211	4204	53	4.73842
2	23.45	195969	1713	53	0.114188
1	23.5	5553211	4204	53	4.73842
2	23.5	195969	1713	53	0.114188
1	23.55	5553211	4204	53	4.73842
2	23.55	195969	1713	53	0.114188
1	23.6	5553211	4204	53	4.73842
2	23.6	195969	1713	53	0.114188
1	23.65	5553211	4204	53	4.73842
2	23.65	195969	1713	53	0.114188
1	23.7	5553211	4204	53	4.73842
2	23.7	195969	1713	53	0.114188
1	23.75	5553211	4204	53	4.73842
2	23.75	195969	1713	53	0.114188
1	23.8	5553211	4204	53	4.73842
2	23.8	195969	1713	53	0.114188
1	23.85	5553211	4204	53	4.73842
2	23.85	195969	1713	53	0.114188
1	23.9	5553211	4204	53	4.73842
2	23.9	195969	1713	53	0.114188
1	23.95	5553211	4204	53	4.73842
2	23.95	195969	1713	53	0.114188
1	24	5553211	4204	53	4.73842
2	24	195969	1713	53	0.114188
1	24.05	5553211	4204	53	4.73842
2	24.05	195969	1713	53	0.114188
1	24.1	5553211	4204	53	4.73842
2	24.1	195969	1713	53	0.114188
1	24.15	5553211	4204	53	4.73842
2	24.15	195969	1713	53	0.114188
1	24.2	5553211	4204	53	4.73842
2	24.2	195969	1713	53	0.114188
1	24.25	5553211	4204	53	4.73842
2	24.25	195969	1713	53	0.114188
1	24.3	5553211	4204	53	4.73842
2	24.3	195969	1713	53	0.114188
1	24.35	5553211	4204	53	4.73842
2	24.35	195969	1713	53	0.114188
1	24.4	5553211	4204	53	4.73842
2	24.4	195969	1713	53	0.114188
1	24.45	5553211	4204	53	4.73842
2	24.45	195969	1713	53	0.114188
1	24.5	5553211	4204	53	4.73842
2	24.5	195969	1713	53	0.114188
1	24.55	5553211	4204	53	4.73842
2	24.55	195969	1713	53	0.114188
1	24.6	5553211	4204	53	4.73842
2	24.6	195969	1713	53	0.114188
1	24.65	5553211	4204	53	4.73842
2	24.65	195969	1713	53	0.114188
1	24.7	5553211	4204	53	4.73842
2	24.7	195969	1713	53	0.114188
1	24.75	5553211	4204	53	4.73842
2	24.75	195969	1713	53	0.114188
1	24.8	5553211	4204	53	4.73842
2	24.8	195969	1713	53	0.114188
1	24.85	5553211	4204	53	4.73842
2	24.85	195969	1713	53	0.114188
1	24.9	5553211	4204	53	4.73842
2	24.9	195969	1713	53	0.114188
1	24.95	5553211	4204	53	4.73842
2	24.95	195969	1713	53	0.114188
1	25	5553211	4204	53	4.73842
2	25	195969	1713	53	0.114188
1	25.05	5553211	4204	53	4.73842
2	25.05	195969	1713	53	0.114188
1	25.1	5553211	4204	53	4.73842
2	25.1	195969	1713	53	0.114188
1	25.15	5553211	4204	53	4.73842
2	25.15	195969	1713	53	0.114188
1	25.2	5553211	4204	53	4.73842
2	25.2	195969	1713	53	0.114188
1	25.25	5553211	4204	53	4.73842
2	25.25	195969	1713	53	0.114188
1	25.3	5553211	4204	53	4.73842
2	25.3	195969	1713	53	0.114188
1	25.35	5553211	4204	53	4.73842
2	25.35	195969	1713	53	0.114188
1	25.4	5553211	4204	53	4.73842
2	25.4	195969	1713	53	0.114188
1	25.45	5553211	4204	53	4.73842
2	25.45	195969	1713	53	0.114188
1	25.5	5553211	4204	53	4.73842
2	25.5	195969	1713	53	0.114188
1	25.55	5553211	4204	53	4.73842
2	25.55	195969	1713	53	0.114188
1	25.6	5553211	4204	53	4.73842
2	25.6	195969	1713	53	0.114188
1	25.65	5553211	4204	53	4.73842
2	25.65	195969	1713	53	0.114188
1	25.7	5553211	4204	53	4.73842
2	25.7	195969	1713	53	0.114188
1	25.75	5553211	4204	53	4.73842
2	25.75	195969	1713	53	0.114188
1	25.8	5553211	4204	53	4.73842
2	25.8	195969	1713	53	0.114188
1	25.85	5553211	4204	53	4.73842
2	25.85	195969	1713	53	0.114188
1	25.9	5553211	4204	53	4.73842
2	25.9	195969	1713	53	0.114188
1	25.95	5553211	4204	53	4.73842
2	25.95	195969	1713	53	0.114188
1	26	5553211	4204	53	4.73842
2	26	195969	1713	53	0.114188
1	26.05	5553211	4204	53	4.73842
2	26.05	195969	1713	53	0.114188
1	26.1	5553211	4204	53	4.73842
2	26.1	195969	1713	53	0.114188
1	26.15	5553211	4204	53	4.73842
2	26.15	195969	1713	53	0.114188
1	26.2	5553211	4204	53	4.73842
2	26.2	195969	1713	53	0.114188
1	26.25	5553211	4204	53	4.73842
2	26.25	195969	1713	53	0.114188
1	26.3	5553211	4204	53	4.73842
2	26.3	195969	1713	53	0.114188
1	26.35	5553211	4204	53	4.73842
2	26.35	195969	1713	53	0.114188
1	26.4	5553211	4204	53	4.73842
2	26.4	195969	1713	53	0.114188
1	26.45	5553211	4204	53	4.73842
2	26.45	195969	1713	53	0.114188
1	26.5	5553211	4204	53	4.73842
2	26.5	195969	1713	53	0.114188
1	26.55	5553211	4204	53	4.73842
2	26.55	195969	1713	53	0.114188
1	26.6	5553211	4204	53	4.73842
2	26.6	195969	1713	53	0.114188
1	26.65	5553211	4204	53	4.73842
2	26.65	195969	1713	53	0.114188
1	26.7	5553211	4204	53	4.73842
2	26.7	195969	1713	53	0.114188
1	26.75	5553211	4204	53	4.73842
2	26.75	195969	1713	53	0.114188
1	26.8	5553211	4204	53	4.73842
2	26.8	195969	1713	53	0.114188
1	26.85	5553211	4204	53	4.73842
2	26.85	195969	1713	53	0.114188
1	26.9	5553211	4204	53	4.73842
2	26.9	195969	1713	53	0.114188
1	26.95	5553211	4204	53	4.73842
2	26.95	195969	1713	53	0.114188
1	27	5553211	4204	53	4.73842
2	27	195969	1713	53	0.114188
1	27.05	5553211	4204	53	4.73842
2	27.05	195969	1713	53	0.114188
1	27.1	5553211	4204	53	4.73842
2	27.1	195969	1713	53	0.114188
1	27.15	5553211	4204	53	4.73842
2	27.15	195969	1713	53	0.114188
1	27.2	5553211	4204	53	4.73842
2	27.2	195969	1713	53	0.114188
1	27.25	5553211	4204	53	4.73842
2	27.25	195969	1713	53	0.114188
1	27.3	5553211	4204	53	4.73842
2	27.3	195969	1713	53	0.114188
1	27.35	5553211	4204	53	4.73842
2	27.35	195969	1713	53	0.114188
1	27.4	5553211	4204	53	4.73842
2	27.4	195969	1713	53	0.114188
1	27.45	5553211	4204	53	4.73842
2	27.45	195969	1713	53	0.114188
1	27.5	5553211	4204	53	4.73842
2	27.5	195969	1713	53	0.114188
1	27.55	5553211	4204	53	4.73842
2	27.55	195969	1713	53	0.114188
1	27.6	5553211	4204	53	4.73842
2	27.6	195969	1713	53	0.114188
1	27.65	5553211	4204	53	4.73842
2	27.65	195969	1713	53	0.114188
1	27.7	5553211	4204	53	4.73842
2	27.7	195969	1713	53	0.114188
1	27.75	5553211	4204	53	4.73842
2	27.75	195969	1713	53	0.114188
1	27.8	5553211	4204	53	4.73842
2	27.8	195969	1713	53	0.114188
1	27.85	5553211	4204	53	4.73842
2	27.85	195969	1713	53	0.114188
1	27.9	5553211	4204	53	4.73842
2	27.9	195969	1713	53	0.114188
1	27.95	5553211	4204	53	4.73842
2	27.95	195969	1713	53	0.114188
1	28	5553211	4204	53	4.73842
2	28	195969	1713	53	0.114188
1	28.05	5553211	4204	53	4.73842
2	28.05	195969	1713	53	0.114188
1	28.1	5553211	4204	53	4.73842
2	28.1	195969	1713	53	0.114188
1	28.15	5553211	4204	53	4.73842
2	28.15	195969	1713	53	0.114188
1	28.2	5553211	4204	53	4.73842
2	28.2	195969	1713	53	0.114188
1	28.25	5553211	4204	53	4.73842
2	28.25	195969	1713	53	0.114188
1	28.3	5553211	4204	53	4.73842
2	28.3	195969	1713	53	0.114188
1	28.35	5553211	4204	53	4.73842
2	28.35	195969	1713	53	0.114188
1	28.4	5553211	4204	53	4.73842
2	28.4	195969	1713	53	0.114188
1	28.45	5553211	4204	53	4.73842
2	28.45	195969	1713	53	0.114188
1	28.5	5553211	4204	53	4.73842
2	28.5	195969	1713	53	0.114188
1	28.55	5553211	4204	53	4.73842
2	28.55	195969	1713	53	0.114188
1	28.6	5553211	4204	53	4.73842
2	28.6	195969	1713	53	0.114188
1	28.65	5553211	4204	53	4.73842
2	28.65	195969	1713	53	0.114188
1	28.7	5553211	4204	53	4.73842
2	28.7	195969	1713	53	0.114188
1	28.75	5553211	4204	53	4.73842
2	28.75	195969	1713	53	0.114188
1	28.8	5553211	4204	53	4.73842
2	28.8	195969	1713	53	0.114188
1	28.85	5553211	4204	53	4.73842
2	28.85	195969	1713	53	0.114188
1	28.9	5553211	4204	53	4.73842
2	28.9	195969	1713	53	0.114188
1	28.95	5553211	4204	53	4.73842
2	28.95	195969	1713	53	0.114188
1	29	5553211	4204	53	4.73842
2	29	195969	1713	53	0.114188
1	29.05	5553211	4204	53	4.73842
2	29.05	195969	1713	53	0.114188
1	29.1	5553211	4204	53	4.73842
2	29.1	195969	1713	53	0.114188
1	29.15	5553211	4204	53	4.73842
2	29.15	195969	1713	53	0.114188
1	29.2	5553211	4204	53	4.73842
2	29.2	195969	1713	53	0.114188
1	29.25	5553211	4204	53	4.73842
2	29.25	195969	1713	53	0.114188
1	29.3	5553211	4204	53	4.73842
2	29.3	195969	1713	53	0.114188
1	29.35	5553211	4204	53	4.73842
2	29.35	195969	1713	53	0.114188
1	29.4	5553211	4204	53	4.73842
2	29.4	195969	1713	53	0.114188
1	29.45	5553211	4204	53	4.73842
2	29.45	195969	1713	53	0.114188
1	29.5	5553211	4204	53	4.73842
2	29.5	195969	1713	53	0.114188
1	29.55	5553211	4204	53	4.73842
2	29.55	195969	1713	53	0.114188
1	29.6	5553211	4204	53	4.73842
2	29.6	195969	1713	53	0.114188
1	29.65	5553211	4204	53	4.73842
2	29.65	195969	1713	53	0.114188
1	29.7	5553211	4204	53	4.73842
2	29.7	195969	1713	53	0.114188
1	29.75	5553211	4204	53	4.73842
2	29.75	195969	1713	53	0.114188
1	29.8	5553211	4204	53	4.73842
2	29.8	195969	1713	53	0.114188
1	29.85	5553211	4204	53	4.73842
2	29.85	195969	1713	53	0.114188
1	29.9	5553211	4204	53	4.73842
2	29.9	195969	1713	53	0.114188
1	29.95	5553211	4204	53	4.73842
2	29.95	195969	1713	53	0.114188
