1	1.05	0	0	0	-nan
1	1.1	1260	1	55	-nan
2	1.1	0	0	0	-nan
1	1.15	1260	1	55	-nan
2	1.15	129	2	53	0
1	1.2	9838	7	55	0
2	1.2	129	2	53	0
1	1.25	9838	7	55	0
2	1.25	350	6	53	0
1	1.3	18989	14	55	0
2	1.3	408	7	52	0
1	1.35	22082	17	52	0
2	1.35	518	9	52	0
1	1.4	29672	22	61	0
2	1.4	797	14	50	0
1	1.45	46465	35	61	0
2	1.45	857	15	50	0
1	1.5	46523	36	53	0
2	1.5	1242	22	53	0
1	1.55	78436	58	81	0
2	1.55	1298	23	53	0
1	1.6	95233	71	71	0
2	1.6	1797	32	51	0
1	1.65	122581	90	74	0
2	1.65	2248	40	51	0
1	1.7	156049	114	98	1.55133
2	1.7	2652	47	54	0
1	1.75	191042	139	124	1.44012
2	1.75	3221	57	54	0
1	1.8	223010	162	113	1.34335
2	1.8	3901	69	53	0
1	1.85	253450	184	138	1.25963
2	1.85	4408	78	53	0
1	1.9	288434	209	159	2.37304
2	1.9	4977	88	50	0
1	1.95	318819	230	191	2.23956
2	1.95	5603	99	50	0
1	2	352303	254	217	2.11919
2	2	5961	105	54	0
1	2.05	387371	279	238	2.01431
2	2.05	6454	113	54	0
1	2.1	419338	301	262	2.87745
2	2.1	7008	122	54	0
1	2.15	448321	322	294	2.74136
2	2.15	7435	129	54	0
1	2.2	483384	347	312	2.62103
2	2.2	7875	136	53	0
1	2.25	516870	370	336	2.51439
2	2.25	8428	144	53	0
1	2.3	551933	395	363	3.2134
2	2.3	8985	152	52	0
1	2.35	583954	418	382	3.09328
2	2.35	9537	160	52	0
1	2.4	616597	451	171	2.97459
2	2.4	10094	168	52	0
1	2.45	647103	473	177	2.86993
2	2.45	10966	181	52	0
1	2.5	680710	498	178	3.46486
2	2.5	11631	191	50	0
1	2.55	714308	523	175	3.34782
2	2.55	12291	201	50	0
1	2.6	749371	548	174	3.23875
2	2.6	12956	211	51	0
1	2.65	784613	576	169	3.13735
2	2.65	13690	222	51	0
1	2.7	819792	603	163	3.65163
2	2.7	14424	233	52	0
1	2.75	856491	631	157	3.5441
2	2.75	15158	244	52	0
1	2.8	891670	658	155	3.44102
2	2.8	15941	256	53	0
1	2.85	926796	684	156	3.90235
2	2.85	16604	265	53	0
1	2.9	965013	713	156	3.79737
2	2.9	17275	274	50	0
1	2.95	1001712	741	156	3.69599
2	2.95	18024	284	50	0
1	3	1032638	770	60	3.60161
2	3	18695	293	52	0
1	3.05	1064721	794	66	4.0127
2	3.05	19421	303	52	0
1	3.1	1096862	819	66	3.91584
2	3.1	20123	313	53	0
1	3.15	1130461	844	58	3.82151
2	3.15	20830	323	53	0
1	3.2	1162543	868	58	3.73314
2	3.2	21611	334	51	0
1	3.25	1193170	892	68	4.10457
2	3.25	22318	344	51	0
1	3.3	1225253	916	67	4.01057
2	3.3	23020	354	51	0
1	3.35	1255817	939	71	3.92516
2	3.35	23727	364	51	0
1	3.4	1290992	966	65	3.84086
2	3.4	24434	374	51	0
1	3.45	1326118	992	56	4.17899
2	3.45	25215	385	51	0
1	3.5	1361297	1019	55	4.09269
2	3.5	25991	396	50	0
1	3.55	1396481	1046	62	4.00811
2	3.55	26772	407	50	0
1	3.6	1430079	1071	62	3.93025
2	3.6	27479	417	50	0
1	3.65	1463739	1097	64	4.24093
2	3.65	28260	428	50	0
1	3.7	1494303	1120	70	4.15987
2	3.7	28967	438	54	0
1	3.75	1526391	1144	67	4.08437
2	3.75	29595	447	54	0
1	3.8	1564604	1173	60	4.00745
2	3.8	30376	458	53	0
1	3.85	1598206	1198	57	4.29448
2	3.85	31157	469	53	0
1	3.9	1634909	1226	58	4.21994
2	3.9	31938	480	51	0
1	3.95	1671612	1254	57	4.14685
2	3.95	32848	493	51	0
1	4	1702172	1277	66	4.07582
2	4	33624	504	52	0
1	4.05	1732736	1300	70	4.34235
2	4.05	34257	513	52	0
1	4.1	1763358	1324	78	4.27231
2	4.1	34964	523	52	0
1	4.15	1795441	1348	78	4.20124
2	4.15	35611	532	52	0
1	4.2	1830624	1375	70	4.13524
2	4.2	36318	542	53	0
1	4.25	1867261	1402	55	4.38398
2	4.25	37099	553	53	0
1	4.3	1900921	1428	59	4.31603
2	4.3	37935	565	52	0
1	4.35	1934528	1453	68	4.25045
2	4.35	38716	576	52	0
1	4.4	1968188	1479	65	4.48719
2	4.4	39418	586	52	0
1	4.45	2003305	1505	63	4.41963
2	4.45	40199	597	52	0
1	4.5	2035451	1530	65	4.35678
2	4.5	40906	607	53	0
1	4.55	2069053	1555	70	4.29409
2	4.55	41687	618	53	0
1	4.6	2105751	1583	66	4.51501
2	4.6	42389	628	51	0
1	4.65	2140873	1609	65	4.4522
2	4.65	43244	640	51	0
1	4.7	2177629	1638	63	4.38972
2	4.7	43951	650	52	0
1	4.75	2214274	1665	64	4.33038
2	4.75	44732	661	52	0
1	4.8	2250972	1693	58	4.5399
2	4.8	45642	674	50	0
1	4.85	2286152	1720	61	4.48036
2	4.85	46427	685	50	0
1	4.9	2315197	1742	74	4.42352
2	4.9	47129	695	53	0
1	4.95	2347280	1766	76	4.36579
2	4.95	47836	705	53	0
1	5	2380940	1792	75	4.5652
2	5	48543	715	51	0
1	5.05	2414543	1817	72	4.50717
2	5.05	49324	726	51	0
1	5.1	2445107	1840	81	4.45229
2	5.1	50026	736	52	0
1	5.15	2477190	1864	82	4.39698
2	5.15	50678	745	52	0
1	5.2	2510850	1890	77	4.58596
2	5.2	51385	755	54	0
1	5.25	2547549	1918	70	4.53029
2	5.25	52092	765	54	0
1	5.3	2581151	1943	69	4.47743
2	5.3	52997	778	50	0
1	5.35	2611715	1966	78	4.42571
2	5.35	53778	789	50	0
1	5.4	2642279	1989	89	4.60505
2	5.4	54356	797	54	0
1	5.45	2675942	2015	83	4.55221
2	5.45	55063	807	54	0
1	5.5	2712638	2043	67	4.49986
2	5.5	55765	817	52	0
1	5.55	2746245	2068	70	4.45139
2	5.55	56624	829	52	0
1	5.6	2782943	2096	71	4.6219
2	5.6	57331	839	52	0
1	5.65	2819642	2124	70	4.5712
2	5.65	58167	851	52	0
1	5.7	2853244	2149	71	4.52211
2	5.7	59022	863	50	0
1	5.75	2885385	2174	79	4.68681
2	5.75	59724	873	50	0
1	5.8	2917468	2198	86	4.63705
2	5.8	60431	883	51	0
1	5.85	2949556	2222	84	4.58932
2	5.85	61138	893	51	0
1	5.9	2984731	2249	78	4.54197
2	5.9	61919	904	50	0
1	5.95	3019910	2276	76	4.69911
2	5.95	62700	915	50	0
1	6	3056555	2303	72	4.65151
2	6	63476	926	50	0
1	6.05	3093253	2331	72	4.60491
2	6.05	64257	937	50	0
1	6.1	3122294	2353	82	4.56031
2	6.1	64964	947	53	0
1	6.15	3154440	2378	86	4.71087
2	6.15	65671	957	53	0
1	6.2	3186523	2402	87	4.6667
2	6.2	66373	967	53	0
1	6.25	3220125	2427	81	4.62165
2	6.25	67080	977	53	0
1	6.3	3253786	2453	81	4.57706
2	6.3	67861	988	54	0
1	6.35	3287388	2478	77	4.72326
2	6.35	68568	998	54	0
1	6.4	3322567	2505	80	4.67779
2	6.4	69344	1009	50	0
1	6.45	3353131	2528	88	4.63559
2	6.45	70125	1020	50	0
1	6.5	3386792	2554	88	4.59223
2	6.5	70758	1029	53	0
1	6.55	3421913	2580	84	4.7327
2	6.55	71539	1040	53	0
1	6.6	3455573	2606	77	4.68967
2	6.6	72241	1050	54	0
1	6.65	3489180	2631	80	4.64816
2	6.65	73022	1061	54	0
1	6.7	3525874	2659	74	4.60672
2	6.7	73803	1072	51	0
1	6.75	3561058	2686	81	4.74109
2	6.75	74584	1083	51	0
1	6.8	3596179	2712	81	4.70107
2	6.8	75365	1094	51	0
1	6.85	3632882	2740	78	4.66012
2	6.85	76201	1106	51	0
1	6.9	3666480	2765	78	4.62068
2	6.9	76977	1117	51	0
1	6.95	3700140	2791	83	4.75127
2	6.95	77758	1128	51	0
1	7	3730704	2814	91	4.71162
2	7	78465	1138	53	0
1	7.05	3762850	2839	92	4.67209
2	7.05	79117	1147	53	0
1	7.1	3799489	2866	89	4.63203
2	7.1	79819	1157	54	0
1	7.15	3836189	2894	81	4.75817
2	7.15	80655	1169	54	0
1	7.2	3871368	2921	77	4.71941
2	7.2	81436	1180	53	0
1	7.25	3904970	2946	79	4.68179
2	7.25	82217	1191	53	0
1	7.3	3941671	2974	79	4.8049
2	7.3	82998	1202	52	0
1	7.35	3978367	3002	78	4.76666
2	7.35	83774	1213	52	0
1	7.4	4015070	3030	72	4.72961
2	7.4	84629	1225	51	0
1	7.45	4051710	3057	75	4.69244
2	7.45	85465	1237	51	0
1	7.5	4083853	3082	83	4.81095
2	7.5	86246	1248	53	0
1	7.55	4117454	3107	90	4.77314
2	7.55	86953	1258	53	0
1	7.6	4151056	3132	92	4.73648
2	7.6	87734	1269	50	0
1	7.65	4181678	3156	97	4.70146
2	7.65	88440	1279	50	0
1	7.7	4215285	3181	94	4.81654
2	7.7	89147	1289	53	0
1	7.75	4251979	3209	87	4.77979
2	7.75	89854	1299	53	0
1	7.8	4284062	3233	82	4.74524
2	7.8	90635	1310	53	0
1	7.85	4316208	3258	89	4.71083
2	7.85	91337	1320	53	0
1	7.9	4351329	3284	89	4.82186
2	7.9	92118	1331	51	0
1	7.95	4384985	3310	94	4.78645
2	7.95	92899	1342	51	0
1	8	4418592	3335	90	4.75245
2	8	93606	1352	52	0
1	8.05	4453771	3362	86	4.71814
2	8.05	94308	1362	52	0
1	8.1	4488955	3389	88	4.82639
2	8.1	95089	1373	51	0
1	8.15	4522553	3414	87	4.79291
2	8.15	95870	1384	51	0
1	8.2	4556213	3440	88	4.75949
2	8.2	96651	1395	52	0
1	8.25	4591339	3466	91	4.8648
2	8.25	97358	1405	52	0
1	8.3	4623480	3491	95	4.83109
2	8.3	98134	1416	52	0
1	8.35	4654040	3514	97	4.79915
2	8.35	98841	1426	52	0
1	8.4	4687642	3539	102	4.76562
2	8.4	99548	1436	52	0
1	8.45	4719788	3564	101	4.86936
2	8.45	100255	1446	52	0
1	8.5	4751871	3588	100	4.83701
2	8.5	101031	1457	50	0
1	8.55	4783953	3612	97	4.80367
2	8.55	101738	1467	50	0
1	8.6	4812995	3634	106	4.77264
2	8.6	102445	1477	53	0
1	8.65	4845136	3659	108	4.74088
2	8.65	103073	1486	53	0
1	8.7	4880262	3685	99	4.84034
2	8.7	103725	1495	53	0
1	8.75	4915441	3712	95	4.80875
2	8.75	104561	1507	53	0
1	8.8	4949039	3737	89	4.77833
2	8.8	105342	1518	52	0
1	8.85	4982704	3763	95	4.87581
2	8.85	106049	1528	52	0
1	8.9	5016306	3788	95	4.84456
2	8.9	106825	1539	52	0
1	8.95	5049966	3814	98	4.81364
2	8.95	107532	1549	52	0
1	9	5086665	3842	90	4.78298
2	9	108313	1560	51	0
1	9.05	5121786	3868	94	4.8787
2	9.05	109094	1571	51	0
1	9.1	5156970	3895	90	4.84859
2	9.1	109875	1582	50	0
1	9.15	5192091	3921	92	4.81826
2	9.15	110651	1593	50	0
1	9.2	5222709	3945	98	4.78864
2	9.2	111432	1604	51	0
1	9.25	5253273	3968	108	4.88191
2	9.25	112139	1614	51	0
1	9.3	5285356	3992	107	4.85214
2	9.3	112846	1624	50	0
1	9.35	5315983	4016	112	4.82355
2	9.35	113548	1634	50	0
1	9.4	5349582	4041	108	4.79335
2	9.4	114255	1644	51	0
1	9.45	5381664	4065	107	4.88464
2	9.45	114962	1654	51	0
1	9.5	5413805	4090	105	4.85544
2	9.5	115669	1664	50	0
1	9.55	5444369	4113	111	4.82742
2	9.55	116371	1674	50	0
1	9.6	5477976	4138	110	4.7984
2	9.6	117078	1684	51	0
1	9.65	5511632	4164	110	4.88676
2	9.65	117785	1694	51	0
1	9.7	5542196	4187	107	4.85837
2	9.7	118432	1703	54	0
1	9.75	5552338	4201	54	4.83356
2	9.75	119139	1713	54	0
1	9.8	5552517	4204	51	4.81033
2	9.8	119719	1721	51	0
1	9.85	5553047	4211	51	4.77936
2	9.85	120093	1726	51	0
1	9.9	5553391	4215	54	4.75402
2	9.9	120333	1729	54	0
1	9.95	5553735	4219	54	4.73468
2	9.95	120333	1729	54	0
1	10	5553735	4219	54	4.73468
2	10	120333	1729	54	0
1	10.05	5553735	4219	54	4.73468
2	10.05	120333	1729	54	0
1	10.1	5553735	4219	54	4.73468
2	10.1	120333	1729	54	0
1	10.15	5553735	4219	54	4.73468
2	10.15	120333	1729	54	0
1	10.2	5553735	4219	54	4.73468
2	10.2	120333	1729	54	0
1	10.25	5553735	4219	54	4.73468
2	10.25	120333	1729	54	0
1	10.3	5553735	4219	54	4.73468
2	10.3	120333	1729	54	0
1	10.35	5553735	4219	54	4.73468
2	10.35	120333	1729	54	0
1	10.4	5553735	4219	54	4.73468
2	10.4	120333	1729	54	0
1	10.45	5553735	4219	54	4.73468
2	10.45	120333	1729	54	0
1	10.5	5553735	4219	54	4.73468
2	10.5	120333	1729	54	0
1	10.55	5553735	4219	54	4.73468
2	10.55	120333	1729	54	0
1	10.6	5553735	4219	54	4.73468
2	10.6	120333	1729	54	0
1	10.65	5553735	4219	54	4.73468
2	10.65	120333	1729	54	0
1	10.7	5553735	4219	54	4.73468
2	10.7	120333	1729	54	0
1	10.75	5553735	4219	54	4.73468
2	10.75	120333	1729	54	0
1	10.8	5553735	4219	54	4.73468
2	10.8	120333	1729	54	0
1	10.85	5553735	4219	54	4.73468
2	10.85	120333	1729	54	0
1	10.9	5553735	4219	54	4.73468
2	10.9	120333	1729	54	0
1	10.95	5553735	4219	54	4.73468
2	10.95	120333	1729	54	0
1	11	5553735	4219	54	4.73468
2	11	120333	1729	54	0
1	11.05	5553735	4219	54	4.73468
2	11.05	120333	1729	54	0
1	11.1	5553735	4219	54	4.73468
2	11.1	120333	1729	54	0
1	11.15	5553735	4219	54	4.73468
2	11.15	120333	1729	54	0
1	11.2	5553735	4219	54	4.73468
2	11.2	120333	1729	54	0
1	11.25	5553735	4219	54	4.73468
2	11.25	120333	1729	54	0
1	11.3	5553735	4219	54	4.73468
2	11.3	120333	1729	54	0
1	11.35	5553735	4219	54	4.73468
2	11.35	120333	1729	54	0
1	11.4	5553735	4219	54	4.73468
2	11.4	120333	1729	54	0
1	11.45	5553735	4219	54	4.73468
2	11.45	120333	1729	54	0
1	11.5	5553735	4219	54	4.73468
2	11.5	120333	1729	54	0
1	11.55	5553735	4219	54	4.73468
2	11.55	120333	1729	54	0
1	11.6	5553735	4219	54	4.73468
2	11.6	120333	1729	54	0
1	11.65	5553735	4219	54	4.73468
2	11.65	120333	1729	54	0
1	11.7	5553735	4219	54	4.73468
2	11.7	120333	1729	54	0
1	11.75	5553735	4219	54	4.73468
2	11.75	120333	1729	54	0
1	11.8	5553735	4219	54	4.73468
2	11.8	120333	1729	54	0
1	11.85	5553735	4219	54	4.73468
2	11.85	120333	1729	54	0
1	11.9	5553735	4219	54	4.73468
2	11.9	120333	1729	54	0
1	11.95	5553735	4219	54	4.73468
2	11.95	120333	1729	54	0
1	12	5553735	4219	54	4.73468
2	12	120333	1729	54	0
1	12.05	5553735	4219	54	4.73468
2	12.05	120333	1729	54	0
1	12.1	5553735	4219	54	4.73468
2	12.1	120333	1729	54	0
1	12.15	5553735	4219	54	4.73468
2	12.15	120333	1729	54	0
1	12.2	5553735	4219	54	4.73468
2	12.2	120333	1729	54	0
1	12.25	5553735	4219	54	4.73468
2	12.25	120333	1729	54	0
1	12.3	5553735	4219	54	4.73468
2	12.3	120333	1729	54	0
1	12.35	5553735	4219	54	4.73468
2	12.35	120333	1729	54	0
1	12.4	5553735	4219	54	4.73468
2	12.4	120333	1729	54	0
1	12.45	5553735	4219	54	4.73468
2	12.45	120333	1729	54	0
1	12.5	5553735	4219	54	4.73468
2	12.5	120333	1729	54	0
1	12.55	5553735	4219	54	4.73468
2	12.55	120333	1729	54	0
1	12.6	5553735	4219	54	4.73468
2	12.6	120333	1729	54	0
1	12.65	5553735	4219	54	4.73468
2	12.65	120333	1729	54	0
1	12.7	5553735	4219	54	4.73468
2	12.7	120333	1729	54	0
1	12.75	5553735	4219	54	4.73468
2	12.75	120333	1729	54	0
1	12.8	5553735	4219	54	4.73468
2	12.8	120333	1729	54	0
1	12.85	5553735	4219	54	4.73468
2	12.85	120333	1729	54	0
1	12.9	5553735	4219	54	4.73468
2	12.9	120333	1729	54	0
1	12.95	5553735	4219	54	4.73468
2	12.95	120333	1729	54	0
1	13	5553735	4219	54	4.73468
2	13	120333	1729	54	0
1	13.05	5553735	4219	54	4.73468
2	13.05	120333	1729	54	0
1	13.1	5553735	4219	54	4.73468
2	13.1	120333	1729	54	0
1	13.15	5553735	4219	54	4.73468
2	13.15	120333	1729	54	0
1	13.2	5553735	4219	54	4.73468
2	13.2	120333	1729	54	0
1	13.25	5553735	4219	54	4.73468
2	13.25	120333	1729	54	0
1	13.3	5553735	4219	54	4.73468
2	13.3	120333	1729	54	0
1	13.35	5553735	4219	54	4.73468
2	13.35	120333	1729	54	0
1	13.4	5553735	4219	54	4.73468
2	13.4	120333	1729	54	0
1	13.45	5553735	4219	54	4.73468
2	13.45	120333	1729	54	0
1	13.5	5553735	4219	54	4.73468
2	13.5	120333	1729	54	0
1	13.55	5553735	4219	54	4.73468
2	13.55	120333	1729	54	0
1	13.6	5553735	4219	54	4.73468
2	13.6	120333	1729	54	0
1	13.65	5553735	4219	54	4.73468
2	13.65	120333	1729	54	0
1	13.7	5553735	4219	54	4.73468
2	13.7	120333	1729	54	0
1	13.75	5553735	4219	54	4.73468
2	13.75	120333	1729	54	0
1	13.8	5553735	4219	54	4.73468
2	13.8	120333	1729	54	0
1	13.85	5553735	4219	54	4.73468
2	13.85	120333	1729	54	0
1	13.9	5553735	4219	54	4.73468
2	13.9	120333	1729	54	0
1	13.95	5553735	4219	54	4.73468
2	13.95	120333	1729	54	0
1	14	5553735	4219	54	4.73468
2	14	120333	1729	54	0
1	14.05	5553735	4219	54	4.73468
2	14.05	120333	1729	54	0
1	14.1	5553735	4219	54	4.73468
2	14.1	120333	1729	54	0
1	14.15	5553735	4219	54	4.73468
2	14.15	120333	1729	54	0
1	14.2	5553735	4219	54	4.73468
2	14.2	120333	1729	54	0
1	14.25	5553735	4219	54	4.73468
2	14.25	120333	1729	54	0
1	14.3	5553735	4219	54	4.73468
2	14.3	120333	1729	54	0
1	14.35	5553735	4219	54	4.73468
2	14.35	120333	1729	54	0
1	14.4	5553735	4219	54	4.73468
2	14.4	120333	1729	54	0
1	14.45	5553735	4219	54	4.73468
2	14.45	120333	1729	54	0
1	14.5	5553735	4219	54	4.73468
2	14.5	120333	1729	54	0
1	14.55	5553735	4219	54	4.73468
2	14.55	120333	1729	54	0
1	14.6	5553735	4219	54	4.73468
2	14.6	120333	1729	54	0
1	14.65	5553735	4219	54	4.73468
2	14.65	120333	1729	54	0
1	14.7	5553735	4219	54	4.73468
2	14.7	120333	1729	54	0
1	14.75	5553735	4219	54	4.73468
2	14.75	120333	1729	54	0
1	14.8	5553735	4219	54	4.73468
2	14.8	120333	1729	54	0
1	14.85	5553735	4219	54	4.73468
2	14.85	120333	1729	54	0
1	14.9	5553735	4219	54	4.73468
2	14.9	120333	1729	54	0
1	14.95	5553735	4219	54	4.73468
2	14.95	120333	1729	54	0
1	15	5553735	4219	54	4.73468
2	15	120333	1729	54	0
1	15.05	5553735	4219	54	4.73468
2	15.05	120333	1729	54	0
1	15.1	5553735	4219	54	4.73468
2	15.1	120333	1729	54	0
1	15.15	5553735	4219	54	4.73468
2	15.15	120333	1729	54	0
1	15.2	5553735	4219	54	4.73468
2	15.2	120333	1729	54	0
1	15.25	5553735	4219	54	4.73468
2	15.25	120333	1729	54	0
1	15.3	5553735	4219	54	4.73468
2	15.3	120333	1729	54	0
1	15.35	5553735	4219	54	4.73468
2	15.35	120333	1729	54	0
1	15.4	5553735	4219	54	4.73468
2	15.4	120333	1729	54	0
1	15.45	5553735	4219	54	4.73468
2	15.45	120333	1729	54	0
1	15.5	5553735	4219	54	4.73468
2	15.5	120333	1729	54	0
1	15.55	5553735	4219	54	4.73468
2	15.55	120333	1729	54	0
1	15.6	5553735	4219	54	4.73468
2	15.6	120333	1729	54	0
1	15.65	5553735	4219	54	4.73468
2	15.65	120333	1729	54	0
1	15.7	5553735	4219	54	4.73468
2	15.7	120333	1729	54	0
1	15.75	5553735	4219	54	4.73468
2	15.75	120333	1729	54	0
1	15.8	5553735	4219	54	4.73468
2	15.8	120333	1729	54	0
1	15.85	5553735	4219	54	4.73468
2	15.85	120333	1729	54	0
1	15.9	5553735	4219	54	4.73468
2	15.9	120333	1729	54	0
1	15.95	5553735	4219	54	4.73468
2	15.95	120333	1729	54	0
1	16	5553735	4219	54	4.73468
2	16	120333	1729	54	0
1	16.05	5553735	4219	54	4.73468
2	16.05	120333	1729	54	0
1	16.1	5553735	4219	54	4.73468
2	16.1	120333	1729	54	0
1	16.15	5553735	4219	54	4.73468
2	16.15	120333	1729	54	0
1	16.2	5553735	4219	54	4.73468
2	16.2	120333	1729	54	0
1	16.25	5553735	4219	54	4.73468
2	16.25	120333	1729	54	0
1	16.3	5553735	4219	54	4.73468
2	16.3	120333	1729	54	0
1	16.35	5553735	4219	54	4.73468
2	16.35	120333	1729	54	0
1	16.4	5553735	4219	54	4.73468
2	16.4	120333	1729	54	0
1	16.45	5553735	4219	54	4.73468
2	16.45	120333	1729	54	0
1	16.5	5553735	4219	54	4.73468
2	16.5	120333	1729	54	0
1	16.55	5553735	4219	54	4.73468
2	16.55	120333	1729	54	0
1	16.6	5553735	4219	54	4.73468
2	16.6	120333	1729	54	0
1	16.65	5553735	4219	54	4.73468
2	16.65	120333	1729	54	0
1	16.7	5553735	4219	54	4.73468
2	16.7	120333	1729	54	0
1	16.75	5553735	4219	54	4.73468
2	16.75	120333	1729	54	0
1	16.8	5553735	4219	54	4.73468
2	16.8	120333	1729	54	0
1	16.85	5553735	4219	54	4.73468
2	16.85	120333	1729	54	0
1	16.9	5553735	4219	54	4.73468
2	16.9	120333	1729	54	0
1	16.95	5553735	4219	54	4.73468
2	16.95	120333	1729	54	0
1	17	5553735	4219	54	4.73468
2	17	120333	1729	54	0
1	17.05	5553735	4219	54	4.73468
2	17.05	120333	1729	54	0
1	17.1	5553735	4219	54	4.73468
2	17.1	120333	1729	54	0
1	17.15	5553735	4219	54	4.73468
2	17.15	120333	1729	54	0
1	17.2	5553735	4219	54	4.73468
2	17.2	120333	1729	54	0
1	17.25	5553735	4219	54	4.73468
2	17.25	120333	1729	54	0
1	17.3	5553735	4219	54	4.73468
2	17.3	120333	1729	54	0
1	17.35	5553735	4219	54	4.73468
2	17.35	120333	1729	54	0
1	17.4	5553735	4219	54	4.73468
2	17.4	120333	1729	54	0
1	17.45	5553735	4219	54	4.73468
2	17.45	120333	1729	54	0
1	17.5	5553735	4219	54	4.73468
2	17.5	120333	1729	54	0
1	17.55	5553735	4219	54	4.73468
2	17.55	120333	1729	54	0
1	17.6	5553735	4219	54	4.73468
2	17.6	120333	1729	54	0
1	17.65	5553735	4219	54	4.73468
2	17.65	120333	1729	54	0
1	17.7	5553735	4219	54	4.73468
2	17.7	120333	1729	54	0
1	17.75	5553735	4219	54	4.73468
2	17.75	120333	1729	54	0
1	17.8	5553735	4219	54	4.73468
2	17.8	120333	1729	54	0
1	17.85	5553735	4219	54	4.73468
2	17.85	120333	1729	54	0
1	17.9	5553735	4219	54	4.73468
2	17.9	120333	1729	54	0
1	17.95	5553735	4219	54	4.73468
2	17.95	120333	1729	54	0
1	18	5553735	4219	54	4.73468
2	18	120333	1729	54	0
1	18.05	5553735	4219	54	4.73468
2	18.05	120333	1729	54	0
1	18.1	5553735	4219	54	4.73468
2	18.1	120333	1729	54	0
1	18.15	5553735	4219	54	4.73468
2	18.15	120333	1729	54	0
1	18.2	5553735	4219	54	4.73468
2	18.2	120333	1729	54	0
1	18.25	5553735	4219	54	4.73468
2	18.25	120333	1729	54	0
1	18.3	5553735	4219	54	4.73468
2	18.3	120333	1729	54	0
1	18.35	5553735	4219	54	4.73468
2	18.35	120333	1729	54	0
1	18.4	5553735	4219	54	4.73468
2	18.4	120333	1729	54	0
1	18.45	5553735	4219	54	4.73468
2	18.45	120333	1729	54	0
1	18.5	5553735	4219	54	4.73468
2	18.5	120333	1729	54	0
1	18.55	5553735	4219	54	4.73468
2	18.55	120333	1729	54	0
1	18.6	5553735	4219	54	4.73468
2	18.6	120333	1729	54	0
1	18.65	5553735	4219	54	4.73468
2	18.65	120333	1729	54	0
1	18.7	5553735	4219	54	4.73468
2	18.7	120333	1729	54	0
1	18.75	5553735	4219	54	4.73468
2	18.75	120333	1729	54	0
1	18.8	5553735	4219	54	4.73468
2	18.8	120333	1729	54	0
1	18.85	5553735	4219	54	4.73468
2	18.85	120333	1729	54	0
1	18.9	5553735	4219	54	4.73468
2	18.9	120333	1729	54	0
1	18.95	5553735	4219	54	4.73468
2	18.95	120333	1729	54	0
1	19	5553735	4219	54	4.73468
2	19	120333	1729	54	0
1	19.05	5553735	4219	54	4.73468
2	19.05	120333	1729	54	0
1	19.1	5553735	4219	54	4.73468
2	19.1	120333	1729	54	0
1	19.15	5553735	4219	54	4.73468
2	19.15	120333	1729	54	0
1	19.2	5553735	4219	54	4.73468
2	19.2	120333	1729	54	0
1	19.25	5553735	4219	54	4.73468
2	19.25	120333	1729	54	0
1	19.3	5553735	4219	54	4.73468
2	19.3	120333	1729	54	0
1	19.35	5553735	4219	54	4.73468
2	19.35	120333	1729	54	0
1	19.4	5553735	4219	54	4.73468
2	19.4	120333	1729	54	0
1	19.45	5553735	4219	54	4.73468
2	19.45	120333	1729	54	0
1	19.5	5553735	4219	54	4.73468
2	19.5	120333	1729	54	0
1	19.55	5553735	4219	54	4.73468
2	19.55	120333	1729	54	0
1	19.6	5553735	4219	54	4.73468
2	19.6	120333	1729	54	0
1	19.65	5553735	4219	54	4.73468
2	19.65	120333	1729	54	0
1	19.7	5553735	4219	54	4.73468
2	19.7	120333	1729	54	0
1	19.75	5553735	4219	54	4.73468
2	19.75	120333	1729	54	0
1	19.8	5553735	4219	54	4.73468
2	19.8	120333	1729	54	0
1	19.85	5553735	4219	54	4.73468
2	19.85	120333	1729	54	0
1	19.9	5553735	4219	54	4.73468
2	19.9	120333	1729	54	0
1	19.95	5553735	4219	54	4.73468
2	19.95	120333	1729	54	0
1	20	5553735	4219	54	4.73468
2	20	120333	1729	54	0
1	20.05	5553735	4219	54	4.73468
2	20.05	120333	1729	54	0
1	20.1	5553735	4219	54	4.73468
2	20.1	120333	1729	54	0
1	20.15	5553735	4219	54	4.73468
2	20.15	120333	1729	54	0
1	20.2	5553735	4219	54	4.73468
2	20.2	120333	1729	54	0
1	20.25	5553735	4219	54	4.73468
2	20.25	120333	1729	54	0
1	20.3	5553735	4219	54	4.73468
2	20.3	120333	1729	54	0
1	20.35	5553735	4219	54	4.73468
2	20.35	120333	1729	54	0
1	20.4	5553735	4219	54	4.73468
2	20.4	120333	1729	54	0
1	20.45	5553735	4219	54	4.73468
2	20.45	120333	1729	54	0
1	20.5	5553735	4219	54	4.73468
2	20.5	120333	1729	54	0
1	20.55	5553735	4219	54	4.73468
2	20.55	120333	1729	54	0
1	20.6	5553735	4219	54	4.73468
2	20.6	120333	1729	54	0
1	20.65	5553735	4219	54	4.73468
2	20.65	120333	1729	54	0
1	20.7	5553735	4219	54	4.73468
2	20.7	120333	1729	54	0
1	20.75	5553735	4219	54	4.73468
2	20.75	120333	1729	54	0
1	20.8	5553735	4219	54	4.73468
2	20.8	120333	1729	54	0
1	20.85	5553735	4219	54	4.73468
2	20.85	120333	1729	54	0
1	20.9	5553735	4219	54	4.73468
2	20.9	120333	1729	54	0
1	20.95	5553735	4219	54	4.73468
2	20.95	120333	1729	54	0
1	21	5553735	4219	54	4.73468
2	21	120333	1729	54	0
1	21.05	5553735	4219	54	4.73468
2	21.05	120333	1729	54	0
1	21.1	5553735	4219	54	4.73468
2	21.1	120333	1729	54	0
1	21.15	5553735	4219	54	4.73468
2	21.15	120333	1729	54	0
1	21.2	5553735	4219	54	4.73468
2	21.2	120333	1729	54	0
1	21.25	5553735	4219	54	4.73468
2	21.25	120333	1729	54	0
1	21.3	5553735	4219	54	4.73468
2	21.3	120333	1729	54	0
1	21.35	5553735	4219	54	4.73468
2	21.35	120333	1729	54	0
1	21.4	5553735	4219	54	4.73468
2	21.4	120333	1729	54	0
1	21.45	5553735	4219	54	4.73468
2	21.45	120333	1729	54	0
1	21.5	5553735	4219	54	4.73468
2	21.5	120333	1729	54	0
1	21.55	5553735	4219	54	4.73468
2	21.55	120333	1729	54	0
1	21.6	5553735	4219	54	4.73468
2	21.6	120333	1729	54	0
1	21.65	5553735	4219	54	4.73468
2	21.65	120333	1729	54	0
1	21.7	5553735	4219	54	4.73468
2	21.7	120333	1729	54	0
1	21.75	5553735	4219	54	4.73468
2	21.75	120333	1729	54	0
1	21.8	5553735	4219	54	4.73468
2	21.8	120333	1729	54	0
1	21.85	5553735	4219	54	4.73468
2	21.85	120333	1729	54	0
1	21.9	5553735	4219	54	4.73468
2	21.9	120333	1729	54	0
1	21.95	5553735	4219	54	4.73468
2	21.95	120333	1729	54	0
1	22	5553735	4219	54	4.73468
2	22	120333	1729	54	0
1	22.05	5553735	4219	54	4.73468
2	22.05	120333	1729	54	0
1	22.1	5553735	4219	54	4.73468
2	22.1	120333	1729	54	0
1	22.15	5553735	4219	54	4.73468
2	22.15	120333	1729	54	0
1	22.2	5553735	4219	54	4.73468
2	22.2	120333	1729	54	0
1	22.25	5553735	4219	54	4.73468
2	22.25	120333	1729	54	0
1	22.3	5553735	4219	54	4.73468
2	22.3	120333	1729	54	0
1	22.35	5553735	4219	54	4.73468
2	22.35	120333	1729	54	0
1	22.4	5553735	4219	54	4.73468
2	22.4	120333	1729	54	0
1	22.45	5553735	4219	54	4.73468
2	22.45	120333	1729	54	0
1	22.5	5553735	4219	54	4.73468
2	22.5	120333	1729	54	0
1	22.55	5553735	4219	54	4.73468
2	22.55	120333	1729	54	0
1	22.6	5553735	4219	54	4.73468
2	22.6	120333	1729	54	0
1	22.65	5553735	4219	54	4.73468
2	22.65	120333	1729	54	0
1	22.7	5553735	4219	54	4.73468
2	22.7	120333	1729	54	0
1	22.75	5553735	4219	54	4.73468
2	22.75	120333	1729	54	0
1	22.8	5553735	4219	54	4.73468
2	22.8	120333	1729	54	0
1	22.85	5553735	4219	54	4.73468
2	22.85	120333	1729	54	0
1	22.9	5553735	4219	54	4.73468
2	22.9	120333	1729	54	0
1	22.95	5553735	4219	54	4.73468
2	22.95	120333	1729	54	0
1	23	5553735	4219	54	4.73468
2	23	120333	1729	54	0
1	23.05	5553735	4219	54	4.73468
2	23.05	120333	1729	54	0
1	23.1	5553735	4219	54	4.73468
2	23.1	120333	1729	54	0
1	23.15	5553735	4219	54	4.73468
2	23.15	120333	1729	54	0
1	23.2	5553735	4219	54	4.73468
2	23.2	120333	1729	54	0
1	23.25	5553735	4219	54	4.73468
2	23.25	120333	1729	54	0
1	23.3	5553735	4219	54	4.73468
2	23.3	120333	1729	54	0
1	23.35	5553735	4219	54	4.73468
2	23.35	120333	1729	54	0
1	23.4	5553735	4219	54	4.73468
2	23.4	120333	1729	54	0
1	23.45	5553735	4219	54	4.73468
2	23.45	120333	1729	54	0
1	23.5	5553735	4219	54	4.73468
2	23.5	120333	1729	54	0
1	23.55	5553735	4219	54	4.73468
2	23.55	120333	1729	54	0
1	23.6	5553735	4219	54	4.73468
2	23.6	120333	1729	54	0
1	23.65	5553735	4219	54	4.73468
2	23.65	120333	1729	54	0
1	23.7	5553735	4219	54	4.73468
2	23.7	120333	1729	54	0
1	23.75	5553735	4219	54	4.73468
2	23.75	120333	1729	54	0
1	23.8	5553735	4219	54	4.73468
2	23.8	120333	1729	54	0
1	23.85	5553735	4219	54	4.73468
2	23.85	120333	1729	54	0
1	23.9	5553735	4219	54	4.73468
2	23.9	120333	1729	54	0
1	23.95	5553735	4219	54	4.73468
2	23.95	120333	1729	54	0
1	24	5553735	4219	54	4.73468
2	24	120333	1729	54	0
1	24.05	5553735	4219	54	4.73468
2	24.05	120333	1729	54	0
1	24.1	5553735	4219	54	4.73468
2	24.1	120333	1729	54	0
1	24.15	5553735	4219	54	4.73468
2	24.15	120333	1729	54	0
1	24.2	5553735	4219	54	4.73468
2	24.2	120333	1729	54	0
1	24.25	5553735	4219	54	4.73468
2	24.25	120333	1729	54	0
1	24.3	5553735	4219	54	4.73468
2	24.3	120333	1729	54	0
1	24.35	5553735	4219	54	4.73468
2	24.35	120333	1729	54	0
1	24.4	5553735	4219	54	4.73468
2	24.4	120333	1729	54	0
1	24.45	5553735	4219	54	4.73468
2	24.45	120333	1729	54	0
1	24.5	5553735	4219	54	4.73468
2	24.5	120333	1729	54	0
1	24.55	5553735	4219	54	4.73468
2	24.55	120333	1729	54	0
1	24.6	5553735	4219	54	4.73468
2	24.6	120333	1729	54	0
1	24.65	5553735	4219	54	4.73468
2	24.65	120333	1729	54	0
1	24.7	5553735	4219	54	4.73468
2	24.7	120333	1729	54	0
1	24.75	5553735	4219	54	4.73468
2	24.75	120333	1729	54	0
1	24.8	5553735	4219	54	4.73468
2	24.8	120333	1729	54	0
1	24.85	5553735	4219	54	4.73468
2	24.85	120333	1729	54	0
1	24.9	5553735	4219	54	4.73468
2	24.9	120333	1729	54	0
1	24.95	5553735	4219	54	4.73468
2	24.95	120333	1729	54	0
1	25	5553735	4219	54	4.73468
2	25	120333	1729	54	0
1	25.05	5553735	4219	54	4.73468
2	25.05	120333	1729	54	0
1	25.1	5553735	4219	54	4.73468
2	25.1	120333	1729	54	0
1	25.15	5553735	4219	54	4.73468
2	25.15	120333	1729	54	0
1	25.2	5553735	4219	54	4.73468
2	25.2	120333	1729	54	0
1	25.25	5553735	4219	54	4.73468
2	25.25	120333	1729	54	0
1	25.3	5553735	4219	54	4.73468
2	25.3	120333	1729	54	0
1	25.35	5553735	4219	54	4.73468
2	25.35	120333	1729	54	0
1	25.4	5553735	4219	54	4.73468
2	25.4	120333	1729	54	0
1	25.45	5553735	4219	54	4.73468
2	25.45	120333	1729	54	0
1	25.5	5553735	4219	54	4.73468
2	25.5	120333	1729	54	0
1	25.55	5553735	4219	54	4.73468
2	25.55	120333	1729	54	0
1	25.6	5553735	4219	54	4.73468
2	25.6	120333	1729	54	0
1	25.65	5553735	4219	54	4.73468
2	25.65	120333	1729	54	0
1	25.7	5553735	4219	54	4.73468
2	25.7	120333	1729	54	0
1	25.75	5553735	4219	54	4.73468
2	25.75	120333	1729	54	0
1	25.8	5553735	4219	54	4.73468
2	25.8	120333	1729	54	0
1	25.85	5553735	4219	54	4.73468
2	25.85	120333	1729	54	0
1	25.9	5553735	4219	54	4.73468
2	25.9	120333	1729	54	0
1	25.95	5553735	4219	54	4.73468
2	25.95	120333	1729	54	0
1	26	5553735	4219	54	4.73468
2	26	120333	1729	54	0
1	26.05	5553735	4219	54	4.73468
2	26.05	120333	1729	54	0
1	26.1	5553735	4219	54	4.73468
2	26.1	120333	1729	54	0
1	26.15	5553735	4219	54	4.73468
2	26.15	120333	1729	54	0
1	26.2	5553735	4219	54	4.73468
2	26.2	120333	1729	54	0
1	26.25	5553735	4219	54	4.73468
2	26.25	120333	1729	54	0
1	26.3	5553735	4219	54	4.73468
2	26.3	120333	1729	54	0
1	26.35	5553735	4219	54	4.73468
2	26.35	120333	1729	54	0
1	26.4	5553735	4219	54	4.73468
2	26.4	120333	1729	54	0
1	26.45	5553735	4219	54	4.73468
2	26.45	120333	1729	54	0
1	26.5	5553735	4219	54	4.73468
2	26.5	120333	1729	54	0
1	26.55	5553735	4219	54	4.73468
2	26.55	120333	1729	54	0
1	26.6	5553735	4219	54	4.73468
2	26.6	120333	1729	54	0
1	26.65	5553735	4219	54	4.73468
2	26.65	120333	1729	54	0
1	26.7	5553735	4219	54	4.73468
2	26.7	120333	1729	54	0
1	26.75	5553735	4219	54	4.73468
2	26.75	120333	1729	54	0
1	26.8	5553735	4219	54	4.73468
2	26.8	120333	1729	54	0
1	26.85	5553735	4219	54	4.73468
2	26.85	120333	1729	54	0
1	26.9	5553735	4219	54	4.73468
2	26.9	120333	1729	54	0
1	26.95	5553735	4219	54	4.73468
2	26.95	120333	1729	54	0
1	27	5553735	4219	54	4.73468
2	27	120333	1729	54	0
1	27.05	5553735	4219	54	4.73468
2	27.05	120333	1729	54	0
1	27.1	5553735	4219	54	4.73468
2	27.1	120333	1729	54	0
1	27.15	5553735	4219	54	4.73468
2	27.15	120333	1729	54	0
1	27.2	5553735	4219	54	4.73468
2	27.2	120333	1729	54	0
1	27.25	5553735	4219	54	4.73468
2	27.25	120333	1729	54	0
1	27.3	5553735	4219	54	4.73468
2	27.3	120333	1729	54	0
1	27.35	5553735	4219	54	4.73468
2	27.35	120333	1729	54	0
1	27.4	5553735	4219	54	4.73468
2	27.4	120333	1729	54	0
1	27.45	5553735	4219	54	4.73468
2	27.45	120333	1729	54	0
1	27.5	5553735	4219	54	4.73468
2	27.5	120333	1729	54	0
1	27.55	5553735	4219	54	4.73468
2	27.55	120333	1729	54	0
1	27.6	5553735	4219	54	4.73468
2	27.6	120333	1729	54	0
1	27.65	5553735	4219	54	4.73468
2	27.65	120333	1729	54	0
1	27.7	5553735	4219	54	4.73468
2	27.7	120333	1729	54	0
1	27.75	5553735	4219	54	4.73468
2	27.75	120333	1729	54	0
1	27.8	5553735	4219	54	4.73468
2	27.8	120333	1729	54	0
1	27.85	5553735	4219	54	4.73468
2	27.85	120333	1729	54	0
1	27.9	5553735	4219	54	4.73468
2	27.9	120333	1729	54	0
1	27.95	5553735	4219	54	4.73468
2	27.95	120333	1729	54	0
1	28	5553735	4219	54	4.73468
2	28	120333	1729	54	0
1	28.05	5553735	4219	54	4.73468
2	28.05	120333	1729	54	0
1	28.1	5553735	4219	54	4.73468
2	28.1	120333	1729	54	0
1	28.15	5553735	4219	54	4.73468
2	28.15	120333	1729	54	0
1	28.2	5553735	4219	54	4.73468
2	28.2	120333	1729	54	0
1	28.25	5553735	4219	54	4.73468
2	28.25	120333	1729	54	0
1	28.3	5553735	4219	54	4.73468
2	28.3	120333	1729	54	0
1	28.35	5553735	4219	54	4.73468
2	28.35	120333	1729	54	0
1	28.4	5553735	4219	54	4.73468
2	28.4	120333	1729	54	0
1	28.45	5553735	4219	54	4.73468
2	28.45	120333	1729	54	0
1	28.5	5553735	4219	54	4.73468
2	28.5	120333	1729	54	0
1	28.55	5553735	4219	54	4.73468
2	28.55	120333	1729	54	0
1	28.6	5553735	4219	54	4.73468
2	28.6	120333	1729	54	0
1	28.65	5553735	4219	54	4.73468
2	28.65	120333	1729	54	0
1	28.7	5553735	4219	54	4.73468
2	28.7	120333	1729	54	0
1	28.75	5553735	4219	54	4.73468
2	28.75	120333	1729	54	0
1	28.8	5553735	4219	54	4.73468
2	28.8	120333	1729	54	0
1	28.85	5553735	4219	54	4.73468
2	28.85	120333	1729	54	0
1	28.9	5553735	4219	54	4.73468
2	28.9	120333	1729	54	0
1	28.95	5553735	4219	54	4.73468
2	28.95	120333	1729	54	0
1	29	5553735	4219	54	4.73468
2	29	120333	1729	54	0
1	29.05	5553735	4219	54	4.73468
2	29.05	120333	1729	54	0
1	29.1	5553735	4219	54	4.73468
2	29.1	120333	1729	54	0
1	29.15	5553735	4219	54	4.73468
2	29.15	120333	1729	54	0
1	29.2	5553735	4219	54	4.73468
2	29.2	120333	1729	54	0
1	29.25	5553735	4219	54	4.73468
2	29.25	120333	1729	54	0
1	29.3	5553735	4219	54	4.73468
2	29.3	120333	1729	54	0
1	29.35	5553735	4219	54	4.73468
2	29.35	120333	1729	54	0
1	29.4	5553735	4219	54	4.73468
2	29.4	120333	1729	54	0
1	29.45	5553735	4219	54	4.73468
2	29.45	120333	1729	54	0
1	29.5	5553735	4219	54	4.73468
2	29.5	120333	1729	54	0
1	29.55	5553735	4219	54	4.73468
2	29.55	120333	1729	54	0
1	29.6	5553735	4219	54	4.73468
2	29.6	120333	1729	54	0
1	29.65	5553735	4219	54	4.73468
2	29.65	120333	1729	54	0
1	29.7	5553735	4219	54	4.73468
2	29.7	120333	1729	54	0
1	29.75	5553735	4219	54	4.73468
2	29.75	120333	1729	54	0
1	29.8	5553735	4219	54	4.73468
2	29.8	120333	1729	54	0
1	29.85	5553735	4219	54	4.73468
2	29.85	120333	1729	54	0
1	29.9	5553735	4219	54	4.73468
2	29.9	120333	1729	54	0
1	29.95	5553735	4219	54	4.73468
2	29.95	120333	1729	54	0
