1	1.05	0	0	0	-nan
1	1.1	1260	1	52	-nan
2	1.1	0	0	0	-nan
1	1.15	1260	1	52	-nan
2	1.15	129	2	51	0
1	1.2	9838	7	52	0
2	1.2	129	2	51	0
1	1.25	9838	7	52	0
2	1.25	350	6	50	0
1	1.3	22026	16	55	0
2	1.3	408	7	50	0
1	1.35	22082	17	50	0
2	1.35	627	11	50	0
1	1.4	34222	25	66	0
2	1.4	797	14	54	0
1	1.45	46465	35	61	0
2	1.45	912	16	54	0
1	1.5	52600	40	59	0
2	1.5	1242	22	50	0
1	1.55	86021	63	86	0
2	1.55	1411	25	50	0
1	1.6	95233	71	71	0
2	1.6	1909	34	52	0
1	1.65	131737	97	80	1.6755
2	1.65	2315	41	52	0
1	1.7	168237	123	97	1.54839
2	1.7	2879	51	51	0
1	1.75	204801	150	86	1.43712
2	1.75	3505	62	51	0
1	1.8	236702	172	113	1.33886
2	1.8	4185	74	51	0
1	1.85	267087	193	146	2.51164
2	1.85	4643	82	51	0
1	1.9	297523	215	174	2.36313
2	1.9	5150	91	52	0
1	1.95	327908	236	205	2.23206
2	1.95	5662	100	52	0
1	2	362926	261	232	2.11491
2	2	6169	109	51	0
1	2.05	397989	286	255	3.01279
2	2.05	6795	120	51	0
1	2.1	433048	311	281	2.86533
2	2.1	7364	130	51	0
1	2.15	458939	329	309	2.73824
2	2.15	7933	140	51	0
1	2.2	489445	351	331	2.61845
2	2.2	8295	146	54	0
1	2.25	521412	373	352	2.50913
2	2.25	8727	153	54	0
1	2.3	557994	399	374	3.21307
2	2.3	9220	161	51	0
1	2.35	591542	423	398	3.08514
2	2.35	9769	170	51	0
1	2.4	621990	444	418	2.9727
2	2.4	10225	177	54	0
1	2.45	655534	468	444	3.5804
2	2.45	10685	184	54	0
1	2.5	692058	493	471	3.45574
2	2.5	11205	192	53	0
1	2.55	727064	517	494	3.34324
2	2.55	11799	201	53	0
1	2.6	765223	545	515	3.23289
2	2.6	12356	209	53	0
1	2.65	798709	568	539	3.76123
2	2.65	13006	218	53	0
1	2.7	833775	593	557	3.64802
2	2.7	13639	226	50	0
1	2.75	866589	629	236	3.53797
2	2.75	14400	235	50	0
1	2.8	901652	654	237	3.43628
2	2.8	15432	246	53	0
1	2.85	938239	680	233	3.89966
2	2.85	16309	254	53	0
1	2.9	973377	706	242	3.79326
2	2.9	17306	263	54	0
1	2.95	1006985	731	244	3.69358
2	2.95	18392	273	54	0
1	3	1040537	755	236	3.59721
2	3	19430	283	52	0
1	3.05	1082250	793	79	4.00647
2	3.05	20519	291	52	0
1	3.1	1112738	814	90	3.91159
2	3.1	22318	304	54	0
1	3.15	1146372	839	98	3.81508
2	3.15	23289	311	54	0
1	3.2	1181507	865	108	4.19283
2	3.2	24508	321	54	0
1	3.25	1216633	891	101	4.09874
2	3.25	25722	331	54	0
1	3.3	1250293	917	99	4.00663
2	3.3	27217	343	51	0
1	3.35	1280853	940	103	3.92015
2	3.35	28436	353	51	0
1	3.4	1314455	965	112	4.2614
2	3.4	29517	362	54	0
1	3.45	1349639	992	113	4.17306
2	3.45	30874	373	54	0
1	3.5	1386279	1019	99	4.0867
2	3.5	32226	384	54	0
1	3.55	1421459	1046	98	4.00744
2	3.55	33583	395	54	0
1	3.6	1458157	1074	94	4.32208
2	3.6	35078	407	50	0
1	3.65	1493283	1100	95	4.2358
2	3.65	36490	419	50	0
1	3.7	1526943	1126	106	4.15839
2	3.7	37709	429	50	0
1	3.75	1562060	1152	107	4.0807
2	3.75	39061	440	50	0
1	3.8	1598763	1180	105	4.37081
2	3.8	40418	451	50	0
1	3.85	1635461	1208	104	4.29303
2	3.85	41775	462	50	0
1	3.9	1667607	1233	106	4.21764
2	3.9	43270	474	50	0
1	3.95	1699686	1257	114	4.14447
2	3.95	44489	484	50	0
1	4	1731769	1281	120	4.41335
2	4	45703	494	50	0
1	4.05	1763852	1305	119	4.33951
2	4.05	46922	504	50	0
1	4.1	1795993	1330	119	4.26813
2	4.1	48141	514	50	0
1	4.15	1828081	1354	121	4.19917
2	4.15	49360	524	50	0
1	4.2	1861737	1380	122	4.44934
2	4.2	50574	534	50	0
1	4.25	1893820	1404	120	4.382
2	4.25	51931	545	50	0
1	4.3	1924384	1427	120	4.31461
2	4.3	53150	555	53	0
1	4.35	1958049	1453	124	4.24701
2	4.35	54231	564	53	0
1	4.4	1991647	1478	117	4.48203
2	4.4	55583	575	50	0
1	4.45	2022211	1501	120	4.41795
2	4.45	56940	586	50	0
1	4.5	2055871	1527	120	4.35284
2	4.5	57966	594	54	0
1	4.55	2092574	1555	119	4.28984
2	4.55	59185	604	54	0
1	4.6	2126172	1580	107	4.51099
2	4.6	60730	617	52	0
1	4.65	2156736	1603	111	4.45038
2	4.65	61949	627	52	0
1	4.7	2191920	1630	116	4.38785
2	4.7	63168	637	50	0
1	4.75	2224003	1654	119	4.33044
2	4.75	64525	648	50	0
1	4.8	2260697	1682	117	4.53778
2	4.8	65739	658	51	0
1	4.85	2297400	1710	109	4.47784
2	4.85	67096	669	51	0
1	4.9	2331002	1735	111	4.41983
2	4.9	68453	680	54	0
1	4.95	2366186	1762	108	4.62086
2	4.95	69810	691	54	0
1	5	2399784	1787	106	4.56294
2	5	71167	702	54	0
1	5.05	2433444	1813	109	4.50589
2	5.05	72381	712	54	0
1	5.1	2470147	1841	112	4.44776
2	5.1	73738	723	53	0
1	5.15	2503749	1866	110	4.63921
2	5.15	75095	734	53	0
1	5.2	2537410	1892	113	4.5829
2	5.2	76452	745	51	0
1	5.25	2569493	1916	118	4.52781
2	5.25	77671	755	51	0
1	5.3	2600057	1939	125	4.47546
2	5.3	78885	765	54	0
1	5.35	2633659	1964	127	4.65557
2	5.35	80104	775	54	0
1	5.4	2667319	1990	118	4.60268
2	5.4	81461	786	50	0
1	5.45	2699403	2014	117	4.54901
2	5.45	82680	796	50	0
1	5.5	2731544	2039	124	4.49873
2	5.5	83894	806	50	0
1	5.55	2765146	2064	130	4.66983
2	5.55	85251	817	50	0
1	5.6	2797287	2089	128	4.61921
2	5.6	86332	826	54	0
1	5.65	2832409	2115	123	4.56954
2	5.65	87551	836	54	0
1	5.7	2867588	2142	114	4.52083
2	5.7	89041	848	53	0
1	5.75	2902714	2168	108	4.68507
2	5.75	90398	859	53	0
1	5.8	2936374	2194	116	4.63513
2	5.8	91755	870	50	0
1	5.85	2966934	2217	121	4.58766
2	5.85	92974	880	50	0
1	5.9	3000594	2243	128	4.5397
2	5.9	94193	890	51	0
1	5.95	3034201	2268	128	4.69807
2	5.95	95407	900	51	0
1	6	3066284	2292	126	4.65034
2	6	96764	911	53	0
1	6.05	3099940	2318	121	4.60313
2	6.05	97983	921	53	0
1	6.1	3135124	2345	122	4.55779
2	6.1	99340	932	50	0
1	6.15	3168726	2370	118	4.7089
2	6.15	100692	943	50	0
1	6.2	3199290	2393	128	4.66437
2	6.2	101911	953	50	0
1	6.25	3231431	2418	134	4.61834
2	6.25	103130	963	50	0
1	6.3	3260472	2440	136	4.57582
2	6.3	104211	972	52	0
1	6.35	3292560	2464	137	4.72052
2	6.35	105425	982	52	0
1	6.4	3326220	2490	134	4.67576
2	6.4	106589	991	52	0
1	6.45	3358303	2514	131	4.63407
2	6.45	107863	1002	52	0
1	6.5	3391901	2539	127	4.58979
2	6.5	109022	1011	53	0
1	6.55	3423989	2563	126	4.73103
2	6.55	110379	1022	53	0
1	6.6	3457649	2589	126	4.68876
2	6.6	111598	1032	51	0
1	6.65	3491251	2614	124	4.64562
2	6.65	113010	1044	51	0
1	6.7	3520293	2636	132	4.6061
2	6.7	114174	1053	53	0
1	6.75	3552433	2661	136	4.74042
2	6.75	115250	1062	53	0
1	6.8	3587559	2687	130	4.69923
2	6.8	116607	1073	53	0
1	6.85	3622738	2714	123	4.65913
2	6.85	117826	1083	53	0
1	6.9	3657921	2741	117	4.61818
2	6.9	119321	1095	51	0
1	6.95	3690001	2765	120	4.74925
2	6.95	120535	1105	51	0
1	7	3720565	2788	128	4.70838
2	7	121754	1115	53	0
1	7.05	3751187	2812	140	4.66963
2	7.05	122973	1125	53	0
1	7.1	3783270	2836	139	4.63071
2	7.1	124192	1135	53	0
1	7.15	3815354	2860	141	4.75662
2	7.15	125406	1145	53	0
1	7.2	3847495	2885	138	4.71868
2	7.2	126625	1155	51	0
1	7.25	3879578	2909	137	4.67977
2	7.25	127982	1166	51	0
1	7.3	3913180	2934	134	4.64272
2	7.3	129058	1175	53	0
1	7.35	3948360	2961	130	4.76515
2	7.35	130277	1185	53	0
1	7.4	3983539	2988	119	4.72804
2	7.4	131772	1197	53	0.158839
1	7.45	4020184	3015	116	4.68999
2	7.45	133129	1208	53	0.157604
1	7.5	4052325	3040	120	4.65441
2	7.5	134486	1219	51	0.156383
1	7.55	4084404	3064	128	4.77149
2	7.55	135700	1229	51	0.155263
1	7.6	4114968	3087	133	4.73651
2	7.6	136919	1239	53	0.153984
1	7.65	4148633	3113	140	4.70027
2	7.65	138138	1249	53	0.152795
1	7.7	4183754	3139	133	4.66388
2	7.7	139357	1259	53	0.15168
1	7.75	4217414	3165	129	4.779
2	7.75	140709	1270	53	0.150501
1	7.8	4254113	3193	125	4.74355
2	7.8	142066	1281	52	0.149369
1	7.85	4290753	3220	119	4.70804
2	7.85	143423	1292	52	0.148258
1	7.9	4324418	3246	121	4.67501
2	7.9	144780	1303	52	0.147194
1	7.95	4359597	3273	122	4.78595
2	7.95	146192	1315	52	0.146115
1	8	4393195	3298	122	4.75095
2	8	147549	1326	50	0.145048
1	8.05	4425283	3322	130	4.71645
2	8.05	148763	1336	50	0.144085
1	8.1	4455905	3346	136	4.68319
2	8.1	149982	1346	51	0.142972
1	8.15	4486469	3369	145	4.79206
2	8.15	151146	1355	51	0.141964
1	8.2	4517029	3392	145	4.75819
2	8.2	152360	1365	53	0.14095
1	8.25	4549112	3416	145	4.72453
2	8.25	153441	1374	53	0.140048
1	8.3	4582772	3442	143	4.69256
2	8.3	154660	1384	53	0.139056
1	8.35	4617898	3468	133	4.79702
2	8.35	156017	1395	53	0.138061
1	8.4	4651554	3494	126	4.76509
2	8.4	157369	1406	52	0.137078
1	8.45	4685156	3519	127	4.7329
2	8.45	158588	1416	52	0.136252
1	8.5	4718821	3545	128	4.83486
2	8.5	159945	1427	54	0.13521
1	8.55	4754000	3572	133	4.80202
2	8.55	161164	1437	54	0.134366
1	8.6	4787603	3597	127	4.77113
2	8.6	162521	1448	54	0.133413
1	8.65	4822782	3624	129	4.73928
2	8.65	163735	1458	54	0.132632
1	8.7	4861004	3653	124	4.83892
2	8.7	165285	1471	50	0.131662
1	8.75	4896125	3679	120	4.80761
2	8.75	166780	1483	50	0.130797
1	8.8	4929781	3705	129	4.77616
2	8.8	167999	1493	51	0.130006
1	8.85	4963388	3730	132	4.74564
2	8.85	169218	1503	51	0.129196
1	8.9	4998567	3757	130	4.84363
2	8.9	170570	1514	51	0.128333
1	8.95	5035270	3785	129	4.81254
2	8.95	171927	1525	51	0.127498
1	9	5068868	3810	125	4.78228
2	9	173284	1536	52	0.126697
1	9.05	5102528	3836	128	4.75286
2	9.05	174641	1547	52	0.125867
1	9.1	5140750	3865	126	4.84661
2	9.1	175998	1558	51	0.125074
1	9.15	5175871	3891	128	4.81778
2	9.15	177405	1570	51	0.124303
1	9.2	5208014	3916	132	4.7879
2	9.2	178762	1581	52	0.123548
1	9.25	5240096	3940	137	4.75862
2	9.25	179981	1591	52	0.122786
1	9.3	5272179	3964	138	4.85106
2	9.3	181200	1601	52	0.122037
1	9.35	5304320	3989	143	4.82178
2	9.35	182359	1610	52	0.12133
1	9.4	5336403	4013	146	4.79259
2	9.4	183578	1620	53	0.120584
1	9.45	5368487	4037	145	4.76435
2	9.45	184797	1630	53	0.119885
1	9.5	5400628	4062	143	4.85489
2	9.5	186016	1640	54	0.119164
1	9.55	5434230	4087	138	4.82605
2	9.55	187368	1651	54	0.1184
1	9.6	5469414	4114	137	4.79788
2	9.6	188587	1661	50	0.117784
1	9.65	5501493	4138	139	4.77036
2	9.65	189944	1672	50	0.117098
1	9.7	5535153	4164	138	4.85834
2	9.7	191163	1682	53	0.116386
1	9.75	5551492	4184	53	4.83614
2	9.75	192520	1693	53	0.115675
1	9.8	5551724	4188	52	4.80339
2	9.8	193819	1703	52	0.114999
1	9.85	5552255	4195	52	4.77469
2	9.85	194380	1707	52	0.114389
1	9.9	5552685	4200	51	4.74882
2	9.9	194889	1711	51	0.113694
1	9.95	5552943	4203	51	4.73309
2	9.95	194889	1711	51	0.113694
1	10	5553029	4204	51	4.72028
2	10	194889	1711	51	0.113694
1	10.05	5553029	4204	51	4.72028
2	10.05	194889	1711	51	0.113694
1	10.1	5553029	4204	51	4.72028
2	10.1	194889	1711	51	0.113694
1	10.15	5553029	4204	51	4.72028
2	10.15	194889	1711	51	0.113694
1	10.2	5553029	4204	51	4.72028
2	10.2	194889	1711	51	0.113694
1	10.25	5553029	4204	51	4.72028
2	10.25	194889	1711	51	0.113694
1	10.3	5553029	4204	51	4.72028
2	10.3	194889	1711	51	0.113694
1	10.35	5553029	4204	51	4.72028
2	10.35	194889	1711	51	0.113694
1	10.4	5553029	4204	51	4.72028
2	10.4	194889	1711	51	0.113694
1	10.45	5553029	4204	51	4.72028
2	10.45	194889	1711	51	0.113694
1	10.5	5553029	4204	51	4.72028
2	10.5	194889	1711	51	0.113694
1	10.55	5553029	4204	51	4.72028
2	10.55	194889	1711	51	0.113694
1	10.6	5553029	4204	51	4.72028
2	10.6	194889	1711	51	0.113694
1	10.65	5553029	4204	51	4.72028
2	10.65	194889	1711	51	0.113694
1	10.7	5553029	4204	51	4.72028
2	10.7	194889	1711	51	0.113694
1	10.75	5553029	4204	51	4.72028
2	10.75	194889	1711	51	0.113694
1	10.8	5553029	4204	51	4.72028
2	10.8	194889	1711	51	0.113694
1	10.85	5553029	4204	51	4.72028
2	10.85	194889	1711	51	0.113694
1	10.9	5553029	4204	51	4.72028
2	10.9	194889	1711	51	0.113694
1	10.95	5553029	4204	51	4.72028
2	10.95	194889	1711	51	0.113694
1	11	5553029	4204	51	4.72028
2	11	194889	1711	51	0.113694
1	11.05	5553029	4204	51	4.72028
2	11.05	194889	1711	51	0.113694
1	11.1	5553029	4204	51	4.72028
2	11.1	194889	1711	51	0.113694
1	11.15	5553029	4204	51	4.72028
2	11.15	194889	1711	51	0.113694
1	11.2	5553029	4204	51	4.72028
2	11.2	194889	1711	51	0.113694
1	11.25	5553029	4204	51	4.72028
2	11.25	194889	1711	51	0.113694
1	11.3	5553029	4204	51	4.72028
2	11.3	194889	1711	51	0.113694
1	11.35	5553029	4204	51	4.72028
2	11.35	194889	1711	51	0.113694
1	11.4	5553029	4204	51	4.72028
2	11.4	194889	1711	51	0.113694
1	11.45	5553029	4204	51	4.72028
2	11.45	194889	1711	51	0.113694
1	11.5	5553029	4204	51	4.72028
2	11.5	194889	1711	51	0.113694
1	11.55	5553029	4204	51	4.72028
2	11.55	194889	1711	51	0.113694
1	11.6	5553029	4204	51	4.72028
2	11.6	194889	1711	51	0.113694
1	11.65	5553029	4204	51	4.72028
2	11.65	194889	1711	51	0.113694
1	11.7	5553029	4204	51	4.72028
2	11.7	194889	1711	51	0.113694
1	11.75	5553029	4204	51	4.72028
2	11.75	194889	1711	51	0.113694
1	11.8	5553029	4204	51	4.72028
2	11.8	194889	1711	51	0.113694
1	11.85	5553029	4204	51	4.72028
2	11.85	194889	1711	51	0.113694
1	11.9	5553029	4204	51	4.72028
2	11.9	194889	1711	51	0.113694
1	11.95	5553029	4204	51	4.72028
2	11.95	194889	1711	51	0.113694
1	12	5553029	4204	51	4.72028
2	12	194889	1711	51	0.113694
1	12.05	5553029	4204	51	4.72028
2	12.05	194889	1711	51	0.113694
1	12.1	5553029	4204	51	4.72028
2	12.1	194889	1711	51	0.113694
1	12.15	5553029	4204	51	4.72028
2	12.15	194889	1711	51	0.113694
1	12.2	5553029	4204	51	4.72028
2	12.2	194889	1711	51	0.113694
1	12.25	5553029	4204	51	4.72028
2	12.25	194889	1711	51	0.113694
1	12.3	5553029	4204	51	4.72028
2	12.3	194889	1711	51	0.113694
1	12.35	5553029	4204	51	4.72028
2	12.35	194889	1711	51	0.113694
1	12.4	5553029	4204	51	4.72028
2	12.4	194889	1711	51	0.113694
1	12.45	5553029	4204	51	4.72028
2	12.45	194889	1711	51	0.113694
1	12.5	5553029	4204	51	4.72028
2	12.5	194889	1711	51	0.113694
1	12.55	5553029	4204	51	4.72028
2	12.55	194889	1711	51	0.113694
1	12.6	5553029	4204	51	4.72028
2	12.6	194889	1711	51	0.113694
1	12.65	5553029	4204	51	4.72028
2	12.65	194889	1711	51	0.113694
1	12.7	5553029	4204	51	4.72028
2	12.7	194889	1711	51	0.113694
1	12.75	5553029	4204	51	4.72028
2	12.75	194889	1711	51	0.113694
1	12.8	5553029	4204	51	4.72028
2	12.8	194889	1711	51	0.113694
1	12.85	5553029	4204	51	4.72028
2	12.85	194889	1711	51	0.113694
1	12.9	5553029	4204	51	4.72028
2	12.9	194889	1711	51	0.113694
1	12.95	5553029	4204	51	4.72028
2	12.95	194889	1711	51	0.113694
1	13	5553029	4204	51	4.72028
2	13	194889	1711	51	0.113694
1	13.05	5553029	4204	51	4.72028
2	13.05	194889	1711	51	0.113694
1	13.1	5553029	4204	51	4.72028
2	13.1	194889	1711	51	0.113694
1	13.15	5553029	4204	51	4.72028
2	13.15	194889	1711	51	0.113694
1	13.2	5553029	4204	51	4.72028
2	13.2	194889	1711	51	0.113694
1	13.25	5553029	4204	51	4.72028
2	13.25	194889	1711	51	0.113694
1	13.3	5553029	4204	51	4.72028
2	13.3	194889	1711	51	0.113694
1	13.35	5553029	4204	51	4.72028
2	13.35	194889	1711	51	0.113694
1	13.4	5553029	4204	51	4.72028
2	13.4	194889	1711	51	0.113694
1	13.45	5553029	4204	51	4.72028
2	13.45	194889	1711	51	0.113694
1	13.5	5553029	4204	51	4.72028
2	13.5	194889	1711	51	0.113694
1	13.55	5553029	4204	51	4.72028
2	13.55	194889	1711	51	0.113694
1	13.6	5553029	4204	51	4.72028
2	13.6	194889	1711	51	0.113694
1	13.65	5553029	4204	51	4.72028
2	13.65	194889	1711	51	0.113694
1	13.7	5553029	4204	51	4.72028
2	13.7	194889	1711	51	0.113694
1	13.75	5553029	4204	51	4.72028
2	13.75	194889	1711	51	0.113694
1	13.8	5553029	4204	51	4.72028
2	13.8	194889	1711	51	0.113694
1	13.85	5553029	4204	51	4.72028
2	13.85	194889	1711	51	0.113694
1	13.9	5553029	4204	51	4.72028
2	13.9	194889	1711	51	0.113694
1	13.95	5553029	4204	51	4.72028
2	13.95	194889	1711	51	0.113694
1	14	5553029	4204	51	4.72028
2	14	194889	1711	51	0.113694
1	14.05	5553029	4204	51	4.72028
2	14.05	194889	1711	51	0.113694
1	14.1	5553029	4204	51	4.72028
2	14.1	194889	1711	51	0.113694
1	14.15	5553029	4204	51	4.72028
2	14.15	194889	1711	51	0.113694
1	14.2	5553029	4204	51	4.72028
2	14.2	194889	1711	51	0.113694
1	14.25	5553029	4204	51	4.72028
2	14.25	194889	1711	51	0.113694
1	14.3	5553029	4204	51	4.72028
2	14.3	194889	1711	51	0.113694
1	14.35	5553029	4204	51	4.72028
2	14.35	194889	1711	51	0.113694
1	14.4	5553029	4204	51	4.72028
2	14.4	194889	1711	51	0.113694
1	14.45	5553029	4204	51	4.72028
2	14.45	194889	1711	51	0.113694
1	14.5	5553029	4204	51	4.72028
2	14.5	194889	1711	51	0.113694
1	14.55	5553029	4204	51	4.72028
2	14.55	194889	1711	51	0.113694
1	14.6	5553029	4204	51	4.72028
2	14.6	194889	1711	51	0.113694
1	14.65	5553029	4204	51	4.72028
2	14.65	194889	1711	51	0.113694
1	14.7	5553029	4204	51	4.72028
2	14.7	194889	1711	51	0.113694
1	14.75	5553029	4204	51	4.72028
2	14.75	194889	1711	51	0.113694
1	14.8	5553029	4204	51	4.72028
2	14.8	194889	1711	51	0.113694
1	14.85	5553029	4204	51	4.72028
2	14.85	194889	1711	51	0.113694
1	14.9	5553029	4204	51	4.72028
2	14.9	194889	1711	51	0.113694
1	14.95	5553029	4204	51	4.72028
2	14.95	194889	1711	51	0.113694
1	15	5553029	4204	51	4.72028
2	15	194889	1711	51	0.113694
1	15.05	5553029	4204	51	4.72028
2	15.05	194889	1711	51	0.113694
1	15.1	5553029	4204	51	4.72028
2	15.1	194889	1711	51	0.113694
1	15.15	5553029	4204	51	4.72028
2	15.15	194889	1711	51	0.113694
1	15.2	5553029	4204	51	4.72028
2	15.2	194889	1711	51	0.113694
1	15.25	5553029	4204	51	4.72028
2	15.25	194889	1711	51	0.113694
1	15.3	5553029	4204	51	4.72028
2	15.3	194889	1711	51	0.113694
1	15.35	5553029	4204	51	4.72028
2	15.35	194889	1711	51	0.113694
1	15.4	5553029	4204	51	4.72028
2	15.4	194889	1711	51	0.113694
1	15.45	5553029	4204	51	4.72028
2	15.45	194889	1711	51	0.113694
1	15.5	5553029	4204	51	4.72028
2	15.5	194889	1711	51	0.113694
1	15.55	5553029	4204	51	4.72028
2	15.55	194889	1711	51	0.113694
1	15.6	5553029	4204	51	4.72028
2	15.6	194889	1711	51	0.113694
1	15.65	5553029	4204	51	4.72028
2	15.65	194889	1711	51	0.113694
1	15.7	5553029	4204	51	4.72028
2	15.7	194889	1711	51	0.113694
1	15.75	5553029	4204	51	4.72028
2	15.75	194889	1711	51	0.113694
1	15.8	5553029	4204	51	4.72028
2	15.8	194889	1711	51	0.113694
1	15.85	5553029	4204	51	4.72028
2	15.85	194889	1711	51	0.113694
1	15.9	5553029	4204	51	4.72028
2	15.9	194889	1711	51	0.113694
1	15.95	5553029	4204	51	4.72028
2	15.95	194889	1711	51	0.113694
1	16	5553029	4204	51	4.72028
2	16	194889	1711	51	0.113694
1	16.05	5553029	4204	51	4.72028
2	16.05	194889	1711	51	0.113694
1	16.1	5553029	4204	51	4.72028
2	16.1	194889	1711	51	0.113694
1	16.15	5553029	4204	51	4.72028
2	16.15	194889	1711	51	0.113694
1	16.2	5553029	4204	51	4.72028
2	16.2	194889	1711	51	0.113694
1	16.25	5553029	4204	51	4.72028
2	16.25	194889	1711	51	0.113694
1	16.3	5553029	4204	51	4.72028
2	16.3	194889	1711	51	0.113694
1	16.35	5553029	4204	51	4.72028
2	16.35	194889	1711	51	0.113694
1	16.4	5553029	4204	51	4.72028
2	16.4	194889	1711	51	0.113694
1	16.45	5553029	4204	51	4.72028
2	16.45	194889	1711	51	0.113694
1	16.5	5553029	4204	51	4.72028
2	16.5	194889	1711	51	0.113694
1	16.55	5553029	4204	51	4.72028
2	16.55	194889	1711	51	0.113694
1	16.6	5553029	4204	51	4.72028
2	16.6	194889	1711	51	0.113694
1	16.65	5553029	4204	51	4.72028
2	16.65	194889	1711	51	0.113694
1	16.7	5553029	4204	51	4.72028
2	16.7	194889	1711	51	0.113694
1	16.75	5553029	4204	51	4.72028
2	16.75	194889	1711	51	0.113694
1	16.8	5553029	4204	51	4.72028
2	16.8	194889	1711	51	0.113694
1	16.85	5553029	4204	51	4.72028
2	16.85	194889	1711	51	0.113694
1	16.9	5553029	4204	51	4.72028
2	16.9	194889	1711	51	0.113694
1	16.95	5553029	4204	51	4.72028
2	16.95	194889	1711	51	0.113694
1	17	5553029	4204	51	4.72028
2	17	194889	1711	51	0.113694
1	17.05	5553029	4204	51	4.72028
2	17.05	194889	1711	51	0.113694
1	17.1	5553029	4204	51	4.72028
2	17.1	194889	1711	51	0.113694
1	17.15	5553029	4204	51	4.72028
2	17.15	194889	1711	51	0.113694
1	17.2	5553029	4204	51	4.72028
2	17.2	194889	1711	51	0.113694
1	17.25	5553029	4204	51	4.72028
2	17.25	194889	1711	51	0.113694
1	17.3	5553029	4204	51	4.72028
2	17.3	194889	1711	51	0.113694
1	17.35	5553029	4204	51	4.72028
2	17.35	194889	1711	51	0.113694
1	17.4	5553029	4204	51	4.72028
2	17.4	194889	1711	51	0.113694
1	17.45	5553029	4204	51	4.72028
2	17.45	194889	1711	51	0.113694
1	17.5	5553029	4204	51	4.72028
2	17.5	194889	1711	51	0.113694
1	17.55	5553029	4204	51	4.72028
2	17.55	194889	1711	51	0.113694
1	17.6	5553029	4204	51	4.72028
2	17.6	194889	1711	51	0.113694
1	17.65	5553029	4204	51	4.72028
2	17.65	194889	1711	51	0.113694
1	17.7	5553029	4204	51	4.72028
2	17.7	194889	1711	51	0.113694
1	17.75	5553029	4204	51	4.72028
2	17.75	194889	1711	51	0.113694
1	17.8	5553029	4204	51	4.72028
2	17.8	194889	1711	51	0.113694
1	17.85	5553029	4204	51	4.72028
2	17.85	194889	1711	51	0.113694
1	17.9	5553029	4204	51	4.72028
2	17.9	194889	1711	51	0.113694
1	17.95	5553029	4204	51	4.72028
2	17.95	194889	1711	51	0.113694
1	18	5553029	4204	51	4.72028
2	18	194889	1711	51	0.113694
1	18.05	5553029	4204	51	4.72028
2	18.05	194889	1711	51	0.113694
1	18.1	5553029	4204	51	4.72028
2	18.1	194889	1711	51	0.113694
1	18.15	5553029	4204	51	4.72028
2	18.15	194889	1711	51	0.113694
1	18.2	5553029	4204	51	4.72028
2	18.2	194889	1711	51	0.113694
1	18.25	5553029	4204	51	4.72028
2	18.25	194889	1711	51	0.113694
1	18.3	5553029	4204	51	4.72028
2	18.3	194889	1711	51	0.113694
1	18.35	5553029	4204	51	4.72028
2	18.35	194889	1711	51	0.113694
1	18.4	5553029	4204	51	4.72028
2	18.4	194889	1711	51	0.113694
1	18.45	5553029	4204	51	4.72028
2	18.45	194889	1711	51	0.113694
1	18.5	5553029	4204	51	4.72028
2	18.5	194889	1711	51	0.113694
1	18.55	5553029	4204	51	4.72028
2	18.55	194889	1711	51	0.113694
1	18.6	5553029	4204	51	4.72028
2	18.6	194889	1711	51	0.113694
1	18.65	5553029	4204	51	4.72028
2	18.65	194889	1711	51	0.113694
1	18.7	5553029	4204	51	4.72028
2	18.7	194889	1711	51	0.113694
1	18.75	5553029	4204	51	4.72028
2	18.75	194889	1711	51	0.113694
1	18.8	5553029	4204	51	4.72028
2	18.8	194889	1711	51	0.113694
1	18.85	5553029	4204	51	4.72028
2	18.85	194889	1711	51	0.113694
1	18.9	5553029	4204	51	4.72028
2	18.9	194889	1711	51	0.113694
1	18.95	5553029	4204	51	4.72028
2	18.95	194889	1711	51	0.113694
1	19	5553029	4204	51	4.72028
2	19	194889	1711	51	0.113694
1	19.05	5553029	4204	51	4.72028
2	19.05	194889	1711	51	0.113694
1	19.1	5553029	4204	51	4.72028
2	19.1	194889	1711	51	0.113694
1	19.15	5553029	4204	51	4.72028
2	19.15	194889	1711	51	0.113694
1	19.2	5553029	4204	51	4.72028
2	19.2	194889	1711	51	0.113694
1	19.25	5553029	4204	51	4.72028
2	19.25	194889	1711	51	0.113694
1	19.3	5553029	4204	51	4.72028
2	19.3	194889	1711	51	0.113694
1	19.35	5553029	4204	51	4.72028
2	19.35	194889	1711	51	0.113694
1	19.4	5553029	4204	51	4.72028
2	19.4	194889	1711	51	0.113694
1	19.45	5553029	4204	51	4.72028
2	19.45	194889	1711	51	0.113694
1	19.5	5553029	4204	51	4.72028
2	19.5	194889	1711	51	0.113694
1	19.55	5553029	4204	51	4.72028
2	19.55	194889	1711	51	0.113694
1	19.6	5553029	4204	51	4.72028
2	19.6	194889	1711	51	0.113694
1	19.65	5553029	4204	51	4.72028
2	19.65	194889	1711	51	0.113694
1	19.7	5553029	4204	51	4.72028
2	19.7	194889	1711	51	0.113694
1	19.75	5553029	4204	51	4.72028
2	19.75	194889	1711	51	0.113694
1	19.8	5553029	4204	51	4.72028
2	19.8	194889	1711	51	0.113694
1	19.85	5553029	4204	51	4.72028
2	19.85	194889	1711	51	0.113694
1	19.9	5553029	4204	51	4.72028
2	19.9	194889	1711	51	0.113694
1	19.95	5553029	4204	51	4.72028
2	19.95	194889	1711	51	0.113694
1	20	5553029	4204	51	4.72028
2	20	194889	1711	51	0.113694
1	20.05	5553029	4204	51	4.72028
2	20.05	194889	1711	51	0.113694
1	20.1	5553029	4204	51	4.72028
2	20.1	194889	1711	51	0.113694
1	20.15	5553029	4204	51	4.72028
2	20.15	194889	1711	51	0.113694
1	20.2	5553029	4204	51	4.72028
2	20.2	194889	1711	51	0.113694
1	20.25	5553029	4204	51	4.72028
2	20.25	194889	1711	51	0.113694
1	20.3	5553029	4204	51	4.72028
2	20.3	194889	1711	51	0.113694
1	20.35	5553029	4204	51	4.72028
2	20.35	194889	1711	51	0.113694
1	20.4	5553029	4204	51	4.72028
2	20.4	194889	1711	51	0.113694
1	20.45	5553029	4204	51	4.72028
2	20.45	194889	1711	51	0.113694
1	20.5	5553029	4204	51	4.72028
2	20.5	194889	1711	51	0.113694
1	20.55	5553029	4204	51	4.72028
2	20.55	194889	1711	51	0.113694
1	20.6	5553029	4204	51	4.72028
2	20.6	194889	1711	51	0.113694
1	20.65	5553029	4204	51	4.72028
2	20.65	194889	1711	51	0.113694
1	20.7	5553029	4204	51	4.72028
2	20.7	194889	1711	51	0.113694
1	20.75	5553029	4204	51	4.72028
2	20.75	194889	1711	51	0.113694
1	20.8	5553029	4204	51	4.72028
2	20.8	194889	1711	51	0.113694
1	20.85	5553029	4204	51	4.72028
2	20.85	194889	1711	51	0.113694
1	20.9	5553029	4204	51	4.72028
2	20.9	194889	1711	51	0.113694
1	20.95	5553029	4204	51	4.72028
2	20.95	194889	1711	51	0.113694
1	21	5553029	4204	51	4.72028
2	21	194889	1711	51	0.113694
1	21.05	5553029	4204	51	4.72028
2	21.05	194889	1711	51	0.113694
1	21.1	5553029	4204	51	4.72028
2	21.1	194889	1711	51	0.113694
1	21.15	5553029	4204	51	4.72028
2	21.15	194889	1711	51	0.113694
1	21.2	5553029	4204	51	4.72028
2	21.2	194889	1711	51	0.113694
1	21.25	5553029	4204	51	4.72028
2	21.25	194889	1711	51	0.113694
1	21.3	5553029	4204	51	4.72028
2	21.3	194889	1711	51	0.113694
1	21.35	5553029	4204	51	4.72028
2	21.35	194889	1711	51	0.113694
1	21.4	5553029	4204	51	4.72028
2	21.4	194889	1711	51	0.113694
1	21.45	5553029	4204	51	4.72028
2	21.45	194889	1711	51	0.113694
1	21.5	5553029	4204	51	4.72028
2	21.5	194889	1711	51	0.113694
1	21.55	5553029	4204	51	4.72028
2	21.55	194889	1711	51	0.113694
1	21.6	5553029	4204	51	4.72028
2	21.6	194889	1711	51	0.113694
1	21.65	5553029	4204	51	4.72028
2	21.65	194889	1711	51	0.113694
1	21.7	5553029	4204	51	4.72028
2	21.7	194889	1711	51	0.113694
1	21.75	5553029	4204	51	4.72028
2	21.75	194889	1711	51	0.113694
1	21.8	5553029	4204	51	4.72028
2	21.8	194889	1711	51	0.113694
1	21.85	5553029	4204	51	4.72028
2	21.85	194889	1711	51	0.113694
1	21.9	5553029	4204	51	4.72028
2	21.9	194889	1711	51	0.113694
1	21.95	5553029	4204	51	4.72028
2	21.95	194889	1711	51	0.113694
1	22	5553029	4204	51	4.72028
2	22	194889	1711	51	0.113694
1	22.05	5553029	4204	51	4.72028
2	22.05	194889	1711	51	0.113694
1	22.1	5553029	4204	51	4.72028
2	22.1	194889	1711	51	0.113694
1	22.15	5553029	4204	51	4.72028
2	22.15	194889	1711	51	0.113694
1	22.2	5553029	4204	51	4.72028
2	22.2	194889	1711	51	0.113694
1	22.25	5553029	4204	51	4.72028
2	22.25	194889	1711	51	0.113694
1	22.3	5553029	4204	51	4.72028
2	22.3	194889	1711	51	0.113694
1	22.35	5553029	4204	51	4.72028
2	22.35	194889	1711	51	0.113694
1	22.4	5553029	4204	51	4.72028
2	22.4	194889	1711	51	0.113694
1	22.45	5553029	4204	51	4.72028
2	22.45	194889	1711	51	0.113694
1	22.5	5553029	4204	51	4.72028
2	22.5	194889	1711	51	0.113694
1	22.55	5553029	4204	51	4.72028
2	22.55	194889	1711	51	0.113694
1	22.6	5553029	4204	51	4.72028
2	22.6	194889	1711	51	0.113694
1	22.65	5553029	4204	51	4.72028
2	22.65	194889	1711	51	0.113694
1	22.7	5553029	4204	51	4.72028
2	22.7	194889	1711	51	0.113694
1	22.75	5553029	4204	51	4.72028
2	22.75	194889	1711	51	0.113694
1	22.8	5553029	4204	51	4.72028
2	22.8	194889	1711	51	0.113694
1	22.85	5553029	4204	51	4.72028
2	22.85	194889	1711	51	0.113694
1	22.9	5553029	4204	51	4.72028
2	22.9	194889	1711	51	0.113694
1	22.95	5553029	4204	51	4.72028
2	22.95	194889	1711	51	0.113694
1	23	5553029	4204	51	4.72028
2	23	194889	1711	51	0.113694
1	23.05	5553029	4204	51	4.72028
2	23.05	194889	1711	51	0.113694
1	23.1	5553029	4204	51	4.72028
2	23.1	194889	1711	51	0.113694
1	23.15	5553029	4204	51	4.72028
2	23.15	194889	1711	51	0.113694
1	23.2	5553029	4204	51	4.72028
2	23.2	194889	1711	51	0.113694
1	23.25	5553029	4204	51	4.72028
2	23.25	194889	1711	51	0.113694
1	23.3	5553029	4204	51	4.72028
2	23.3	194889	1711	51	0.113694
1	23.35	5553029	4204	51	4.72028
2	23.35	194889	1711	51	0.113694
1	23.4	5553029	4204	51	4.72028
2	23.4	194889	1711	51	0.113694
1	23.45	5553029	4204	51	4.72028
2	23.45	194889	1711	51	0.113694
1	23.5	5553029	4204	51	4.72028
2	23.5	194889	1711	51	0.113694
1	23.55	5553029	4204	51	4.72028
2	23.55	194889	1711	51	0.113694
1	23.6	5553029	4204	51	4.72028
2	23.6	194889	1711	51	0.113694
1	23.65	5553029	4204	51	4.72028
2	23.65	194889	1711	51	0.113694
1	23.7	5553029	4204	51	4.72028
2	23.7	194889	1711	51	0.113694
1	23.75	5553029	4204	51	4.72028
2	23.75	194889	1711	51	0.113694
1	23.8	5553029	4204	51	4.72028
2	23.8	194889	1711	51	0.113694
1	23.85	5553029	4204	51	4.72028
2	23.85	194889	1711	51	0.113694
1	23.9	5553029	4204	51	4.72028
2	23.9	194889	1711	51	0.113694
1	23.95	5553029	4204	51	4.72028
2	23.95	194889	1711	51	0.113694
1	24	5553029	4204	51	4.72028
2	24	194889	1711	51	0.113694
1	24.05	5553029	4204	51	4.72028
2	24.05	194889	1711	51	0.113694
1	24.1	5553029	4204	51	4.72028
2	24.1	194889	1711	51	0.113694
1	24.15	5553029	4204	51	4.72028
2	24.15	194889	1711	51	0.113694
1	24.2	5553029	4204	51	4.72028
2	24.2	194889	1711	51	0.113694
1	24.25	5553029	4204	51	4.72028
2	24.25	194889	1711	51	0.113694
1	24.3	5553029	4204	51	4.72028
2	24.3	194889	1711	51	0.113694
1	24.35	5553029	4204	51	4.72028
2	24.35	194889	1711	51	0.113694
1	24.4	5553029	4204	51	4.72028
2	24.4	194889	1711	51	0.113694
1	24.45	5553029	4204	51	4.72028
2	24.45	194889	1711	51	0.113694
1	24.5	5553029	4204	51	4.72028
2	24.5	194889	1711	51	0.113694
1	24.55	5553029	4204	51	4.72028
2	24.55	194889	1711	51	0.113694
1	24.6	5553029	4204	51	4.72028
2	24.6	194889	1711	51	0.113694
1	24.65	5553029	4204	51	4.72028
2	24.65	194889	1711	51	0.113694
1	24.7	5553029	4204	51	4.72028
2	24.7	194889	1711	51	0.113694
1	24.75	5553029	4204	51	4.72028
2	24.75	194889	1711	51	0.113694
1	24.8	5553029	4204	51	4.72028
2	24.8	194889	1711	51	0.113694
1	24.85	5553029	4204	51	4.72028
2	24.85	194889	1711	51	0.113694
1	24.9	5553029	4204	51	4.72028
2	24.9	194889	1711	51	0.113694
1	24.95	5553029	4204	51	4.72028
2	24.95	194889	1711	51	0.113694
1	25	5553029	4204	51	4.72028
2	25	194889	1711	51	0.113694
1	25.05	5553029	4204	51	4.72028
2	25.05	194889	1711	51	0.113694
1	25.1	5553029	4204	51	4.72028
2	25.1	194889	1711	51	0.113694
1	25.15	5553029	4204	51	4.72028
2	25.15	194889	1711	51	0.113694
1	25.2	5553029	4204	51	4.72028
2	25.2	194889	1711	51	0.113694
1	25.25	5553029	4204	51	4.72028
2	25.25	194889	1711	51	0.113694
1	25.3	5553029	4204	51	4.72028
2	25.3	194889	1711	51	0.113694
1	25.35	5553029	4204	51	4.72028
2	25.35	194889	1711	51	0.113694
1	25.4	5553029	4204	51	4.72028
2	25.4	194889	1711	51	0.113694
1	25.45	5553029	4204	51	4.72028
2	25.45	194889	1711	51	0.113694
1	25.5	5553029	4204	51	4.72028
2	25.5	194889	1711	51	0.113694
1	25.55	5553029	4204	51	4.72028
2	25.55	194889	1711	51	0.113694
1	25.6	5553029	4204	51	4.72028
2	25.6	194889	1711	51	0.113694
1	25.65	5553029	4204	51	4.72028
2	25.65	194889	1711	51	0.113694
1	25.7	5553029	4204	51	4.72028
2	25.7	194889	1711	51	0.113694
1	25.75	5553029	4204	51	4.72028
2	25.75	194889	1711	51	0.113694
1	25.8	5553029	4204	51	4.72028
2	25.8	194889	1711	51	0.113694
1	25.85	5553029	4204	51	4.72028
2	25.85	194889	1711	51	0.113694
1	25.9	5553029	4204	51	4.72028
2	25.9	194889	1711	51	0.113694
1	25.95	5553029	4204	51	4.72028
2	25.95	194889	1711	51	0.113694
1	26	5553029	4204	51	4.72028
2	26	194889	1711	51	0.113694
1	26.05	5553029	4204	51	4.72028
2	26.05	194889	1711	51	0.113694
1	26.1	5553029	4204	51	4.72028
2	26.1	194889	1711	51	0.113694
1	26.15	5553029	4204	51	4.72028
2	26.15	194889	1711	51	0.113694
1	26.2	5553029	4204	51	4.72028
2	26.2	194889	1711	51	0.113694
1	26.25	5553029	4204	51	4.72028
2	26.25	194889	1711	51	0.113694
1	26.3	5553029	4204	51	4.72028
2	26.3	194889	1711	51	0.113694
1	26.35	5553029	4204	51	4.72028
2	26.35	194889	1711	51	0.113694
1	26.4	5553029	4204	51	4.72028
2	26.4	194889	1711	51	0.113694
1	26.45	5553029	4204	51	4.72028
2	26.45	194889	1711	51	0.113694
1	26.5	5553029	4204	51	4.72028
2	26.5	194889	1711	51	0.113694
1	26.55	5553029	4204	51	4.72028
2	26.55	194889	1711	51	0.113694
1	26.6	5553029	4204	51	4.72028
2	26.6	194889	1711	51	0.113694
1	26.65	5553029	4204	51	4.72028
2	26.65	194889	1711	51	0.113694
1	26.7	5553029	4204	51	4.72028
2	26.7	194889	1711	51	0.113694
1	26.75	5553029	4204	51	4.72028
2	26.75	194889	1711	51	0.113694
1	26.8	5553029	4204	51	4.72028
2	26.8	194889	1711	51	0.113694
1	26.85	5553029	4204	51	4.72028
2	26.85	194889	1711	51	0.113694
1	26.9	5553029	4204	51	4.72028
2	26.9	194889	1711	51	0.113694
1	26.95	5553029	4204	51	4.72028
2	26.95	194889	1711	51	0.113694
1	27	5553029	4204	51	4.72028
2	27	194889	1711	51	0.113694
1	27.05	5553029	4204	51	4.72028
2	27.05	194889	1711	51	0.113694
1	27.1	5553029	4204	51	4.72028
2	27.1	194889	1711	51	0.113694
1	27.15	5553029	4204	51	4.72028
2	27.15	194889	1711	51	0.113694
1	27.2	5553029	4204	51	4.72028
2	27.2	194889	1711	51	0.113694
1	27.25	5553029	4204	51	4.72028
2	27.25	194889	1711	51	0.113694
1	27.3	5553029	4204	51	4.72028
2	27.3	194889	1711	51	0.113694
1	27.35	5553029	4204	51	4.72028
2	27.35	194889	1711	51	0.113694
1	27.4	5553029	4204	51	4.72028
2	27.4	194889	1711	51	0.113694
1	27.45	5553029	4204	51	4.72028
2	27.45	194889	1711	51	0.113694
1	27.5	5553029	4204	51	4.72028
2	27.5	194889	1711	51	0.113694
1	27.55	5553029	4204	51	4.72028
2	27.55	194889	1711	51	0.113694
1	27.6	5553029	4204	51	4.72028
2	27.6	194889	1711	51	0.113694
1	27.65	5553029	4204	51	4.72028
2	27.65	194889	1711	51	0.113694
1	27.7	5553029	4204	51	4.72028
2	27.7	194889	1711	51	0.113694
1	27.75	5553029	4204	51	4.72028
2	27.75	194889	1711	51	0.113694
1	27.8	5553029	4204	51	4.72028
2	27.8	194889	1711	51	0.113694
1	27.85	5553029	4204	51	4.72028
2	27.85	194889	1711	51	0.113694
1	27.9	5553029	4204	51	4.72028
2	27.9	194889	1711	51	0.113694
1	27.95	5553029	4204	51	4.72028
2	27.95	194889	1711	51	0.113694
1	28	5553029	4204	51	4.72028
2	28	194889	1711	51	0.113694
1	28.05	5553029	4204	51	4.72028
2	28.05	194889	1711	51	0.113694
1	28.1	5553029	4204	51	4.72028
2	28.1	194889	1711	51	0.113694
1	28.15	5553029	4204	51	4.72028
2	28.15	194889	1711	51	0.113694
1	28.2	5553029	4204	51	4.72028
2	28.2	194889	1711	51	0.113694
1	28.25	5553029	4204	51	4.72028
2	28.25	194889	1711	51	0.113694
1	28.3	5553029	4204	51	4.72028
2	28.3	194889	1711	51	0.113694
1	28.35	5553029	4204	51	4.72028
2	28.35	194889	1711	51	0.113694
1	28.4	5553029	4204	51	4.72028
2	28.4	194889	1711	51	0.113694
1	28.45	5553029	4204	51	4.72028
2	28.45	194889	1711	51	0.113694
1	28.5	5553029	4204	51	4.72028
2	28.5	194889	1711	51	0.113694
1	28.55	5553029	4204	51	4.72028
2	28.55	194889	1711	51	0.113694
1	28.6	5553029	4204	51	4.72028
2	28.6	194889	1711	51	0.113694
1	28.65	5553029	4204	51	4.72028
2	28.65	194889	1711	51	0.113694
1	28.7	5553029	4204	51	4.72028
2	28.7	194889	1711	51	0.113694
1	28.75	5553029	4204	51	4.72028
2	28.75	194889	1711	51	0.113694
1	28.8	5553029	4204	51	4.72028
2	28.8	194889	1711	51	0.113694
1	28.85	5553029	4204	51	4.72028
2	28.85	194889	1711	51	0.113694
1	28.9	5553029	4204	51	4.72028
2	28.9	194889	1711	51	0.113694
1	28.95	5553029	4204	51	4.72028
2	28.95	194889	1711	51	0.113694
1	29	5553029	4204	51	4.72028
2	29	194889	1711	51	0.113694
1	29.05	5553029	4204	51	4.72028
2	29.05	194889	1711	51	0.113694
1	29.1	5553029	4204	51	4.72028
2	29.1	194889	1711	51	0.113694
1	29.15	5553029	4204	51	4.72028
2	29.15	194889	1711	51	0.113694
1	29.2	5553029	4204	51	4.72028
2	29.2	194889	1711	51	0.113694
1	29.25	5553029	4204	51	4.72028
2	29.25	194889	1711	51	0.113694
1	29.3	5553029	4204	51	4.72028
2	29.3	194889	1711	51	0.113694
1	29.35	5553029	4204	51	4.72028
2	29.35	194889	1711	51	0.113694
1	29.4	5553029	4204	51	4.72028
2	29.4	194889	1711	51	0.113694
1	29.45	5553029	4204	51	4.72028
2	29.45	194889	1711	51	0.113694
1	29.5	5553029	4204	51	4.72028
2	29.5	194889	1711	51	0.113694
1	29.55	5553029	4204	51	4.72028
2	29.55	194889	1711	51	0.113694
1	29.6	5553029	4204	51	4.72028
2	29.6	194889	1711	51	0.113694
1	29.65	5553029	4204	51	4.72028
2	29.65	194889	1711	51	0.113694
1	29.7	5553029	4204	51	4.72028
2	29.7	194889	1711	51	0.113694
1	29.75	5553029	4204	51	4.72028
2	29.75	194889	1711	51	0.113694
1	29.8	5553029	4204	51	4.72028
2	29.8	194889	1711	51	0.113694
1	29.85	5553029	4204	51	4.72028
2	29.85	194889	1711	51	0.113694
1	29.9	5553029	4204	51	4.72028
2	29.9	194889	1711	51	0.113694
1	29.95	5553029	4204	51	4.72028
2	29.95	194889	1711	51	0.113694
