1	1.05	0	0	0	-nan
1	1.1	1260	1	51	-nan
2	1.1	0	0	0	-nan
1	1.15	1260	1	51	-nan
2	1.15	129	2	50	0
1	1.2	9838	7	52	0
2	1.2	129	2	50	0
1	1.25	9838	7	52	0
2	1.25	408	7	50	0
1	1.3	22026	16	54	0
2	1.3	408	7	50	0
1	1.35	22082	17	50	0
2	1.35	739	13	50	0
1	1.4	40346	30	60	0
2	1.4	797	14	50	0
1	1.45	46465	35	59	0
2	1.45	1021	18	50	0
1	1.5	60184	45	62	0
2	1.5	1242	22	50	0
1	1.55	95233	71	65	0
2	1.55	1517	27	50	0
1	1.6	104329	77	57	0
2	1.6	2131	38	50	0
1	1.65	137801	101	88	1.67539
2	1.65	2422	43	50	0
1	1.7	172790	126	107	1.54722
2	1.7	2986	53	50	0
1	1.75	209306	152	101	1.43316
2	1.75	3555	63	50	0
1	1.8	239746	174	125	1.33886
2	1.8	4181	74	50	0
1	1.85	270186	196	149	2.51137
2	1.85	4693	83	50	0
1	1.9	299051	216	183	2.35862
2	1.9	5200	92	50	0
1	1.95	330952	238	206	2.23073
2	1.95	5662	100	50	0
1	2	362929	261	232	2.11477
2	2	6089	107	50	0
1	2.05	396473	285	262	3.0082
2	2.05	6582	115	50	0
1	2.1	428436	307	283	2.87577
2	2.1	7075	123	50	0
1	2.15	463504	332	307	2.73428
2	2.15	7507	130	50	0
1	2.2	497048	356	329	2.61655
2	2.2	8100	139	50	0
1	2.25	530534	379	352	3.34471
2	2.25	8657	147	50	0
1	2.3	567170	406	375	3.20552
2	2.3	9145	154	50	0
1	2.35	601323	440	162	3.08467
2	2.35	9771	163	50	0
1	2.4	637977	467	162	2.96793
2	2.4	10604	175	50	0
1	2.45	673040	492	155	3.5798
2	2.45	11441	188	50	0
1	2.5	708163	518	156	3.45708
2	2.5	12106	198	50	0
1	2.55	743341	545	155	3.34222
2	2.55	12840	209	50	0
1	2.6	780044	573	154	3.2305
2	2.6	13574	220	50	0
1	2.65	815223	600	158	3.75663
2	2.65	14308	231	50	0
1	2.7	850340	626	156	3.64398
2	2.7	15037	242	50	0
1	2.75	885524	653	160	3.53749
2	2.75	15771	253	50	0
1	2.8	922222	681	158	4.00448
2	2.8	16568	265	50	0
1	2.85	957348	707	156	3.89464
2	2.85	17313	276	50	0
1	2.9	989486	732	160	3.79156
2	2.9	18058	287	50	0
1	2.95	1023087	757	168	3.6897
2	2.95	18728	297	50	0
1	3	1055233	782	171	4.11045
2	3	19403	307	50	0
1	3.05	1088835	807	173	4.00494
2	3.05	20148	318	50	0
1	3.1	1120976	832	177	3.90662
2	3.1	20823	328	50	0
1	3.15	1151536	855	176	3.81657
2	3.15	21403	336	50	0
1	3.2	1183624	879	173	4.1933
2	3.2	22008	344	50	0
1	3.25	1215765	904	175	4.0966
2	3.25	22637	352	50	0
1	3.3	1246570	931	106	4.00777
2	3.3	23266	360	50	0
1	3.35	1278721	956	64	3.91775
2	3.35	23988	369	50	0
1	3.4	1315370	983	58	4.26023
2	3.4	24731	378	50	0
1	3.45	1349030	1009	56	4.17289
2	3.45	25584	389	50	0
1	3.5	1382637	1034	54	4.08843
2	3.5	26355	399	50	0
1	3.55	1417812	1061	60	4.0053
2	3.55	27208	410	50	0
1	3.6	1448376	1084	60	4.32074
2	3.6	28056	421	50	0
1	3.65	1480459	1108	68	4.23443
2	3.65	28745	430	50	0
1	3.7	1514124	1134	67	4.15683
2	3.7	29516	440	50	0
1	3.75	1549244	1160	58	4.0791
2	3.75	30369	451	50	0
1	3.8	1585944	1188	56	4.36899
2	3.8	31217	462	50	0
1	3.85	1621123	1215	56	4.29121
2	3.85	32070	473	50	0
1	3.9	1656249	1241	55	4.21576
2	3.9	32923	484	50	0
1	3.95	1691426	1268	55	4.14351
2	3.95	33831	496	50	0
1	4	1728127	1296	57	4.41058
2	4	34684	507	50	0
1	4.05	1763248	1322	56	4.33824
2	4.05	35537	518	50	0
1	4.1	1799946	1350	56	4.26572
2	4.1	36385	529	50	0
1	4.15	1835126	1377	56	4.52143
2	4.15	37238	540	50	0
1	4.2	1870305	1404	62	4.44825
2	4.2	38091	551	50	0
1	4.25	1903912	1429	62	4.38024
2	4.25	38944	562	50	0
1	4.3	1935995	1453	66	4.31238
2	4.3	39715	572	50	0
1	4.35	1968136	1478	70	4.54955
2	4.35	40481	582	50	0
1	4.4	2001734	1503	67	4.48149
2	4.4	41334	593	50	0
1	4.45	2035399	1529	66	4.41549
2	4.45	42105	603	50	0
1	4.5	2069001	1554	69	4.35237
2	4.5	42958	614	50	0
1	4.55	2104180	1581	66	4.57411
2	4.55	43724	624	50	0
1	4.6	2137783	1606	63	4.51085
2	4.6	44577	635	50	0
1	4.65	2171443	1632	66	4.44922
2	4.65	45348	645	50	0
1	4.7	2206564	1658	65	4.38679
2	4.7	46201	656	50	0
1	4.75	2240229	1684	68	4.5991
2	4.75	47109	668	50	0
1	4.8	2276923	1712	68	4.53593
2	4.8	47875	678	50	0
1	4.85	2312049	1738	66	4.47702
2	4.85	48810	690	50	0
1	4.9	2344190	1763	69	4.42
2	4.9	49581	700	50	0
1	4.95	2377792	1788	71	4.61811
2	4.95	50434	711	50	0
1	5	2412972	1815	66	4.56121
2	5	51200	721	50	0
1	5.05	2449612	1842	62	4.5037
2	5.05	52053	732	50	0
1	5.1	2483277	1868	66	4.44852
2	5.1	52906	743	50	0
1	5.15	2516879	1893	67	4.63874
2	5.15	53759	754	50	0
1	5.2	2552054	1920	67	4.58236
2	5.2	54530	764	50	0
1	5.25	2587238	1947	70	4.52746
2	5.25	55378	775	50	0
1	5.3	2622417	1974	70	4.70857
2	5.3	56231	786	50	0
1	5.35	2656019	1999	67	4.65513
2	5.35	57139	798	50	0
1	5.4	2689680	2025	73	4.60047
2	5.4	57910	808	50	0
1	5.45	2721763	2049	76	4.54933
2	5.45	58763	819	50	0
1	5.5	2755365	2074	80	4.72161
2	5.5	59529	829	50	0
1	5.55	2787511	2099	76	4.67005
2	5.55	60300	839	50	0
1	5.6	2819590	2123	77	4.61794
2	5.6	61153	850	50	0
1	5.65	2850154	2146	84	4.56933
2	5.65	61869	859	50	0
1	5.7	2885333	2173	81	4.73387
2	5.7	62553	868	50	0
1	5.75	2918940	2198	72	4.68436
2	5.75	63406	879	50	0
1	5.8	2951023	2222	79	4.63526
2	5.8	64259	890	50	0
1	5.85	2983160	2247	78	4.58697
2	5.85	65030	900	50	0
1	5.9	3015243	2271	81	4.74495
2	5.9	65796	910	50	0
1	5.95	3045807	2294	87	4.69775
2	5.95	66567	920	50	0
1	6	3080991	2321	84	4.6488
2	6	67338	930	50	0
1	6.05	3114589	2346	77	4.60318
2	6.05	68191	941	50	0
1	6.1	3149768	2373	71	4.75542
2	6.1	68957	951	50	0
1	6.15	3184952	2400	77	4.70857
2	6.15	69810	962	50	0
1	6.2	3218554	2425	75	4.66202
2	6.2	70663	973	50	0
1	6.25	3250633	2449	77	4.61836
2	6.25	71434	983	50	0
1	6.3	3284298	2475	83	4.7645
2	6.3	72200	993	50	0
1	6.35	3317900	2500	78	4.7192
2	6.35	73053	1004	50	0
1	6.4	3353079	2527	75	4.67472
2	6.4	73824	1014	50	0
1	6.45	3386682	2552	75	4.6331
2	6.45	74732	1026	50	0
1	6.5	3420342	2578	81	4.77365
2	6.5	75585	1037	50	0
1	6.55	3453944	2603	79	4.72968
2	6.55	76351	1047	50	0
1	6.6	3486090	2628	85	4.68702
2	6.6	77204	1058	50	0
1	6.65	3518172	2652	86	4.64514
2	6.65	77975	1068	50	0
1	6.7	3551829	2678	88	4.78114
2	6.7	78691	1077	50	0
1	6.75	3585431	2703	83	4.73929
2	6.75	79539	1088	50	0
1	6.8	3617519	2727	84	4.69748
2	6.8	80310	1098	50	0
1	6.85	3648141	2751	87	4.65815
2	6.85	81081	1108	50	0
1	6.9	3680220	2775	94	4.78914
2	6.9	81852	1118	50	0
1	6.95	3712303	2799	89	4.74833
2	6.95	82618	1128	50	0
1	7	3744444	2824	89	4.70786
2	7	83389	1138	50	0
1	7.05	3775013	2847	94	4.67005
2	7.05	84160	1148	50	0
1	7.1	3811707	2875	84	4.79511
2	7.1	84931	1158	50	0
1	7.15	3846828	2901	82	4.75628
2	7.15	85779	1169	50	0
1	7.2	3880493	2927	79	4.71741
2	7.2	86632	1180	50	0
1	7.25	3914095	2952	84	4.67913
2	7.25	87485	1191	50	0
1	7.3	3944655	2975	89	4.80329
2	7.3	88256	1201	50	0
1	7.35	3976796	3000	91	4.76469
2	7.35	89022	1211	50	0
1	7.4	4008884	3024	94	4.72663
2	7.4	89793	1221	50	0
1	7.45	4041025	3049	89	4.68914
2	7.45	90564	1231	50	0
1	7.5	4073108	3073	95	4.80828
2	7.5	91335	1241	50	0
1	7.55	4105187	3097	94	4.7717
2	7.55	92101	1251	50	0
1	7.6	4140371	3124	89	4.73495
2	7.6	92872	1261	50	0
1	7.65	4175492	3150	85	4.69887
2	7.65	93725	1272	50	0
1	7.7	4207575	3174	86	4.81447
2	7.7	94578	1283	50	0
1	7.75	4239717	3199	90	4.77885
2	7.75	95344	1293	50	0
1	7.8	4273319	3224	89	4.74325
2	7.8	96115	1303	50	0
1	7.85	4306979	3250	90	4.70817
2	7.85	96968	1314	50	0
1	7.9	4342105	3276	86	4.81984
2	7.9	97739	1324	50	0
1	7.95	4377280	3303	84	4.78492
2	7.95	98592	1335	50	0
1	8	4410882	3328	85	4.75096
2	8	99440	1346	50	0
1	8.05	4446066	3355	87	4.71585
2	8.05	100211	1356	50	0
1	8.1	4479726	3381	92	4.82418
2	8.1	101064	1367	50	0
1	8.15	4513324	3406	88	4.79005
2	8.15	101917	1378	50	0
1	8.2	4546989	3432	93	4.75662
2	8.2	102683	1388	50	0
1	8.25	4580591	3457	88	4.72372
2	8.25	103536	1399	50	0
1	8.3	4614251	3483	92	4.82943
2	8.3	104307	1409	50	0
1	8.35	4647854	3508	87	4.79672
2	8.35	105160	1420	50	0
1	8.4	4684552	3536	86	4.76347
2	8.4	105931	1430	50	0
1	8.45	4719736	3563	87	4.86734
2	8.45	106916	1443	50	0
1	8.5	4753338	3588	86	4.83458
2	8.5	107769	1454	50	0
1	8.55	4786995	3614	92	4.80218
2	8.55	108540	1464	50	0
1	8.6	4820601	3639	92	4.77072
2	8.6	109393	1475	50	0
1	8.65	4855780	3666	92	4.8699
2	8.65	110164	1485	50	0
1	8.7	4892420	3693	87	4.83796
2	8.7	111012	1496	50	0
1	8.75	4929177	3722	81	4.80647
2	8.75	111865	1507	50	0
1	8.8	4965822	3749	85	4.7754
2	8.8	112718	1518	50	0
1	8.85	5001001	3776	85	4.87425
2	8.85	113571	1529	50	0
1	8.9	5036122	3802	86	4.84237
2	8.9	114561	1542	50	0
1	8.95	5069783	3828	92	4.81211
2	8.95	115327	1552	50	0
1	9	5101866	3852	93	4.78212
2	9	116180	1563	50	0
1	9.05	5134007	3877	96	4.87743
2	9.05	116951	1573	50	0
1	9.1	5169133	3903	94	4.84701
2	9.1	117722	1583	50	0
1	9.15	5204312	3930	95	4.81703
2	9.15	118575	1594	50	0
1	9.2	5241011	3958	92	4.78683
2	9.2	119423	1605	50	0
1	9.25	5276132	3984	91	4.88023
2	9.25	120276	1616	50	0
1	9.3	5312830	4012	90	4.85016
2	9.3	121129	1627	50	0
1	9.35	5349530	4040	87	4.82047
2	9.35	121982	1638	50	0
1	9.4	5380093	4063	95	4.91222
2	9.4	122890	1650	50	0
1	9.45	5412176	4087	98	4.88218
2	9.45	123601	1659	50	0
1	9.5	5445841	4113	102	4.85404
2	9.5	124372	1669	50	0
1	9.55	5480962	4139	98	4.82518
2	9.55	125225	1680	50	0
1	9.6	5513099	4164	97	4.91371
2	9.6	126078	1691	50	0
1	9.65	5543663	4187	105	4.88618
2	9.65	126844	1701	50	0
1	9.7	5552378	4200	50	4.86488
2	9.7	127615	1711	50	0
1	9.75	5552610	4204	50	4.82987
2	9.75	128252	1719	50	0
1	9.8	5553164	4211	50	4.80353
2	9.8	128667	1724	50	0
1	9.85	5553594	4216	50	4.77823
2	9.85	128923	1727	50	0
1	9.9	5553852	4219	50	4.76772
2	9.9	128923	1727	50	0
1	9.95	5553852	4219	50	4.76772
2	9.95	128923	1727	50	0
1	10	5553852	4219	50	4.76772
2	10	128923	1727	50	0
1	10.05	5553852	4219	50	4.76772
2	10.05	128923	1727	50	0
1	10.1	5553852	4219	50	4.76772
2	10.1	128923	1727	50	0
1	10.15	5553852	4219	50	4.76772
2	10.15	128923	1727	50	0
1	10.2	5553852	4219	50	4.76772
2	10.2	128923	1727	50	0
1	10.25	5553852	4219	50	4.76772
2	10.25	128923	1727	50	0
1	10.3	5553852	4219	50	4.76772
2	10.3	128923	1727	50	0
1	10.35	5553852	4219	50	4.76772
2	10.35	128923	1727	50	0
1	10.4	5553852	4219	50	4.76772
2	10.4	128923	1727	50	0
1	10.45	5553852	4219	50	4.76772
2	10.45	128923	1727	50	0
1	10.5	5553852	4219	50	4.76772
2	10.5	128923	1727	50	0
1	10.55	5553852	4219	50	4.76772
2	10.55	128923	1727	50	0
1	10.6	5553852	4219	50	4.76772
2	10.6	128923	1727	50	0
1	10.65	5553852	4219	50	4.76772
2	10.65	128923	1727	50	0
1	10.7	5553852	4219	50	4.76772
2	10.7	128923	1727	50	0
1	10.75	5553852	4219	50	4.76772
2	10.75	128923	1727	50	0
1	10.8	5553852	4219	50	4.76772
2	10.8	128923	1727	50	0
1	10.85	5553852	4219	50	4.76772
2	10.85	128923	1727	50	0
1	10.9	5553852	4219	50	4.76772
2	10.9	128923	1727	50	0
1	10.95	5553852	4219	50	4.76772
2	10.95	128923	1727	50	0
1	11	5553852	4219	50	4.76772
2	11	128923	1727	50	0
1	11.05	5553852	4219	50	4.76772
2	11.05	128923	1727	50	0
1	11.1	5553852	4219	50	4.76772
2	11.1	128923	1727	50	0
1	11.15	5553852	4219	50	4.76772
2	11.15	128923	1727	50	0
1	11.2	5553852	4219	50	4.76772
2	11.2	128923	1727	50	0
1	11.25	5553852	4219	50	4.76772
2	11.25	128923	1727	50	0
1	11.3	5553852	4219	50	4.76772
2	11.3	128923	1727	50	0
1	11.35	5553852	4219	50	4.76772
2	11.35	128923	1727	50	0
1	11.4	5553852	4219	50	4.76772
2	11.4	128923	1727	50	0
1	11.45	5553852	4219	50	4.76772
2	11.45	128923	1727	50	0
1	11.5	5553852	4219	50	4.76772
2	11.5	128923	1727	50	0
1	11.55	5553852	4219	50	4.76772
2	11.55	128923	1727	50	0
1	11.6	5553852	4219	50	4.76772
2	11.6	128923	1727	50	0
1	11.65	5553852	4219	50	4.76772
2	11.65	128923	1727	50	0
1	11.7	5553852	4219	50	4.76772
2	11.7	128923	1727	50	0
1	11.75	5553852	4219	50	4.76772
2	11.75	128923	1727	50	0
1	11.8	5553852	4219	50	4.76772
2	11.8	128923	1727	50	0
1	11.85	5553852	4219	50	4.76772
2	11.85	128923	1727	50	0
1	11.9	5553852	4219	50	4.76772
2	11.9	128923	1727	50	0
1	11.95	5553852	4219	50	4.76772
2	11.95	128923	1727	50	0
1	12	5553852	4219	50	4.76772
2	12	128923	1727	50	0
1	12.05	5553852	4219	50	4.76772
2	12.05	128923	1727	50	0
1	12.1	5553852	4219	50	4.76772
2	12.1	128923	1727	50	0
1	12.15	5553852	4219	50	4.76772
2	12.15	128923	1727	50	0
1	12.2	5553852	4219	50	4.76772
2	12.2	128923	1727	50	0
1	12.25	5553852	4219	50	4.76772
2	12.25	128923	1727	50	0
1	12.3	5553852	4219	50	4.76772
2	12.3	128923	1727	50	0
1	12.35	5553852	4219	50	4.76772
2	12.35	128923	1727	50	0
1	12.4	5553852	4219	50	4.76772
2	12.4	128923	1727	50	0
1	12.45	5553852	4219	50	4.76772
2	12.45	128923	1727	50	0
1	12.5	5553852	4219	50	4.76772
2	12.5	128923	1727	50	0
1	12.55	5553852	4219	50	4.76772
2	12.55	128923	1727	50	0
1	12.6	5553852	4219	50	4.76772
2	12.6	128923	1727	50	0
1	12.65	5553852	4219	50	4.76772
2	12.65	128923	1727	50	0
1	12.7	5553852	4219	50	4.76772
2	12.7	128923	1727	50	0
1	12.75	5553852	4219	50	4.76772
2	12.75	128923	1727	50	0
1	12.8	5553852	4219	50	4.76772
2	12.8	128923	1727	50	0
1	12.85	5553852	4219	50	4.76772
2	12.85	128923	1727	50	0
1	12.9	5553852	4219	50	4.76772
2	12.9	128923	1727	50	0
1	12.95	5553852	4219	50	4.76772
2	12.95	128923	1727	50	0
1	13	5553852	4219	50	4.76772
2	13	128923	1727	50	0
1	13.05	5553852	4219	50	4.76772
2	13.05	128923	1727	50	0
1	13.1	5553852	4219	50	4.76772
2	13.1	128923	1727	50	0
1	13.15	5553852	4219	50	4.76772
2	13.15	128923	1727	50	0
1	13.2	5553852	4219	50	4.76772
2	13.2	128923	1727	50	0
1	13.25	5553852	4219	50	4.76772
2	13.25	128923	1727	50	0
1	13.3	5553852	4219	50	4.76772
2	13.3	128923	1727	50	0
1	13.35	5553852	4219	50	4.76772
2	13.35	128923	1727	50	0
1	13.4	5553852	4219	50	4.76772
2	13.4	128923	1727	50	0
1	13.45	5553852	4219	50	4.76772
2	13.45	128923	1727	50	0
1	13.5	5553852	4219	50	4.76772
2	13.5	128923	1727	50	0
1	13.55	5553852	4219	50	4.76772
2	13.55	128923	1727	50	0
1	13.6	5553852	4219	50	4.76772
2	13.6	128923	1727	50	0
1	13.65	5553852	4219	50	4.76772
2	13.65	128923	1727	50	0
1	13.7	5553852	4219	50	4.76772
2	13.7	128923	1727	50	0
1	13.75	5553852	4219	50	4.76772
2	13.75	128923	1727	50	0
1	13.8	5553852	4219	50	4.76772
2	13.8	128923	1727	50	0
1	13.85	5553852	4219	50	4.76772
2	13.85	128923	1727	50	0
1	13.9	5553852	4219	50	4.76772
2	13.9	128923	1727	50	0
1	13.95	5553852	4219	50	4.76772
2	13.95	128923	1727	50	0
1	14	5553852	4219	50	4.76772
2	14	128923	1727	50	0
1	14.05	5553852	4219	50	4.76772
2	14.05	128923	1727	50	0
1	14.1	5553852	4219	50	4.76772
2	14.1	128923	1727	50	0
1	14.15	5553852	4219	50	4.76772
2	14.15	128923	1727	50	0
1	14.2	5553852	4219	50	4.76772
2	14.2	128923	1727	50	0
1	14.25	5553852	4219	50	4.76772
2	14.25	128923	1727	50	0
1	14.3	5553852	4219	50	4.76772
2	14.3	128923	1727	50	0
1	14.35	5553852	4219	50	4.76772
2	14.35	128923	1727	50	0
1	14.4	5553852	4219	50	4.76772
2	14.4	128923	1727	50	0
1	14.45	5553852	4219	50	4.76772
2	14.45	128923	1727	50	0
1	14.5	5553852	4219	50	4.76772
2	14.5	128923	1727	50	0
1	14.55	5553852	4219	50	4.76772
2	14.55	128923	1727	50	0
1	14.6	5553852	4219	50	4.76772
2	14.6	128923	1727	50	0
1	14.65	5553852	4219	50	4.76772
2	14.65	128923	1727	50	0
1	14.7	5553852	4219	50	4.76772
2	14.7	128923	1727	50	0
1	14.75	5553852	4219	50	4.76772
2	14.75	128923	1727	50	0
1	14.8	5553852	4219	50	4.76772
2	14.8	128923	1727	50	0
1	14.85	5553852	4219	50	4.76772
2	14.85	128923	1727	50	0
1	14.9	5553852	4219	50	4.76772
2	14.9	128923	1727	50	0
1	14.95	5553852	4219	50	4.76772
2	14.95	128923	1727	50	0
1	15	5553852	4219	50	4.76772
2	15	128923	1727	50	0
1	15.05	5553852	4219	50	4.76772
2	15.05	128923	1727	50	0
1	15.1	5553852	4219	50	4.76772
2	15.1	128923	1727	50	0
1	15.15	5553852	4219	50	4.76772
2	15.15	128923	1727	50	0
1	15.2	5553852	4219	50	4.76772
2	15.2	128923	1727	50	0
1	15.25	5553852	4219	50	4.76772
2	15.25	128923	1727	50	0
1	15.3	5553852	4219	50	4.76772
2	15.3	128923	1727	50	0
1	15.35	5553852	4219	50	4.76772
2	15.35	128923	1727	50	0
1	15.4	5553852	4219	50	4.76772
2	15.4	128923	1727	50	0
1	15.45	5553852	4219	50	4.76772
2	15.45	128923	1727	50	0
1	15.5	5553852	4219	50	4.76772
2	15.5	128923	1727	50	0
1	15.55	5553852	4219	50	4.76772
2	15.55	128923	1727	50	0
1	15.6	5553852	4219	50	4.76772
2	15.6	128923	1727	50	0
1	15.65	5553852	4219	50	4.76772
2	15.65	128923	1727	50	0
1	15.7	5553852	4219	50	4.76772
2	15.7	128923	1727	50	0
1	15.75	5553852	4219	50	4.76772
2	15.75	128923	1727	50	0
1	15.8	5553852	4219	50	4.76772
2	15.8	128923	1727	50	0
1	15.85	5553852	4219	50	4.76772
2	15.85	128923	1727	50	0
1	15.9	5553852	4219	50	4.76772
2	15.9	128923	1727	50	0
1	15.95	5553852	4219	50	4.76772
2	15.95	128923	1727	50	0
1	16	5553852	4219	50	4.76772
2	16	128923	1727	50	0
1	16.05	5553852	4219	50	4.76772
2	16.05	128923	1727	50	0
1	16.1	5553852	4219	50	4.76772
2	16.1	128923	1727	50	0
1	16.15	5553852	4219	50	4.76772
2	16.15	128923	1727	50	0
1	16.2	5553852	4219	50	4.76772
2	16.2	128923	1727	50	0
1	16.25	5553852	4219	50	4.76772
2	16.25	128923	1727	50	0
1	16.3	5553852	4219	50	4.76772
2	16.3	128923	1727	50	0
1	16.35	5553852	4219	50	4.76772
2	16.35	128923	1727	50	0
1	16.4	5553852	4219	50	4.76772
2	16.4	128923	1727	50	0
1	16.45	5553852	4219	50	4.76772
2	16.45	128923	1727	50	0
1	16.5	5553852	4219	50	4.76772
2	16.5	128923	1727	50	0
1	16.55	5553852	4219	50	4.76772
2	16.55	128923	1727	50	0
1	16.6	5553852	4219	50	4.76772
2	16.6	128923	1727	50	0
1	16.65	5553852	4219	50	4.76772
2	16.65	128923	1727	50	0
1	16.7	5553852	4219	50	4.76772
2	16.7	128923	1727	50	0
1	16.75	5553852	4219	50	4.76772
2	16.75	128923	1727	50	0
1	16.8	5553852	4219	50	4.76772
2	16.8	128923	1727	50	0
1	16.85	5553852	4219	50	4.76772
2	16.85	128923	1727	50	0
1	16.9	5553852	4219	50	4.76772
2	16.9	128923	1727	50	0
1	16.95	5553852	4219	50	4.76772
2	16.95	128923	1727	50	0
1	17	5553852	4219	50	4.76772
2	17	128923	1727	50	0
1	17.05	5553852	4219	50	4.76772
2	17.05	128923	1727	50	0
1	17.1	5553852	4219	50	4.76772
2	17.1	128923	1727	50	0
1	17.15	5553852	4219	50	4.76772
2	17.15	128923	1727	50	0
1	17.2	5553852	4219	50	4.76772
2	17.2	128923	1727	50	0
1	17.25	5553852	4219	50	4.76772
2	17.25	128923	1727	50	0
1	17.3	5553852	4219	50	4.76772
2	17.3	128923	1727	50	0
1	17.35	5553852	4219	50	4.76772
2	17.35	128923	1727	50	0
1	17.4	5553852	4219	50	4.76772
2	17.4	128923	1727	50	0
1	17.45	5553852	4219	50	4.76772
2	17.45	128923	1727	50	0
1	17.5	5553852	4219	50	4.76772
2	17.5	128923	1727	50	0
1	17.55	5553852	4219	50	4.76772
2	17.55	128923	1727	50	0
1	17.6	5553852	4219	50	4.76772
2	17.6	128923	1727	50	0
1	17.65	5553852	4219	50	4.76772
2	17.65	128923	1727	50	0
1	17.7	5553852	4219	50	4.76772
2	17.7	128923	1727	50	0
1	17.75	5553852	4219	50	4.76772
2	17.75	128923	1727	50	0
1	17.8	5553852	4219	50	4.76772
2	17.8	128923	1727	50	0
1	17.85	5553852	4219	50	4.76772
2	17.85	128923	1727	50	0
1	17.9	5553852	4219	50	4.76772
2	17.9	128923	1727	50	0
1	17.95	5553852	4219	50	4.76772
2	17.95	128923	1727	50	0
1	18	5553852	4219	50	4.76772
2	18	128923	1727	50	0
1	18.05	5553852	4219	50	4.76772
2	18.05	128923	1727	50	0
1	18.1	5553852	4219	50	4.76772
2	18.1	128923	1727	50	0
1	18.15	5553852	4219	50	4.76772
2	18.15	128923	1727	50	0
1	18.2	5553852	4219	50	4.76772
2	18.2	128923	1727	50	0
1	18.25	5553852	4219	50	4.76772
2	18.25	128923	1727	50	0
1	18.3	5553852	4219	50	4.76772
2	18.3	128923	1727	50	0
1	18.35	5553852	4219	50	4.76772
2	18.35	128923	1727	50	0
1	18.4	5553852	4219	50	4.76772
2	18.4	128923	1727	50	0
1	18.45	5553852	4219	50	4.76772
2	18.45	128923	1727	50	0
1	18.5	5553852	4219	50	4.76772
2	18.5	128923	1727	50	0
1	18.55	5553852	4219	50	4.76772
2	18.55	128923	1727	50	0
1	18.6	5553852	4219	50	4.76772
2	18.6	128923	1727	50	0
1	18.65	5553852	4219	50	4.76772
2	18.65	128923	1727	50	0
1	18.7	5553852	4219	50	4.76772
2	18.7	128923	1727	50	0
1	18.75	5553852	4219	50	4.76772
2	18.75	128923	1727	50	0
1	18.8	5553852	4219	50	4.76772
2	18.8	128923	1727	50	0
1	18.85	5553852	4219	50	4.76772
2	18.85	128923	1727	50	0
1	18.9	5553852	4219	50	4.76772
2	18.9	128923	1727	50	0
1	18.95	5553852	4219	50	4.76772
2	18.95	128923	1727	50	0
1	19	5553852	4219	50	4.76772
2	19	128923	1727	50	0
1	19.05	5553852	4219	50	4.76772
2	19.05	128923	1727	50	0
1	19.1	5553852	4219	50	4.76772
2	19.1	128923	1727	50	0
1	19.15	5553852	4219	50	4.76772
2	19.15	128923	1727	50	0
1	19.2	5553852	4219	50	4.76772
2	19.2	128923	1727	50	0
1	19.25	5553852	4219	50	4.76772
2	19.25	128923	1727	50	0
1	19.3	5553852	4219	50	4.76772
2	19.3	128923	1727	50	0
1	19.35	5553852	4219	50	4.76772
2	19.35	128923	1727	50	0
1	19.4	5553852	4219	50	4.76772
2	19.4	128923	1727	50	0
1	19.45	5553852	4219	50	4.76772
2	19.45	128923	1727	50	0
1	19.5	5553852	4219	50	4.76772
2	19.5	128923	1727	50	0
1	19.55	5553852	4219	50	4.76772
2	19.55	128923	1727	50	0
1	19.6	5553852	4219	50	4.76772
2	19.6	128923	1727	50	0
1	19.65	5553852	4219	50	4.76772
2	19.65	128923	1727	50	0
1	19.7	5553852	4219	50	4.76772
2	19.7	128923	1727	50	0
1	19.75	5553852	4219	50	4.76772
2	19.75	128923	1727	50	0
1	19.8	5553852	4219	50	4.76772
2	19.8	128923	1727	50	0
1	19.85	5553852	4219	50	4.76772
2	19.85	128923	1727	50	0
1	19.9	5553852	4219	50	4.76772
2	19.9	128923	1727	50	0
1	19.95	5553852	4219	50	4.76772
2	19.95	128923	1727	50	0
1	20	5553852	4219	50	4.76772
2	20	128923	1727	50	0
1	20.05	5553852	4219	50	4.76772
2	20.05	128923	1727	50	0
1	20.1	5553852	4219	50	4.76772
2	20.1	128923	1727	50	0
1	20.15	5553852	4219	50	4.76772
2	20.15	128923	1727	50	0
1	20.2	5553852	4219	50	4.76772
2	20.2	128923	1727	50	0
1	20.25	5553852	4219	50	4.76772
2	20.25	128923	1727	50	0
1	20.3	5553852	4219	50	4.76772
2	20.3	128923	1727	50	0
1	20.35	5553852	4219	50	4.76772
2	20.35	128923	1727	50	0
1	20.4	5553852	4219	50	4.76772
2	20.4	128923	1727	50	0
1	20.45	5553852	4219	50	4.76772
2	20.45	128923	1727	50	0
1	20.5	5553852	4219	50	4.76772
2	20.5	128923	1727	50	0
1	20.55	5553852	4219	50	4.76772
2	20.55	128923	1727	50	0
1	20.6	5553852	4219	50	4.76772
2	20.6	128923	1727	50	0
1	20.65	5553852	4219	50	4.76772
2	20.65	128923	1727	50	0
1	20.7	5553852	4219	50	4.76772
2	20.7	128923	1727	50	0
1	20.75	5553852	4219	50	4.76772
2	20.75	128923	1727	50	0
1	20.8	5553852	4219	50	4.76772
2	20.8	128923	1727	50	0
1	20.85	5553852	4219	50	4.76772
2	20.85	128923	1727	50	0
1	20.9	5553852	4219	50	4.76772
2	20.9	128923	1727	50	0
1	20.95	5553852	4219	50	4.76772
2	20.95	128923	1727	50	0
1	21	5553852	4219	50	4.76772
2	21	128923	1727	50	0
1	21.05	5553852	4219	50	4.76772
2	21.05	128923	1727	50	0
1	21.1	5553852	4219	50	4.76772
2	21.1	128923	1727	50	0
1	21.15	5553852	4219	50	4.76772
2	21.15	128923	1727	50	0
1	21.2	5553852	4219	50	4.76772
2	21.2	128923	1727	50	0
1	21.25	5553852	4219	50	4.76772
2	21.25	128923	1727	50	0
1	21.3	5553852	4219	50	4.76772
2	21.3	128923	1727	50	0
1	21.35	5553852	4219	50	4.76772
2	21.35	128923	1727	50	0
1	21.4	5553852	4219	50	4.76772
2	21.4	128923	1727	50	0
1	21.45	5553852	4219	50	4.76772
2	21.45	128923	1727	50	0
1	21.5	5553852	4219	50	4.76772
2	21.5	128923	1727	50	0
1	21.55	5553852	4219	50	4.76772
2	21.55	128923	1727	50	0
1	21.6	5553852	4219	50	4.76772
2	21.6	128923	1727	50	0
1	21.65	5553852	4219	50	4.76772
2	21.65	128923	1727	50	0
1	21.7	5553852	4219	50	4.76772
2	21.7	128923	1727	50	0
1	21.75	5553852	4219	50	4.76772
2	21.75	128923	1727	50	0
1	21.8	5553852	4219	50	4.76772
2	21.8	128923	1727	50	0
1	21.85	5553852	4219	50	4.76772
2	21.85	128923	1727	50	0
1	21.9	5553852	4219	50	4.76772
2	21.9	128923	1727	50	0
1	21.95	5553852	4219	50	4.76772
2	21.95	128923	1727	50	0
1	22	5553852	4219	50	4.76772
2	22	128923	1727	50	0
1	22.05	5553852	4219	50	4.76772
2	22.05	128923	1727	50	0
1	22.1	5553852	4219	50	4.76772
2	22.1	128923	1727	50	0
1	22.15	5553852	4219	50	4.76772
2	22.15	128923	1727	50	0
1	22.2	5553852	4219	50	4.76772
2	22.2	128923	1727	50	0
1	22.25	5553852	4219	50	4.76772
2	22.25	128923	1727	50	0
1	22.3	5553852	4219	50	4.76772
2	22.3	128923	1727	50	0
1	22.35	5553852	4219	50	4.76772
2	22.35	128923	1727	50	0
1	22.4	5553852	4219	50	4.76772
2	22.4	128923	1727	50	0
1	22.45	5553852	4219	50	4.76772
2	22.45	128923	1727	50	0
1	22.5	5553852	4219	50	4.76772
2	22.5	128923	1727	50	0
1	22.55	5553852	4219	50	4.76772
2	22.55	128923	1727	50	0
1	22.6	5553852	4219	50	4.76772
2	22.6	128923	1727	50	0
1	22.65	5553852	4219	50	4.76772
2	22.65	128923	1727	50	0
1	22.7	5553852	4219	50	4.76772
2	22.7	128923	1727	50	0
1	22.75	5553852	4219	50	4.76772
2	22.75	128923	1727	50	0
1	22.8	5553852	4219	50	4.76772
2	22.8	128923	1727	50	0
1	22.85	5553852	4219	50	4.76772
2	22.85	128923	1727	50	0
1	22.9	5553852	4219	50	4.76772
2	22.9	128923	1727	50	0
1	22.95	5553852	4219	50	4.76772
2	22.95	128923	1727	50	0
1	23	5553852	4219	50	4.76772
2	23	128923	1727	50	0
1	23.05	5553852	4219	50	4.76772
2	23.05	128923	1727	50	0
1	23.1	5553852	4219	50	4.76772
2	23.1	128923	1727	50	0
1	23.15	5553852	4219	50	4.76772
2	23.15	128923	1727	50	0
1	23.2	5553852	4219	50	4.76772
2	23.2	128923	1727	50	0
1	23.25	5553852	4219	50	4.76772
2	23.25	128923	1727	50	0
1	23.3	5553852	4219	50	4.76772
2	23.3	128923	1727	50	0
1	23.35	5553852	4219	50	4.76772
2	23.35	128923	1727	50	0
1	23.4	5553852	4219	50	4.76772
2	23.4	128923	1727	50	0
1	23.45	5553852	4219	50	4.76772
2	23.45	128923	1727	50	0
1	23.5	5553852	4219	50	4.76772
2	23.5	128923	1727	50	0
1	23.55	5553852	4219	50	4.76772
2	23.55	128923	1727	50	0
1	23.6	5553852	4219	50	4.76772
2	23.6	128923	1727	50	0
1	23.65	5553852	4219	50	4.76772
2	23.65	128923	1727	50	0
1	23.7	5553852	4219	50	4.76772
2	23.7	128923	1727	50	0
1	23.75	5553852	4219	50	4.76772
2	23.75	128923	1727	50	0
1	23.8	5553852	4219	50	4.76772
2	23.8	128923	1727	50	0
1	23.85	5553852	4219	50	4.76772
2	23.85	128923	1727	50	0
1	23.9	5553852	4219	50	4.76772
2	23.9	128923	1727	50	0
1	23.95	5553852	4219	50	4.76772
2	23.95	128923	1727	50	0
1	24	5553852	4219	50	4.76772
2	24	128923	1727	50	0
1	24.05	5553852	4219	50	4.76772
2	24.05	128923	1727	50	0
1	24.1	5553852	4219	50	4.76772
2	24.1	128923	1727	50	0
1	24.15	5553852	4219	50	4.76772
2	24.15	128923	1727	50	0
1	24.2	5553852	4219	50	4.76772
2	24.2	128923	1727	50	0
1	24.25	5553852	4219	50	4.76772
2	24.25	128923	1727	50	0
1	24.3	5553852	4219	50	4.76772
2	24.3	128923	1727	50	0
1	24.35	5553852	4219	50	4.76772
2	24.35	128923	1727	50	0
1	24.4	5553852	4219	50	4.76772
2	24.4	128923	1727	50	0
1	24.45	5553852	4219	50	4.76772
2	24.45	128923	1727	50	0
1	24.5	5553852	4219	50	4.76772
2	24.5	128923	1727	50	0
1	24.55	5553852	4219	50	4.76772
2	24.55	128923	1727	50	0
1	24.6	5553852	4219	50	4.76772
2	24.6	128923	1727	50	0
1	24.65	5553852	4219	50	4.76772
2	24.65	128923	1727	50	0
1	24.7	5553852	4219	50	4.76772
2	24.7	128923	1727	50	0
1	24.75	5553852	4219	50	4.76772
2	24.75	128923	1727	50	0
1	24.8	5553852	4219	50	4.76772
2	24.8	128923	1727	50	0
1	24.85	5553852	4219	50	4.76772
2	24.85	128923	1727	50	0
1	24.9	5553852	4219	50	4.76772
2	24.9	128923	1727	50	0
1	24.95	5553852	4219	50	4.76772
2	24.95	128923	1727	50	0
1	25	5553852	4219	50	4.76772
2	25	128923	1727	50	0
1	25.05	5553852	4219	50	4.76772
2	25.05	128923	1727	50	0
1	25.1	5553852	4219	50	4.76772
2	25.1	128923	1727	50	0
1	25.15	5553852	4219	50	4.76772
2	25.15	128923	1727	50	0
1	25.2	5553852	4219	50	4.76772
2	25.2	128923	1727	50	0
1	25.25	5553852	4219	50	4.76772
2	25.25	128923	1727	50	0
1	25.3	5553852	4219	50	4.76772
2	25.3	128923	1727	50	0
1	25.35	5553852	4219	50	4.76772
2	25.35	128923	1727	50	0
1	25.4	5553852	4219	50	4.76772
2	25.4	128923	1727	50	0
1	25.45	5553852	4219	50	4.76772
2	25.45	128923	1727	50	0
1	25.5	5553852	4219	50	4.76772
2	25.5	128923	1727	50	0
1	25.55	5553852	4219	50	4.76772
2	25.55	128923	1727	50	0
1	25.6	5553852	4219	50	4.76772
2	25.6	128923	1727	50	0
1	25.65	5553852	4219	50	4.76772
2	25.65	128923	1727	50	0
1	25.7	5553852	4219	50	4.76772
2	25.7	128923	1727	50	0
1	25.75	5553852	4219	50	4.76772
2	25.75	128923	1727	50	0
1	25.8	5553852	4219	50	4.76772
2	25.8	128923	1727	50	0
1	25.85	5553852	4219	50	4.76772
2	25.85	128923	1727	50	0
1	25.9	5553852	4219	50	4.76772
2	25.9	128923	1727	50	0
1	25.95	5553852	4219	50	4.76772
2	25.95	128923	1727	50	0
1	26	5553852	4219	50	4.76772
2	26	128923	1727	50	0
1	26.05	5553852	4219	50	4.76772
2	26.05	128923	1727	50	0
1	26.1	5553852	4219	50	4.76772
2	26.1	128923	1727	50	0
1	26.15	5553852	4219	50	4.76772
2	26.15	128923	1727	50	0
1	26.2	5553852	4219	50	4.76772
2	26.2	128923	1727	50	0
1	26.25	5553852	4219	50	4.76772
2	26.25	128923	1727	50	0
1	26.3	5553852	4219	50	4.76772
2	26.3	128923	1727	50	0
1	26.35	5553852	4219	50	4.76772
2	26.35	128923	1727	50	0
1	26.4	5553852	4219	50	4.76772
2	26.4	128923	1727	50	0
1	26.45	5553852	4219	50	4.76772
2	26.45	128923	1727	50	0
1	26.5	5553852	4219	50	4.76772
2	26.5	128923	1727	50	0
1	26.55	5553852	4219	50	4.76772
2	26.55	128923	1727	50	0
1	26.6	5553852	4219	50	4.76772
2	26.6	128923	1727	50	0
1	26.65	5553852	4219	50	4.76772
2	26.65	128923	1727	50	0
1	26.7	5553852	4219	50	4.76772
2	26.7	128923	1727	50	0
1	26.75	5553852	4219	50	4.76772
2	26.75	128923	1727	50	0
1	26.8	5553852	4219	50	4.76772
2	26.8	128923	1727	50	0
1	26.85	5553852	4219	50	4.76772
2	26.85	128923	1727	50	0
1	26.9	5553852	4219	50	4.76772
2	26.9	128923	1727	50	0
1	26.95	5553852	4219	50	4.76772
2	26.95	128923	1727	50	0
1	27	5553852	4219	50	4.76772
2	27	128923	1727	50	0
1	27.05	5553852	4219	50	4.76772
2	27.05	128923	1727	50	0
1	27.1	5553852	4219	50	4.76772
2	27.1	128923	1727	50	0
1	27.15	5553852	4219	50	4.76772
2	27.15	128923	1727	50	0
1	27.2	5553852	4219	50	4.76772
2	27.2	128923	1727	50	0
1	27.25	5553852	4219	50	4.76772
2	27.25	128923	1727	50	0
1	27.3	5553852	4219	50	4.76772
2	27.3	128923	1727	50	0
1	27.35	5553852	4219	50	4.76772
2	27.35	128923	1727	50	0
1	27.4	5553852	4219	50	4.76772
2	27.4	128923	1727	50	0
1	27.45	5553852	4219	50	4.76772
2	27.45	128923	1727	50	0
1	27.5	5553852	4219	50	4.76772
2	27.5	128923	1727	50	0
1	27.55	5553852	4219	50	4.76772
2	27.55	128923	1727	50	0
1	27.6	5553852	4219	50	4.76772
2	27.6	128923	1727	50	0
1	27.65	5553852	4219	50	4.76772
2	27.65	128923	1727	50	0
1	27.7	5553852	4219	50	4.76772
2	27.7	128923	1727	50	0
1	27.75	5553852	4219	50	4.76772
2	27.75	128923	1727	50	0
1	27.8	5553852	4219	50	4.76772
2	27.8	128923	1727	50	0
1	27.85	5553852	4219	50	4.76772
2	27.85	128923	1727	50	0
1	27.9	5553852	4219	50	4.76772
2	27.9	128923	1727	50	0
1	27.95	5553852	4219	50	4.76772
2	27.95	128923	1727	50	0
1	28	5553852	4219	50	4.76772
2	28	128923	1727	50	0
1	28.05	5553852	4219	50	4.76772
2	28.05	128923	1727	50	0
1	28.1	5553852	4219	50	4.76772
2	28.1	128923	1727	50	0
1	28.15	5553852	4219	50	4.76772
2	28.15	128923	1727	50	0
1	28.2	5553852	4219	50	4.76772
2	28.2	128923	1727	50	0
1	28.25	5553852	4219	50	4.76772
2	28.25	128923	1727	50	0
1	28.3	5553852	4219	50	4.76772
2	28.3	128923	1727	50	0
1	28.35	5553852	4219	50	4.76772
2	28.35	128923	1727	50	0
1	28.4	5553852	4219	50	4.76772
2	28.4	128923	1727	50	0
1	28.45	5553852	4219	50	4.76772
2	28.45	128923	1727	50	0
1	28.5	5553852	4219	50	4.76772
2	28.5	128923	1727	50	0
1	28.55	5553852	4219	50	4.76772
2	28.55	128923	1727	50	0
1	28.6	5553852	4219	50	4.76772
2	28.6	128923	1727	50	0
1	28.65	5553852	4219	50	4.76772
2	28.65	128923	1727	50	0
1	28.7	5553852	4219	50	4.76772
2	28.7	128923	1727	50	0
1	28.75	5553852	4219	50	4.76772
2	28.75	128923	1727	50	0
1	28.8	5553852	4219	50	4.76772
2	28.8	128923	1727	50	0
1	28.85	5553852	4219	50	4.76772
2	28.85	128923	1727	50	0
1	28.9	5553852	4219	50	4.76772
2	28.9	128923	1727	50	0
1	28.95	5553852	4219	50	4.76772
2	28.95	128923	1727	50	0
1	29	5553852	4219	50	4.76772
2	29	128923	1727	50	0
1	29.05	5553852	4219	50	4.76772
2	29.05	128923	1727	50	0
1	29.1	5553852	4219	50	4.76772
2	29.1	128923	1727	50	0
1	29.15	5553852	4219	50	4.76772
2	29.15	128923	1727	50	0
1	29.2	5553852	4219	50	4.76772
2	29.2	128923	1727	50	0
1	29.25	5553852	4219	50	4.76772
2	29.25	128923	1727	50	0
1	29.3	5553852	4219	50	4.76772
2	29.3	128923	1727	50	0
1	29.35	5553852	4219	50	4.76772
2	29.35	128923	1727	50	0
1	29.4	5553852	4219	50	4.76772
2	29.4	128923	1727	50	0
1	29.45	5553852	4219	50	4.76772
2	29.45	128923	1727	50	0
1	29.5	5553852	4219	50	4.76772
2	29.5	128923	1727	50	0
1	29.55	5553852	4219	50	4.76772
2	29.55	128923	1727	50	0
1	29.6	5553852	4219	50	4.76772
2	29.6	128923	1727	50	0
1	29.65	5553852	4219	50	4.76772
2	29.65	128923	1727	50	0
1	29.7	5553852	4219	50	4.76772
2	29.7	128923	1727	50	0
1	29.75	5553852	4219	50	4.76772
2	29.75	128923	1727	50	0
1	29.8	5553852	4219	50	4.76772
2	29.8	128923	1727	50	0
1	29.85	5553852	4219	50	4.76772
2	29.85	128923	1727	50	0
1	29.9	5553852	4219	50	4.76772
2	29.9	128923	1727	50	0
1	29.95	5553852	4219	50	4.76772
2	29.95	128923	1727	50	0
