1	1.05	0	0	0	-nan
1	1.1	1260	1	52	-nan
2	1.1	0	0	0	-nan
1	1.15	1260	1	52	-nan
2	1.15	129	2	50	0
1	1.2	9838	7	52	0
2	1.2	129	2	50	0
1	1.25	9838	7	52	0
2	1.25	350	6	50	0
1	1.3	22026	16	54	0
2	1.3	408	7	50	0
1	1.35	22082	17	50	0
2	1.35	739	13	50	0
1	1.4	41862	31	60	0
2	1.4	797	14	50	0
1	1.45	46465	35	56	0
2	1.45	1076	19	50	0
1	1.5	58668	44	63	0
2	1.5	1242	22	50	0
1	1.55	90624	67	93	0
2	1.55	1517	27	50	0
1	1.6	105845	78	59	0
2	1.6	2017	36	50	0
1	1.65	137801	101	85	1.67741
2	1.65	2422	43	50	0
1	1.7	171269	125	109	1.54737
2	1.7	2986	53	50	0
1	1.75	204758	149	101	1.43579
2	1.75	3555	63	50	0
1	1.8	235198	171	131	1.34103
2	1.8	4124	73	50	0
1	1.85	267099	193	158	2.50754
2	1.85	4577	81	50	0
1	1.9	292927	211	185	2.36527
2	1.9	5089	90	50	0
1	1.95	324883	234	210	2.23255
2	1.95	5544	98	50	0
1	2	358369	258	235	2.11497
2	2	6108	108	50	0
1	2.05	393432	283	264	3.00839
2	2.05	6677	118	50	0
1	2.1	422361	303	284	2.87664
2	2.1	7246	128	50	0
1	2.15	448244	321	314	2.73818
2	2.15	7753	137	50	0
1	2.2	486350	348	338	2.61557
2	2.2	8124	143	50	0
1	2.25	522932	374	353	2.50803
2	2.25	8678	152	50	0
1	2.3	554957	397	374	3.21364
2	2.3	9232	161	50	0
1	2.35	589964	421	394	3.0828
2	2.35	9659	168	50	0
1	2.4	621989	444	417	2.96972
2	2.4	10244	176	50	0
1	2.45	654014	467	438	2.86432
2	2.45	10833	184	50	0
1	2.5	690538	492	463	3.45768
2	2.5	11417	192	50	0
1	2.55	728699	520	483	3.33881
2	2.55	12006	200	50	0
1	2.6	762185	543	507	3.23427
2	2.6	12696	209	50	0
1	2.65	797248	568	532	3.75702
2	2.65	13357	217	50	0
1	2.7	833826	594	540	3.64542
2	2.7	14057	225	50	0
1	2.75	868217	632	227	3.53635
2	2.75	14911	234	50	0
1	2.8	901711	655	228	3.43725
2	2.8	16361	247	50	0
1	2.85	936846	681	240	3.89476
2	2.85	17287	255	50	0
1	2.9	973495	708	235	3.79012
2	2.9	18480	265	50	0
1	2.95	1007058	732	241	3.68973
2	2.95	19674	275	50	0
1	3	1040669	757	245	3.59709
2	3	20816	285	50	0
1	3.05	1076290	791	95	4.00612
2	3.05	21968	294	50	0
1	3.1	1111487	818	94	3.90992
2	3.1	23684	307	50	0
1	3.15	1148137	845	98	3.81487
2	3.15	25041	318	50	0
1	3.2	1178759	869	99	3.7271
2	3.2	26453	330	50	0
1	3.25	1209265	891	110	4.09838
2	3.25	27672	340	50	0
1	3.3	1241406	916	116	4.00613
2	3.3	28748	349	50	0
1	3.35	1273548	941	120	3.91817
2	3.35	29967	359	50	0
1	3.4	1307150	966	110	3.83479
2	3.4	31269	369	50	0
1	3.45	1340752	991	109	4.17241
2	3.45	32488	379	50	0
1	3.5	1371374	1015	110	4.08911
2	3.5	33702	389	50	0
1	3.55	1403462	1039	113	4.00502
2	3.55	34921	399	50	0
1	3.6	1434022	1062	114	3.92783
2	3.6	36140	409	50	0
1	3.65	1466163	1087	116	4.23477
2	3.65	37354	419	50	0
1	3.7	1499765	1112	115	4.15725
2	3.7	38573	429	50	0
1	3.75	1534949	1139	107	4.07948
2	3.75	39930	440	50	0
1	3.8	1571585	1166	101	4.00512
2	3.8	41287	451	50	0
1	3.85	1608288	1194	100	4.29102
2	3.85	42644	462	50	0
1	3.9	1644986	1222	94	4.21489
2	3.9	44051	474	50	0
1	3.95	1681689	1250	96	4.14137
2	3.95	45408	485	50	0
1	4	1712249	1273	102	4.41172
2	4	46765	496	50	0
1	4.05	1742813	1296	113	4.33887
2	4.05	47984	506	50	0
1	4.1	1774954	1321	120	4.26654
2	4.1	49203	516	50	0
1	4.15	1807037	1345	125	4.19663
2	4.15	50417	526	50	0
1	4.2	1842159	1371	114	4.45049
2	4.2	51581	535	50	0
1	4.25	1880434	1401	102	4.37819
2	4.25	52993	547	50	0
1	4.3	1915560	1427	95	4.31313
2	4.3	54488	559	50	0
1	4.35	1952258	1455	98	4.24715
2	4.35	55845	570	50	0
1	4.4	1984342	1479	104	4.48236
2	4.4	57197	581	50	0
1	4.45	2016483	1504	111	4.41569
2	4.45	58416	591	50	0
1	4.5	2051604	1530	111	4.35298
2	4.5	59635	601	50	0
1	4.55	2088307	1558	109	4.28969
2	4.55	60992	612	50	0
1	4.6	2121963	1584	109	4.51086
2	4.6	62344	623	50	0
1	4.65	2155565	1609	109	4.44761
2	4.65	63701	634	50	0
1	4.7	2190749	1636	107	4.38866
2	4.7	64920	644	50	0
1	4.75	2227389	1663	105	4.32916
2	4.75	66332	656	50	0
1	4.8	2262569	1690	104	4.53602
2	4.8	67689	667	50	0
1	4.85	2296229	1716	109	4.47658
2	4.85	69041	678	50	0
1	4.9	2328312	1740	115	4.41895
2	4.9	70398	689	50	0
1	4.95	2360395	1764	119	4.61938
2	4.95	71617	699	50	0
1	5	2395576	1791	116	4.56116
2	5	72836	709	50	0
1	5.05	2430696	1817	112	4.50472
2	5.05	74193	720	50	0
1	5.1	2464361	1843	114	4.44698
2	5.1	75545	731	50	0
1	5.15	2496444	1867	118	4.63717
2	5.15	76764	741	50	0
1	5.2	2531623	1894	118	4.58089
2	5.2	77983	751	50	0
1	5.25	2566803	1921	116	4.52623
2	5.25	79340	762	50	0
1	5.3	2597367	1944	116	4.47373
2	5.3	80692	773	50	0
1	5.35	2627931	1967	120	4.65494
2	5.35	81911	783	50	0
1	5.4	2663110	1994	117	4.60225
2	5.4	83130	793	50	0
1	5.45	2699751	2021	114	4.54901
2	5.45	84487	804	50	0
1	5.5	2731892	2046	111	4.49867
2	5.5	85844	815	50	0
1	5.55	2765552	2072	112	4.6693
2	5.55	87058	825	50	0
1	5.6	2800678	2098	116	4.6188
2	5.6	88415	836	50	0
1	5.65	2837372	2126	115	4.56747
2	5.65	89634	846	50	0
1	5.7	2869460	2150	114	4.52029
2	5.7	90991	857	50	0
1	5.75	2903120	2176	114	4.68458
2	5.75	92343	868	50	0
1	5.8	2938241	2202	116	4.63394
2	5.8	93562	878	50	0
1	5.85	2971902	2228	119	4.58648
2	5.85	94974	890	50	0
1	5.9	3003985	2252	120	4.53961
2	5.9	96331	901	50	0
1	5.95	3036126	2277	122	4.69778
2	5.95	97495	910	50	0
1	6	3072771	2304	121	4.64972
2	6	98709	920	50	0
1	6.05	3109465	2332	112	4.60285
2	6.05	100121	932	50	0
1	6.1	3141548	2356	112	4.55753
2	6.1	101478	943	50	0
1	6.15	3173694	2381	118	4.70896
2	6.15	102697	953	50	0
1	6.2	3210334	2408	119	4.6625
2	6.2	104049	964	50	0
1	6.25	3245509	2435	115	4.61898
2	6.25	105406	975	50	0
1	6.3	3277597	2459	117	4.76444
2	6.3	106763	986	50	0
1	6.35	3308219	2483	126	4.7202
2	6.35	107982	996	50	0
1	6.4	3340302	2507	127	4.67591
2	6.4	109201	1006	50	0
1	6.45	3372385	2531	131	4.63255
2	6.45	110415	1016	50	0
1	6.5	3406046	2557	131	4.59001
2	6.5	111634	1026	50	0
1	6.55	3439648	2582	123	4.73035
2	6.55	112853	1036	50	0
1	6.6	3470270	2606	127	4.68839
2	6.6	114210	1047	50	0
1	6.65	3502353	2630	132	4.64499
2	6.65	115424	1057	50	0
1	6.7	3534432	2654	130	4.60371
2	6.7	116588	1066	50	0
1	6.75	3566520	2678	131	4.73877
2	6.75	117669	1075	50	0
1	6.8	3601699	2705	124	4.69804
2	6.8	118883	1085	50	0
1	6.85	3636820	2731	122	4.65829
2	6.85	120378	1097	50	0
1	6.9	3673577	2760	117	4.78949
2	6.9	121652	1108	50	0
1	6.95	3710217	2787	109	4.74894
2	6.95	123147	1120	50	0
1	7	3743882	2813	117	4.70852
2	7	124504	1131	50	0
1	7.05	3777484	2838	117	4.66868
2	7.05	125861	1142	50	0
1	7.1	3814183	2866	120	4.79517
2	7.1	127075	1152	50	0
1	7.15	3849362	2893	115	4.75738
2	7.15	128432	1163	50	0
1	7.2	3881445	2917	119	4.71791
2	7.2	129789	1174	50	0
1	7.25	3912009	2940	122	4.68066
2	7.25	131008	1184	50	0
1	7.3	3948708	2968	125	4.80266
2	7.3	132222	1194	50	0.161462
1	7.35	3985406	2996	122	4.76415
2	7.35	133579	1205	50	0.160193
1	7.4	4020590	3023	114	4.7275
2	7.4	135074	1217	50	0.158802
1	7.45	4057230	3050	114	4.68991
2	7.45	136486	1229	50	0.157581
1	7.5	4092410	3077	116	4.80858
2	7.5	137843	1240	50	0.156328
1	7.55	4127589	3104	115	4.77146
2	7.55	139200	1251	50	0.155113
1	7.6	4159672	3128	123	4.73513
2	7.6	140552	1262	50	0.153915
1	7.65	4191760	3152	128	4.69921
2	7.65	141771	1272	50	0.152744
1	7.7	4226935	3179	128	4.81391
2	7.7	142990	1282	50	0.151585
1	7.75	4262119	3206	124	4.77772
2	7.75	144347	1293	50	0.150432
1	7.8	4295721	3231	125	4.74324
2	7.8	145561	1303	50	0.1494
1	7.85	4330900	3258	121	4.85476
2	7.85	146918	1314	50	0.148272
1	7.9	4366022	3284	120	4.81984
2	7.9	148275	1325	50	0.147161
1	7.95	4401201	3311	123	4.78542
2	7.95	149632	1336	50	0.146053
1	8	4434803	3336	123	4.75023
2	8	150989	1347	50	0.14501
1	8.05	4466949	3361	126	4.85986
2	8.05	152203	1357	50	0.143992
1	8.1	4499032	3385	135	4.82474
2	8.1	153422	1367	50	0.143031
1	8.15	4529592	3408	137	4.7917
2	8.15	154641	1377	50	0.141999
1	8.2	4561733	3433	139	4.75808
2	8.2	155860	1387	50	0.140978
1	8.25	4593816	3457	142	4.86399
2	8.25	157074	1397	50	0.140035
1	8.3	4627481	3483	142	4.82945
2	8.3	158293	1407	50	0.13906
1	8.35	4659560	3507	140	4.79694
2	8.35	159650	1418	50	0.137983
1	8.4	4694739	3534	136	4.76399
2	8.4	160869	1428	50	0.137097
1	8.45	4729865	3560	132	4.86675
2	8.45	162221	1439	50	0.136112
1	8.5	4760429	3583	129	4.83504
2	8.5	163578	1450	50	0.135185
1	8.55	4792566	3608	134	4.80198
2	8.55	164659	1459	50	0.134392
1	8.6	4824649	3632	137	4.77082
2	8.6	166016	1470	50	0.133386
1	8.65	4858314	3658	142	4.8703
2	8.65	167230	1480	50	0.132521
1	8.7	4890397	3682	135	4.83942
2	8.7	168449	1490	50	0.131668
1	8.75	4923998	3707	135	4.80755
2	8.75	169668	1500	50	0.130834
1	8.8	4960698	3735	132	4.77597
2	8.8	171025	1511	50	0.129932
1	8.85	4995877	3762	127	4.87448
2	8.85	172377	1522	50	0.129114
1	8.9	5032580	3790	125	4.84291
2	8.9	173734	1533	50	0.128309
1	8.95	5069216	3817	123	4.81171
2	8.95	175091	1544	50	0.127478
1	9	5102876	3843	123	4.78233
2	9	176503	1556	50	0.126658
1	9.05	5138002	3869	125	4.87704
2	9.05	177860	1567	50	0.125882
1	9.1	5170143	3894	130	4.84712
2	9.1	179217	1578	50	0.12505
1	9.15	5203745	3919	136	4.81614
2	9.15	180431	1588	50	0.12432
1	9.2	5234368	3943	141	4.78731
2	9.2	181650	1598	50	0.123559
1	9.25	5264932	3966	143	4.88079
2	9.25	182869	1608	50	0.122753
1	9.3	5297015	3990	144	4.85094
2	9.3	184028	1617	50	0.122055
1	9.35	5329098	4014	145	4.8215
2	9.35	185247	1627	50	0.121307
1	9.4	5364273	4041	140	4.79237
2	9.4	186466	1637	50	0.12057
1	9.45	5399457	4068	139	4.88283
2	9.45	187823	1648	50	0.119839
1	9.5	5431540	4092	134	4.85351
2	9.5	189180	1659	50	0.119092
1	9.55	5462104	4115	140	4.82581
2	9.55	190394	1669	50	0.11841
1	9.6	5498803	4143	134	4.79708
2	9.6	191613	1679	50	0.117701
1	9.65	5535501	4171	133	4.88517
2	9.65	192970	1690	50	0.117029
1	9.7	5551927	4191	50	4.86064
2	9.7	194382	1702	50	0.11634
1	9.75	5552159	4195	50	4.83011
2	9.75	195542	1711	50	0.115793
1	9.8	5552690	4202	50	4.80208
2	9.8	196381	1717	50	0.115031
1	9.85	5553206	4208	50	4.77621
2	9.85	197029	1722	50	0.114333
1	9.9	5553636	4213	50	4.74757
2	9.9	197029	1722	50	0.114333
1	9.95	5553636	4213	50	4.74757
2	9.95	197029	1722	50	0.114333
1	10	5553636	4213	50	4.74757
2	10	197029	1722	50	0.114333
1	10.05	5553636	4213	50	4.74757
2	10.05	197029	1722	50	0.114333
1	10.1	5553636	4213	50	4.74757
2	10.1	197029	1722	50	0.114333
1	10.15	5553636	4213	50	4.74757
2	10.15	197029	1722	50	0.114333
1	10.2	5553636	4213	50	4.74757
2	10.2	197029	1722	50	0.114333
1	10.25	5553636	4213	50	4.74757
2	10.25	197029	1722	50	0.114333
1	10.3	5553636	4213	50	4.74757
2	10.3	197029	1722	50	0.114333
1	10.35	5553636	4213	50	4.74757
2	10.35	197029	1722	50	0.114333
1	10.4	5553636	4213	50	4.74757
2	10.4	197029	1722	50	0.114333
1	10.45	5553636	4213	50	4.74757
2	10.45	197029	1722	50	0.114333
1	10.5	5553636	4213	50	4.74757
2	10.5	197029	1722	50	0.114333
1	10.55	5553636	4213	50	4.74757
2	10.55	197029	1722	50	0.114333
1	10.6	5553636	4213	50	4.74757
2	10.6	197029	1722	50	0.114333
1	10.65	5553636	4213	50	4.74757
2	10.65	197029	1722	50	0.114333
1	10.7	5553636	4213	50	4.74757
2	10.7	197029	1722	50	0.114333
1	10.75	5553636	4213	50	4.74757
2	10.75	197029	1722	50	0.114333
1	10.8	5553636	4213	50	4.74757
2	10.8	197029	1722	50	0.114333
1	10.85	5553636	4213	50	4.74757
2	10.85	197029	1722	50	0.114333
1	10.9	5553636	4213	50	4.74757
2	10.9	197029	1722	50	0.114333
1	10.95	5553636	4213	50	4.74757
2	10.95	197029	1722	50	0.114333
1	11	5553636	4213	50	4.74757
2	11	197029	1722	50	0.114333
1	11.05	5553636	4213	50	4.74757
2	11.05	197029	1722	50	0.114333
1	11.1	5553636	4213	50	4.74757
2	11.1	197029	1722	50	0.114333
1	11.15	5553636	4213	50	4.74757
2	11.15	197029	1722	50	0.114333
1	11.2	5553636	4213	50	4.74757
2	11.2	197029	1722	50	0.114333
1	11.25	5553636	4213	50	4.74757
2	11.25	197029	1722	50	0.114333
1	11.3	5553636	4213	50	4.74757
2	11.3	197029	1722	50	0.114333
1	11.35	5553636	4213	50	4.74757
2	11.35	197029	1722	50	0.114333
1	11.4	5553636	4213	50	4.74757
2	11.4	197029	1722	50	0.114333
1	11.45	5553636	4213	50	4.74757
2	11.45	197029	1722	50	0.114333
1	11.5	5553636	4213	50	4.74757
2	11.5	197029	1722	50	0.114333
1	11.55	5553636	4213	50	4.74757
2	11.55	197029	1722	50	0.114333
1	11.6	5553636	4213	50	4.74757
2	11.6	197029	1722	50	0.114333
1	11.65	5553636	4213	50	4.74757
2	11.65	197029	1722	50	0.114333
1	11.7	5553636	4213	50	4.74757
2	11.7	197029	1722	50	0.114333
1	11.75	5553636	4213	50	4.74757
2	11.75	197029	1722	50	0.114333
1	11.8	5553636	4213	50	4.74757
2	11.8	197029	1722	50	0.114333
1	11.85	5553636	4213	50	4.74757
2	11.85	197029	1722	50	0.114333
1	11.9	5553636	4213	50	4.74757
2	11.9	197029	1722	50	0.114333
1	11.95	5553636	4213	50	4.74757
2	11.95	197029	1722	50	0.114333
1	12	5553636	4213	50	4.74757
2	12	197029	1722	50	0.114333
1	12.05	5553636	4213	50	4.74757
2	12.05	197029	1722	50	0.114333
1	12.1	5553636	4213	50	4.74757
2	12.1	197029	1722	50	0.114333
1	12.15	5553636	4213	50	4.74757
2	12.15	197029	1722	50	0.114333
1	12.2	5553636	4213	50	4.74757
2	12.2	197029	1722	50	0.114333
1	12.25	5553636	4213	50	4.74757
2	12.25	197029	1722	50	0.114333
1	12.3	5553636	4213	50	4.74757
2	12.3	197029	1722	50	0.114333
1	12.35	5553636	4213	50	4.74757
2	12.35	197029	1722	50	0.114333
1	12.4	5553636	4213	50	4.74757
2	12.4	197029	1722	50	0.114333
1	12.45	5553636	4213	50	4.74757
2	12.45	197029	1722	50	0.114333
1	12.5	5553636	4213	50	4.74757
2	12.5	197029	1722	50	0.114333
1	12.55	5553636	4213	50	4.74757
2	12.55	197029	1722	50	0.114333
1	12.6	5553636	4213	50	4.74757
2	12.6	197029	1722	50	0.114333
1	12.65	5553636	4213	50	4.74757
2	12.65	197029	1722	50	0.114333
1	12.7	5553636	4213	50	4.74757
2	12.7	197029	1722	50	0.114333
1	12.75	5553636	4213	50	4.74757
2	12.75	197029	1722	50	0.114333
1	12.8	5553636	4213	50	4.74757
2	12.8	197029	1722	50	0.114333
1	12.85	5553636	4213	50	4.74757
2	12.85	197029	1722	50	0.114333
1	12.9	5553636	4213	50	4.74757
2	12.9	197029	1722	50	0.114333
1	12.95	5553636	4213	50	4.74757
2	12.95	197029	1722	50	0.114333
1	13	5553636	4213	50	4.74757
2	13	197029	1722	50	0.114333
1	13.05	5553636	4213	50	4.74757
2	13.05	197029	1722	50	0.114333
1	13.1	5553636	4213	50	4.74757
2	13.1	197029	1722	50	0.114333
1	13.15	5553636	4213	50	4.74757
2	13.15	197029	1722	50	0.114333
1	13.2	5553636	4213	50	4.74757
2	13.2	197029	1722	50	0.114333
1	13.25	5553636	4213	50	4.74757
2	13.25	197029	1722	50	0.114333
1	13.3	5553636	4213	50	4.74757
2	13.3	197029	1722	50	0.114333
1	13.35	5553636	4213	50	4.74757
2	13.35	197029	1722	50	0.114333
1	13.4	5553636	4213	50	4.74757
2	13.4	197029	1722	50	0.114333
1	13.45	5553636	4213	50	4.74757
2	13.45	197029	1722	50	0.114333
1	13.5	5553636	4213	50	4.74757
2	13.5	197029	1722	50	0.114333
1	13.55	5553636	4213	50	4.74757
2	13.55	197029	1722	50	0.114333
1	13.6	5553636	4213	50	4.74757
2	13.6	197029	1722	50	0.114333
1	13.65	5553636	4213	50	4.74757
2	13.65	197029	1722	50	0.114333
1	13.7	5553636	4213	50	4.74757
2	13.7	197029	1722	50	0.114333
1	13.75	5553636	4213	50	4.74757
2	13.75	197029	1722	50	0.114333
1	13.8	5553636	4213	50	4.74757
2	13.8	197029	1722	50	0.114333
1	13.85	5553636	4213	50	4.74757
2	13.85	197029	1722	50	0.114333
1	13.9	5553636	4213	50	4.74757
2	13.9	197029	1722	50	0.114333
1	13.95	5553636	4213	50	4.74757
2	13.95	197029	1722	50	0.114333
1	14	5553636	4213	50	4.74757
2	14	197029	1722	50	0.114333
1	14.05	5553636	4213	50	4.74757
2	14.05	197029	1722	50	0.114333
1	14.1	5553636	4213	50	4.74757
2	14.1	197029	1722	50	0.114333
1	14.15	5553636	4213	50	4.74757
2	14.15	197029	1722	50	0.114333
1	14.2	5553636	4213	50	4.74757
2	14.2	197029	1722	50	0.114333
1	14.25	5553636	4213	50	4.74757
2	14.25	197029	1722	50	0.114333
1	14.3	5553636	4213	50	4.74757
2	14.3	197029	1722	50	0.114333
1	14.35	5553636	4213	50	4.74757
2	14.35	197029	1722	50	0.114333
1	14.4	5553636	4213	50	4.74757
2	14.4	197029	1722	50	0.114333
1	14.45	5553636	4213	50	4.74757
2	14.45	197029	1722	50	0.114333
1	14.5	5553636	4213	50	4.74757
2	14.5	197029	1722	50	0.114333
1	14.55	5553636	4213	50	4.74757
2	14.55	197029	1722	50	0.114333
1	14.6	5553636	4213	50	4.74757
2	14.6	197029	1722	50	0.114333
1	14.65	5553636	4213	50	4.74757
2	14.65	197029	1722	50	0.114333
1	14.7	5553636	4213	50	4.74757
2	14.7	197029	1722	50	0.114333
1	14.75	5553636	4213	50	4.74757
2	14.75	197029	1722	50	0.114333
1	14.8	5553636	4213	50	4.74757
2	14.8	197029	1722	50	0.114333
1	14.85	5553636	4213	50	4.74757
2	14.85	197029	1722	50	0.114333
1	14.9	5553636	4213	50	4.74757
2	14.9	197029	1722	50	0.114333
1	14.95	5553636	4213	50	4.74757
2	14.95	197029	1722	50	0.114333
1	15	5553636	4213	50	4.74757
2	15	197029	1722	50	0.114333
1	15.05	5553636	4213	50	4.74757
2	15.05	197029	1722	50	0.114333
1	15.1	5553636	4213	50	4.74757
2	15.1	197029	1722	50	0.114333
1	15.15	5553636	4213	50	4.74757
2	15.15	197029	1722	50	0.114333
1	15.2	5553636	4213	50	4.74757
2	15.2	197029	1722	50	0.114333
1	15.25	5553636	4213	50	4.74757
2	15.25	197029	1722	50	0.114333
1	15.3	5553636	4213	50	4.74757
2	15.3	197029	1722	50	0.114333
1	15.35	5553636	4213	50	4.74757
2	15.35	197029	1722	50	0.114333
1	15.4	5553636	4213	50	4.74757
2	15.4	197029	1722	50	0.114333
1	15.45	5553636	4213	50	4.74757
2	15.45	197029	1722	50	0.114333
1	15.5	5553636	4213	50	4.74757
2	15.5	197029	1722	50	0.114333
1	15.55	5553636	4213	50	4.74757
2	15.55	197029	1722	50	0.114333
1	15.6	5553636	4213	50	4.74757
2	15.6	197029	1722	50	0.114333
1	15.65	5553636	4213	50	4.74757
2	15.65	197029	1722	50	0.114333
1	15.7	5553636	4213	50	4.74757
2	15.7	197029	1722	50	0.114333
1	15.75	5553636	4213	50	4.74757
2	15.75	197029	1722	50	0.114333
1	15.8	5553636	4213	50	4.74757
2	15.8	197029	1722	50	0.114333
1	15.85	5553636	4213	50	4.74757
2	15.85	197029	1722	50	0.114333
1	15.9	5553636	4213	50	4.74757
2	15.9	197029	1722	50	0.114333
1	15.95	5553636	4213	50	4.74757
2	15.95	197029	1722	50	0.114333
1	16	5553636	4213	50	4.74757
2	16	197029	1722	50	0.114333
1	16.05	5553636	4213	50	4.74757
2	16.05	197029	1722	50	0.114333
1	16.1	5553636	4213	50	4.74757
2	16.1	197029	1722	50	0.114333
1	16.15	5553636	4213	50	4.74757
2	16.15	197029	1722	50	0.114333
1	16.2	5553636	4213	50	4.74757
2	16.2	197029	1722	50	0.114333
1	16.25	5553636	4213	50	4.74757
2	16.25	197029	1722	50	0.114333
1	16.3	5553636	4213	50	4.74757
2	16.3	197029	1722	50	0.114333
1	16.35	5553636	4213	50	4.74757
2	16.35	197029	1722	50	0.114333
1	16.4	5553636	4213	50	4.74757
2	16.4	197029	1722	50	0.114333
1	16.45	5553636	4213	50	4.74757
2	16.45	197029	1722	50	0.114333
1	16.5	5553636	4213	50	4.74757
2	16.5	197029	1722	50	0.114333
1	16.55	5553636	4213	50	4.74757
2	16.55	197029	1722	50	0.114333
1	16.6	5553636	4213	50	4.74757
2	16.6	197029	1722	50	0.114333
1	16.65	5553636	4213	50	4.74757
2	16.65	197029	1722	50	0.114333
1	16.7	5553636	4213	50	4.74757
2	16.7	197029	1722	50	0.114333
1	16.75	5553636	4213	50	4.74757
2	16.75	197029	1722	50	0.114333
1	16.8	5553636	4213	50	4.74757
2	16.8	197029	1722	50	0.114333
1	16.85	5553636	4213	50	4.74757
2	16.85	197029	1722	50	0.114333
1	16.9	5553636	4213	50	4.74757
2	16.9	197029	1722	50	0.114333
1	16.95	5553636	4213	50	4.74757
2	16.95	197029	1722	50	0.114333
1	17	5553636	4213	50	4.74757
2	17	197029	1722	50	0.114333
1	17.05	5553636	4213	50	4.74757
2	17.05	197029	1722	50	0.114333
1	17.1	5553636	4213	50	4.74757
2	17.1	197029	1722	50	0.114333
1	17.15	5553636	4213	50	4.74757
2	17.15	197029	1722	50	0.114333
1	17.2	5553636	4213	50	4.74757
2	17.2	197029	1722	50	0.114333
1	17.25	5553636	4213	50	4.74757
2	17.25	197029	1722	50	0.114333
1	17.3	5553636	4213	50	4.74757
2	17.3	197029	1722	50	0.114333
1	17.35	5553636	4213	50	4.74757
2	17.35	197029	1722	50	0.114333
1	17.4	5553636	4213	50	4.74757
2	17.4	197029	1722	50	0.114333
1	17.45	5553636	4213	50	4.74757
2	17.45	197029	1722	50	0.114333
1	17.5	5553636	4213	50	4.74757
2	17.5	197029	1722	50	0.114333
1	17.55	5553636	4213	50	4.74757
2	17.55	197029	1722	50	0.114333
1	17.6	5553636	4213	50	4.74757
2	17.6	197029	1722	50	0.114333
1	17.65	5553636	4213	50	4.74757
2	17.65	197029	1722	50	0.114333
1	17.7	5553636	4213	50	4.74757
2	17.7	197029	1722	50	0.114333
1	17.75	5553636	4213	50	4.74757
2	17.75	197029	1722	50	0.114333
1	17.8	5553636	4213	50	4.74757
2	17.8	197029	1722	50	0.114333
1	17.85	5553636	4213	50	4.74757
2	17.85	197029	1722	50	0.114333
1	17.9	5553636	4213	50	4.74757
2	17.9	197029	1722	50	0.114333
1	17.95	5553636	4213	50	4.74757
2	17.95	197029	1722	50	0.114333
1	18	5553636	4213	50	4.74757
2	18	197029	1722	50	0.114333
1	18.05	5553636	4213	50	4.74757
2	18.05	197029	1722	50	0.114333
1	18.1	5553636	4213	50	4.74757
2	18.1	197029	1722	50	0.114333
1	18.15	5553636	4213	50	4.74757
2	18.15	197029	1722	50	0.114333
1	18.2	5553636	4213	50	4.74757
2	18.2	197029	1722	50	0.114333
1	18.25	5553636	4213	50	4.74757
2	18.25	197029	1722	50	0.114333
1	18.3	5553636	4213	50	4.74757
2	18.3	197029	1722	50	0.114333
1	18.35	5553636	4213	50	4.74757
2	18.35	197029	1722	50	0.114333
1	18.4	5553636	4213	50	4.74757
2	18.4	197029	1722	50	0.114333
1	18.45	5553636	4213	50	4.74757
2	18.45	197029	1722	50	0.114333
1	18.5	5553636	4213	50	4.74757
2	18.5	197029	1722	50	0.114333
1	18.55	5553636	4213	50	4.74757
2	18.55	197029	1722	50	0.114333
1	18.6	5553636	4213	50	4.74757
2	18.6	197029	1722	50	0.114333
1	18.65	5553636	4213	50	4.74757
2	18.65	197029	1722	50	0.114333
1	18.7	5553636	4213	50	4.74757
2	18.7	197029	1722	50	0.114333
1	18.75	5553636	4213	50	4.74757
2	18.75	197029	1722	50	0.114333
1	18.8	5553636	4213	50	4.74757
2	18.8	197029	1722	50	0.114333
1	18.85	5553636	4213	50	4.74757
2	18.85	197029	1722	50	0.114333
1	18.9	5553636	4213	50	4.74757
2	18.9	197029	1722	50	0.114333
1	18.95	5553636	4213	50	4.74757
2	18.95	197029	1722	50	0.114333
1	19	5553636	4213	50	4.74757
2	19	197029	1722	50	0.114333
1	19.05	5553636	4213	50	4.74757
2	19.05	197029	1722	50	0.114333
1	19.1	5553636	4213	50	4.74757
2	19.1	197029	1722	50	0.114333
1	19.15	5553636	4213	50	4.74757
2	19.15	197029	1722	50	0.114333
1	19.2	5553636	4213	50	4.74757
2	19.2	197029	1722	50	0.114333
1	19.25	5553636	4213	50	4.74757
2	19.25	197029	1722	50	0.114333
1	19.3	5553636	4213	50	4.74757
2	19.3	197029	1722	50	0.114333
1	19.35	5553636	4213	50	4.74757
2	19.35	197029	1722	50	0.114333
1	19.4	5553636	4213	50	4.74757
2	19.4	197029	1722	50	0.114333
1	19.45	5553636	4213	50	4.74757
2	19.45	197029	1722	50	0.114333
1	19.5	5553636	4213	50	4.74757
2	19.5	197029	1722	50	0.114333
1	19.55	5553636	4213	50	4.74757
2	19.55	197029	1722	50	0.114333
1	19.6	5553636	4213	50	4.74757
2	19.6	197029	1722	50	0.114333
1	19.65	5553636	4213	50	4.74757
2	19.65	197029	1722	50	0.114333
1	19.7	5553636	4213	50	4.74757
2	19.7	197029	1722	50	0.114333
1	19.75	5553636	4213	50	4.74757
2	19.75	197029	1722	50	0.114333
1	19.8	5553636	4213	50	4.74757
2	19.8	197029	1722	50	0.114333
1	19.85	5553636	4213	50	4.74757
2	19.85	197029	1722	50	0.114333
1	19.9	5553636	4213	50	4.74757
2	19.9	197029	1722	50	0.114333
1	19.95	5553636	4213	50	4.74757
2	19.95	197029	1722	50	0.114333
1	20	5553636	4213	50	4.74757
2	20	197029	1722	50	0.114333
1	20.05	5553636	4213	50	4.74757
2	20.05	197029	1722	50	0.114333
1	20.1	5553636	4213	50	4.74757
2	20.1	197029	1722	50	0.114333
1	20.15	5553636	4213	50	4.74757
2	20.15	197029	1722	50	0.114333
1	20.2	5553636	4213	50	4.74757
2	20.2	197029	1722	50	0.114333
1	20.25	5553636	4213	50	4.74757
2	20.25	197029	1722	50	0.114333
1	20.3	5553636	4213	50	4.74757
2	20.3	197029	1722	50	0.114333
1	20.35	5553636	4213	50	4.74757
2	20.35	197029	1722	50	0.114333
1	20.4	5553636	4213	50	4.74757
2	20.4	197029	1722	50	0.114333
1	20.45	5553636	4213	50	4.74757
2	20.45	197029	1722	50	0.114333
1	20.5	5553636	4213	50	4.74757
2	20.5	197029	1722	50	0.114333
1	20.55	5553636	4213	50	4.74757
2	20.55	197029	1722	50	0.114333
1	20.6	5553636	4213	50	4.74757
2	20.6	197029	1722	50	0.114333
1	20.65	5553636	4213	50	4.74757
2	20.65	197029	1722	50	0.114333
1	20.7	5553636	4213	50	4.74757
2	20.7	197029	1722	50	0.114333
1	20.75	5553636	4213	50	4.74757
2	20.75	197029	1722	50	0.114333
1	20.8	5553636	4213	50	4.74757
2	20.8	197029	1722	50	0.114333
1	20.85	5553636	4213	50	4.74757
2	20.85	197029	1722	50	0.114333
1	20.9	5553636	4213	50	4.74757
2	20.9	197029	1722	50	0.114333
1	20.95	5553636	4213	50	4.74757
2	20.95	197029	1722	50	0.114333
1	21	5553636	4213	50	4.74757
2	21	197029	1722	50	0.114333
1	21.05	5553636	4213	50	4.74757
2	21.05	197029	1722	50	0.114333
1	21.1	5553636	4213	50	4.74757
2	21.1	197029	1722	50	0.114333
1	21.15	5553636	4213	50	4.74757
2	21.15	197029	1722	50	0.114333
1	21.2	5553636	4213	50	4.74757
2	21.2	197029	1722	50	0.114333
1	21.25	5553636	4213	50	4.74757
2	21.25	197029	1722	50	0.114333
1	21.3	5553636	4213	50	4.74757
2	21.3	197029	1722	50	0.114333
1	21.35	5553636	4213	50	4.74757
2	21.35	197029	1722	50	0.114333
1	21.4	5553636	4213	50	4.74757
2	21.4	197029	1722	50	0.114333
1	21.45	5553636	4213	50	4.74757
2	21.45	197029	1722	50	0.114333
1	21.5	5553636	4213	50	4.74757
2	21.5	197029	1722	50	0.114333
1	21.55	5553636	4213	50	4.74757
2	21.55	197029	1722	50	0.114333
1	21.6	5553636	4213	50	4.74757
2	21.6	197029	1722	50	0.114333
1	21.65	5553636	4213	50	4.74757
2	21.65	197029	1722	50	0.114333
1	21.7	5553636	4213	50	4.74757
2	21.7	197029	1722	50	0.114333
1	21.75	5553636	4213	50	4.74757
2	21.75	197029	1722	50	0.114333
1	21.8	5553636	4213	50	4.74757
2	21.8	197029	1722	50	0.114333
1	21.85	5553636	4213	50	4.74757
2	21.85	197029	1722	50	0.114333
1	21.9	5553636	4213	50	4.74757
2	21.9	197029	1722	50	0.114333
1	21.95	5553636	4213	50	4.74757
2	21.95	197029	1722	50	0.114333
1	22	5553636	4213	50	4.74757
2	22	197029	1722	50	0.114333
1	22.05	5553636	4213	50	4.74757
2	22.05	197029	1722	50	0.114333
1	22.1	5553636	4213	50	4.74757
2	22.1	197029	1722	50	0.114333
1	22.15	5553636	4213	50	4.74757
2	22.15	197029	1722	50	0.114333
1	22.2	5553636	4213	50	4.74757
2	22.2	197029	1722	50	0.114333
1	22.25	5553636	4213	50	4.74757
2	22.25	197029	1722	50	0.114333
1	22.3	5553636	4213	50	4.74757
2	22.3	197029	1722	50	0.114333
1	22.35	5553636	4213	50	4.74757
2	22.35	197029	1722	50	0.114333
1	22.4	5553636	4213	50	4.74757
2	22.4	197029	1722	50	0.114333
1	22.45	5553636	4213	50	4.74757
2	22.45	197029	1722	50	0.114333
1	22.5	5553636	4213	50	4.74757
2	22.5	197029	1722	50	0.114333
1	22.55	5553636	4213	50	4.74757
2	22.55	197029	1722	50	0.114333
1	22.6	5553636	4213	50	4.74757
2	22.6	197029	1722	50	0.114333
1	22.65	5553636	4213	50	4.74757
2	22.65	197029	1722	50	0.114333
1	22.7	5553636	4213	50	4.74757
2	22.7	197029	1722	50	0.114333
1	22.75	5553636	4213	50	4.74757
2	22.75	197029	1722	50	0.114333
1	22.8	5553636	4213	50	4.74757
2	22.8	197029	1722	50	0.114333
1	22.85	5553636	4213	50	4.74757
2	22.85	197029	1722	50	0.114333
1	22.9	5553636	4213	50	4.74757
2	22.9	197029	1722	50	0.114333
1	22.95	5553636	4213	50	4.74757
2	22.95	197029	1722	50	0.114333
1	23	5553636	4213	50	4.74757
2	23	197029	1722	50	0.114333
1	23.05	5553636	4213	50	4.74757
2	23.05	197029	1722	50	0.114333
1	23.1	5553636	4213	50	4.74757
2	23.1	197029	1722	50	0.114333
1	23.15	5553636	4213	50	4.74757
2	23.15	197029	1722	50	0.114333
1	23.2	5553636	4213	50	4.74757
2	23.2	197029	1722	50	0.114333
1	23.25	5553636	4213	50	4.74757
2	23.25	197029	1722	50	0.114333
1	23.3	5553636	4213	50	4.74757
2	23.3	197029	1722	50	0.114333
1	23.35	5553636	4213	50	4.74757
2	23.35	197029	1722	50	0.114333
1	23.4	5553636	4213	50	4.74757
2	23.4	197029	1722	50	0.114333
1	23.45	5553636	4213	50	4.74757
2	23.45	197029	1722	50	0.114333
1	23.5	5553636	4213	50	4.74757
2	23.5	197029	1722	50	0.114333
1	23.55	5553636	4213	50	4.74757
2	23.55	197029	1722	50	0.114333
1	23.6	5553636	4213	50	4.74757
2	23.6	197029	1722	50	0.114333
1	23.65	5553636	4213	50	4.74757
2	23.65	197029	1722	50	0.114333
1	23.7	5553636	4213	50	4.74757
2	23.7	197029	1722	50	0.114333
1	23.75	5553636	4213	50	4.74757
2	23.75	197029	1722	50	0.114333
1	23.8	5553636	4213	50	4.74757
2	23.8	197029	1722	50	0.114333
1	23.85	5553636	4213	50	4.74757
2	23.85	197029	1722	50	0.114333
1	23.9	5553636	4213	50	4.74757
2	23.9	197029	1722	50	0.114333
1	23.95	5553636	4213	50	4.74757
2	23.95	197029	1722	50	0.114333
1	24	5553636	4213	50	4.74757
2	24	197029	1722	50	0.114333
1	24.05	5553636	4213	50	4.74757
2	24.05	197029	1722	50	0.114333
1	24.1	5553636	4213	50	4.74757
2	24.1	197029	1722	50	0.114333
1	24.15	5553636	4213	50	4.74757
2	24.15	197029	1722	50	0.114333
1	24.2	5553636	4213	50	4.74757
2	24.2	197029	1722	50	0.114333
1	24.25	5553636	4213	50	4.74757
2	24.25	197029	1722	50	0.114333
1	24.3	5553636	4213	50	4.74757
2	24.3	197029	1722	50	0.114333
1	24.35	5553636	4213	50	4.74757
2	24.35	197029	1722	50	0.114333
1	24.4	5553636	4213	50	4.74757
2	24.4	197029	1722	50	0.114333
1	24.45	5553636	4213	50	4.74757
2	24.45	197029	1722	50	0.114333
1	24.5	5553636	4213	50	4.74757
2	24.5	197029	1722	50	0.114333
1	24.55	5553636	4213	50	4.74757
2	24.55	197029	1722	50	0.114333
1	24.6	5553636	4213	50	4.74757
2	24.6	197029	1722	50	0.114333
1	24.65	5553636	4213	50	4.74757
2	24.65	197029	1722	50	0.114333
1	24.7	5553636	4213	50	4.74757
2	24.7	197029	1722	50	0.114333
1	24.75	5553636	4213	50	4.74757
2	24.75	197029	1722	50	0.114333
1	24.8	5553636	4213	50	4.74757
2	24.8	197029	1722	50	0.114333
1	24.85	5553636	4213	50	4.74757
2	24.85	197029	1722	50	0.114333
1	24.9	5553636	4213	50	4.74757
2	24.9	197029	1722	50	0.114333
1	24.95	5553636	4213	50	4.74757
2	24.95	197029	1722	50	0.114333
1	25	5553636	4213	50	4.74757
2	25	197029	1722	50	0.114333
1	25.05	5553636	4213	50	4.74757
2	25.05	197029	1722	50	0.114333
1	25.1	5553636	4213	50	4.74757
2	25.1	197029	1722	50	0.114333
1	25.15	5553636	4213	50	4.74757
2	25.15	197029	1722	50	0.114333
1	25.2	5553636	4213	50	4.74757
2	25.2	197029	1722	50	0.114333
1	25.25	5553636	4213	50	4.74757
2	25.25	197029	1722	50	0.114333
1	25.3	5553636	4213	50	4.74757
2	25.3	197029	1722	50	0.114333
1	25.35	5553636	4213	50	4.74757
2	25.35	197029	1722	50	0.114333
1	25.4	5553636	4213	50	4.74757
2	25.4	197029	1722	50	0.114333
1	25.45	5553636	4213	50	4.74757
2	25.45	197029	1722	50	0.114333
1	25.5	5553636	4213	50	4.74757
2	25.5	197029	1722	50	0.114333
1	25.55	5553636	4213	50	4.74757
2	25.55	197029	1722	50	0.114333
1	25.6	5553636	4213	50	4.74757
2	25.6	197029	1722	50	0.114333
1	25.65	5553636	4213	50	4.74757
2	25.65	197029	1722	50	0.114333
1	25.7	5553636	4213	50	4.74757
2	25.7	197029	1722	50	0.114333
1	25.75	5553636	4213	50	4.74757
2	25.75	197029	1722	50	0.114333
1	25.8	5553636	4213	50	4.74757
2	25.8	197029	1722	50	0.114333
1	25.85	5553636	4213	50	4.74757
2	25.85	197029	1722	50	0.114333
1	25.9	5553636	4213	50	4.74757
2	25.9	197029	1722	50	0.114333
1	25.95	5553636	4213	50	4.74757
2	25.95	197029	1722	50	0.114333
1	26	5553636	4213	50	4.74757
2	26	197029	1722	50	0.114333
1	26.05	5553636	4213	50	4.74757
2	26.05	197029	1722	50	0.114333
1	26.1	5553636	4213	50	4.74757
2	26.1	197029	1722	50	0.114333
1	26.15	5553636	4213	50	4.74757
2	26.15	197029	1722	50	0.114333
1	26.2	5553636	4213	50	4.74757
2	26.2	197029	1722	50	0.114333
1	26.25	5553636	4213	50	4.74757
2	26.25	197029	1722	50	0.114333
1	26.3	5553636	4213	50	4.74757
2	26.3	197029	1722	50	0.114333
1	26.35	5553636	4213	50	4.74757
2	26.35	197029	1722	50	0.114333
1	26.4	5553636	4213	50	4.74757
2	26.4	197029	1722	50	0.114333
1	26.45	5553636	4213	50	4.74757
2	26.45	197029	1722	50	0.114333
1	26.5	5553636	4213	50	4.74757
2	26.5	197029	1722	50	0.114333
1	26.55	5553636	4213	50	4.74757
2	26.55	197029	1722	50	0.114333
1	26.6	5553636	4213	50	4.74757
2	26.6	197029	1722	50	0.114333
1	26.65	5553636	4213	50	4.74757
2	26.65	197029	1722	50	0.114333
1	26.7	5553636	4213	50	4.74757
2	26.7	197029	1722	50	0.114333
1	26.75	5553636	4213	50	4.74757
2	26.75	197029	1722	50	0.114333
1	26.8	5553636	4213	50	4.74757
2	26.8	197029	1722	50	0.114333
1	26.85	5553636	4213	50	4.74757
2	26.85	197029	1722	50	0.114333
1	26.9	5553636	4213	50	4.74757
2	26.9	197029	1722	50	0.114333
1	26.95	5553636	4213	50	4.74757
2	26.95	197029	1722	50	0.114333
1	27	5553636	4213	50	4.74757
2	27	197029	1722	50	0.114333
1	27.05	5553636	4213	50	4.74757
2	27.05	197029	1722	50	0.114333
1	27.1	5553636	4213	50	4.74757
2	27.1	197029	1722	50	0.114333
1	27.15	5553636	4213	50	4.74757
2	27.15	197029	1722	50	0.114333
1	27.2	5553636	4213	50	4.74757
2	27.2	197029	1722	50	0.114333
1	27.25	5553636	4213	50	4.74757
2	27.25	197029	1722	50	0.114333
1	27.3	5553636	4213	50	4.74757
2	27.3	197029	1722	50	0.114333
1	27.35	5553636	4213	50	4.74757
2	27.35	197029	1722	50	0.114333
1	27.4	5553636	4213	50	4.74757
2	27.4	197029	1722	50	0.114333
1	27.45	5553636	4213	50	4.74757
2	27.45	197029	1722	50	0.114333
1	27.5	5553636	4213	50	4.74757
2	27.5	197029	1722	50	0.114333
1	27.55	5553636	4213	50	4.74757
2	27.55	197029	1722	50	0.114333
1	27.6	5553636	4213	50	4.74757
2	27.6	197029	1722	50	0.114333
1	27.65	5553636	4213	50	4.74757
2	27.65	197029	1722	50	0.114333
1	27.7	5553636	4213	50	4.74757
2	27.7	197029	1722	50	0.114333
1	27.75	5553636	4213	50	4.74757
2	27.75	197029	1722	50	0.114333
1	27.8	5553636	4213	50	4.74757
2	27.8	197029	1722	50	0.114333
1	27.85	5553636	4213	50	4.74757
2	27.85	197029	1722	50	0.114333
1	27.9	5553636	4213	50	4.74757
2	27.9	197029	1722	50	0.114333
1	27.95	5553636	4213	50	4.74757
2	27.95	197029	1722	50	0.114333
1	28	5553636	4213	50	4.74757
2	28	197029	1722	50	0.114333
1	28.05	5553636	4213	50	4.74757
2	28.05	197029	1722	50	0.114333
1	28.1	5553636	4213	50	4.74757
2	28.1	197029	1722	50	0.114333
1	28.15	5553636	4213	50	4.74757
2	28.15	197029	1722	50	0.114333
1	28.2	5553636	4213	50	4.74757
2	28.2	197029	1722	50	0.114333
1	28.25	5553636	4213	50	4.74757
2	28.25	197029	1722	50	0.114333
1	28.3	5553636	4213	50	4.74757
2	28.3	197029	1722	50	0.114333
1	28.35	5553636	4213	50	4.74757
2	28.35	197029	1722	50	0.114333
1	28.4	5553636	4213	50	4.74757
2	28.4	197029	1722	50	0.114333
1	28.45	5553636	4213	50	4.74757
2	28.45	197029	1722	50	0.114333
1	28.5	5553636	4213	50	4.74757
2	28.5	197029	1722	50	0.114333
1	28.55	5553636	4213	50	4.74757
2	28.55	197029	1722	50	0.114333
1	28.6	5553636	4213	50	4.74757
2	28.6	197029	1722	50	0.114333
1	28.65	5553636	4213	50	4.74757
2	28.65	197029	1722	50	0.114333
1	28.7	5553636	4213	50	4.74757
2	28.7	197029	1722	50	0.114333
1	28.75	5553636	4213	50	4.74757
2	28.75	197029	1722	50	0.114333
1	28.8	5553636	4213	50	4.74757
2	28.8	197029	1722	50	0.114333
1	28.85	5553636	4213	50	4.74757
2	28.85	197029	1722	50	0.114333
1	28.9	5553636	4213	50	4.74757
2	28.9	197029	1722	50	0.114333
1	28.95	5553636	4213	50	4.74757
2	28.95	197029	1722	50	0.114333
1	29	5553636	4213	50	4.74757
2	29	197029	1722	50	0.114333
1	29.05	5553636	4213	50	4.74757
2	29.05	197029	1722	50	0.114333
1	29.1	5553636	4213	50	4.74757
2	29.1	197029	1722	50	0.114333
1	29.15	5553636	4213	50	4.74757
2	29.15	197029	1722	50	0.114333
1	29.2	5553636	4213	50	4.74757
2	29.2	197029	1722	50	0.114333
1	29.25	5553636	4213	50	4.74757
2	29.25	197029	1722	50	0.114333
1	29.3	5553636	4213	50	4.74757
2	29.3	197029	1722	50	0.114333
1	29.35	5553636	4213	50	4.74757
2	29.35	197029	1722	50	0.114333
1	29.4	5553636	4213	50	4.74757
2	29.4	197029	1722	50	0.114333
1	29.45	5553636	4213	50	4.74757
2	29.45	197029	1722	50	0.114333
1	29.5	5553636	4213	50	4.74757
2	29.5	197029	1722	50	0.114333
1	29.55	5553636	4213	50	4.74757
2	29.55	197029	1722	50	0.114333
1	29.6	5553636	4213	50	4.74757
2	29.6	197029	1722	50	0.114333
1	29.65	5553636	4213	50	4.74757
2	29.65	197029	1722	50	0.114333
1	29.7	5553636	4213	50	4.74757
2	29.7	197029	1722	50	0.114333
1	29.75	5553636	4213	50	4.74757
2	29.75	197029	1722	50	0.114333
1	29.8	5553636	4213	50	4.74757
2	29.8	197029	1722	50	0.114333
1	29.85	5553636	4213	50	4.74757
2	29.85	197029	1722	50	0.114333
1	29.9	5553636	4213	50	4.74757
2	29.9	197029	1722	50	0.114333
1	29.95	5553636	4213	50	4.74757
2	29.95	197029	1722	50	0.114333
