1	1.05	0	0	0	-nan
1	1.1	1260	1	54	-nan
2	1.1	0	0	0	-nan
1	1.15	1260	1	54	-nan
2	1.15	129	2	52	0
1	1.2	9838	7	53	0
2	1.2	129	2	52	0
1	1.25	9838	7	53	0
2	1.25	350	6	51	0
1	1.3	22026	16	58	0
2	1.3	408	7	54	0
1	1.35	22082	17	54	0
2	1.35	518	9	54	0
1	1.4	31190	23	64	0
2	1.4	797	14	51	0
1	1.45	46465	35	60	0
2	1.45	857	15	51	0
1	1.5	48041	37	54	0
2	1.5	1242	22	52	0
1	1.55	78436	58	83	0
2	1.55	1298	23	52	0
1	1.6	95233	71	75	0
2	1.6	1854	33	52	0
1	1.65	122636	91	79	0
2	1.65	2248	40	52	0
1	1.7	154533	113	102	1.54953
2	1.7	2652	47	54	0
1	1.75	188010	137	126	1.43783
2	1.75	3221	57	54	0
1	1.8	220034	161	111	1.342
2	1.8	3785	67	52	0
1	1.85	250419	182	142	1.2586
2	1.85	4354	77	52	0
1	1.9	282375	205	165	2.36971
2	1.9	4923	87	50	0
1	1.95	309719	224	194	2.23613
2	1.95	5435	96	50	0
1	2	341680	247	223	2.1148
2	2	5885	104	54	0
1	2.05	375154	270	247	2.00996
2	2.05	6454	114	54	0
1	2.1	407179	293	275	2.86917
2	2.1	6961	123	54	0
1	2.15	431542	310	299	2.74789
2	2.15	7530	133	54	0
1	2.2	469648	337	322	2.61959
2	2.2	7931	140	52	0
1	2.25	506230	363	344	2.5122
2	2.25	8485	149	52	0
1	2.3	539774	387	367	3.21475
2	2.3	8973	157	54	0
1	2.35	571744	409	387	3.08748
2	2.35	9466	165	54	0
1	2.4	603769	432	403	2.97441
2	2.4	9963	173	54	0
1	2.45	635794	455	423	2.86867
2	2.45	10418	180	54	0
1	2.5	675414	483	442	3.46087
2	2.5	11008	189	50	0
1	2.55	711939	508	465	3.34676
2	2.55	11602	198	50	0
1	2.6	745483	532	491	3.23526
2	2.6	12151	206	53	0
1	2.65	779027	556	513	3.13653
2	2.65	12711	214	53	0
1	2.7	815614	582	532	3.64863
2	2.7	13316	222	50	0
1	2.75	854510	622	235	3.53865
2	2.75	14054	231	50	0
1	2.8	885074	645	236	3.4399
2	2.8	15216	244	52	0
1	2.85	918627	669	244	3.90284
2	2.85	15997	252	52	0
1	2.9	958319	698	241	3.79307
2	2.9	16837	261	50	0
1	2.95	991935	723	233	3.69631
2	2.95	17877	272	50	0
1	3	1027065	749	238	3.59871
2	3	18775	282	50	0
1	3.05	1061327	785	89	4.00952
2	3.05	19845	292	50	0
1	3.1	1096357	809	96	3.9117
2	3.1	21227	304	51	0
1	3.15	1131502	835	98	3.82038
2	3.15	22263	313	51	0
1	3.2	1162084	858	107	3.73144
2	3.2	23421	323	52	0
1	3.25	1192706	882	103	4.1027
2	3.25	24440	333	52	0
1	3.3	1224731	905	117	4.01034
2	3.3	25531	343	52	0
1	3.35	1256814	929	118	3.92227
2	3.35	26622	353	52	0
1	3.4	1290475	955	112	3.83679
2	3.4	27653	362	53	0
1	3.45	1324077	980	111	4.17455
2	3.45	28866	373	53	0
1	3.5	1356218	1005	108	4.09076
2	3.5	29957	383	51	0
1	3.55	1386782	1028	110	4.01051
2	3.55	31225	395	51	0
1	3.6	1418861	1052	115	3.93091
2	3.6	32261	404	50	0
1	3.65	1451007	1077	119	4.23801
2	3.65	33347	414	50	0
1	3.7	1483090	1101	120	4.15908
2	3.7	34316	423	53	0
1	3.75	1518269	1128	113	4.08125
2	3.75	35407	433	53	0
1	3.8	1556487	1157	104	4.00653
2	3.8	36742	445	51	0
1	3.85	1593127	1184	95	4.29255
2	3.85	37950	456	51	0
1	3.9	1628311	1211	94	4.21797
2	3.9	39218	468	52	0
1	3.95	1665009	1239	98	4.14435
2	3.95	40431	479	52	0
1	4	1694050	1261	108	4.07639
2	4	41644	490	54	0
1	4.05	1726138	1285	115	4.33952
2	4.05	42735	500	54	0
1	4.1	1759798	1311	114	4.26924
2	4.1	43821	510	50	0
1	4.15	1791881	1335	115	4.19932
2	4.15	45034	521	50	0
1	4.2	1827065	1362	116	4.13386
2	4.2	46125	531	51	0
1	4.25	1863701	1389	106	4.38248
2	4.25	47216	541	51	0
1	4.3	1897361	1415	106	4.31601
2	4.3	48424	552	54	0
1	4.35	1934064	1443	104	4.24993
2	4.35	49637	563	54	0
1	4.4	1966147	1467	107	4.48605
2	4.4	50850	574	54	0
1	4.45	1998284	1492	106	4.41929
2	4.45	52063	585	54	0
1	4.5	2036506	1521	109	4.3542
2	4.5	53154	595	51	0
1	4.55	2073151	1548	105	4.2909
2	4.55	54362	606	51	0
1	4.6	2105292	1573	108	4.51373
2	4.6	55630	618	52	0
1	4.65	2138890	1598	109	4.45041
2	4.65	56788	628	52	0
1	4.7	2174074	1625	110	4.38875
2	4.7	57879	638	54	0
1	4.75	2209195	1651	110	4.33167
2	4.75	59092	649	54	0
1	4.8	2245893	1679	100	4.54116
2	4.8	60355	661	50	0
1	4.85	2281073	1706	99	4.47886
2	4.85	61694	673	50	0
1	4.9	2311637	1729	115	4.42164
2	4.9	62785	683	52	0
1	4.95	2343720	1753	123	4.36537
2	4.95	63876	693	52	0
1	5	2378904	1780	120	4.56246
2	5	64962	703	53	0
1	5.05	2414021	1806	114	4.50599
2	5.05	66175	714	53	0
1	5.1	2449200	1833	109	4.44919
2	5.1	67388	725	50	0
1	5.15	2481288	1857	111	4.39525
2	5.15	68601	736	50	0
1	5.2	2513429	1882	119	4.58347
2	5.2	69570	745	54	0
1	5.25	2548546	1908	120	4.52878
2	5.25	70778	756	54	0
1	5.3	2582211	1934	116	4.47584
2	5.3	71991	767	50	0
1	5.35	2612775	1957	116	4.42426
2	5.35	73204	778	50	0
1	5.4	2646435	1983	119	4.60237
2	5.4	74173	787	54	0
1	5.45	2681552	2009	118	4.55131
2	5.45	75259	797	54	0
1	5.5	2715217	2035	114	4.49902
2	5.5	76472	808	54	0
1	5.55	2747300	2059	114	4.44964
2	5.55	77563	818	54	0
1	5.6	2785522	2088	113	4.62084
2	5.6	78776	829	50	0
1	5.65	2822216	2116	105	4.56947
2	5.65	80115	841	50	0
1	5.7	2854299	2140	109	4.52127
2	5.7	81378	853	51	0
1	5.75	2887964	2166	119	4.68559
2	5.75	82414	862	51	0
1	5.8	2921566	2191	117	4.63611
2	5.8	83627	873	52	0
1	5.85	2955225	2217	121	4.58861
2	5.85	84773	884	52	0
1	5.9	2988829	2242	115	4.54149
2	5.9	85986	895	50	0
1	5.95	3020970	2267	118	4.69966
2	5.95	87072	905	50	0
1	6	3057610	2294	118	4.65067
2	6	88285	916	51	0
1	6.05	3092794	2321	115	4.60569
2	6.05	89376	926	51	0
1	6.1	3126392	2346	117	4.55844
2	6.1	90711	938	51	0
1	6.15	3158533	2371	121	4.7099
2	6.15	91797	948	51	0
1	6.2	3193659	2397	120	4.66531
2	6.2	92888	958	51	0
1	6.25	3230357	2425	119	4.61987
2	6.25	94101	969	51	0
1	6.3	3260917	2448	120	4.57514
2	6.3	95314	980	53	0
1	6.35	3291544	2472	124	4.72145
2	6.35	96278	989	53	0
1	6.4	3325146	2497	128	4.67679
2	6.4	97491	1000	51	0
1	6.45	3357229	2521	131	4.63341
2	6.45	98582	1010	51	0
1	6.5	3390885	2547	126	4.59086
2	6.5	99673	1020	51	0
1	6.55	3424492	2572	127	4.73122
2	6.55	100886	1031	51	0
1	6.6	3453595	2595	131	4.68878
2	6.6	101972	1041	54	0
1	6.65	3484101	2617	133	4.64745
2	6.65	102886	1049	54	0
1	6.7	3516242	2642	132	4.60677
2	6.7	103977	1059	53	0
1	6.75	3548321	2666	134	4.74189
2	6.75	105063	1069	53	0
1	6.8	3583505	2693	125	4.70071
2	6.8	106154	1079	53	0
1	6.85	3620203	2721	121	4.65918
2	6.85	107367	1090	53	0
1	6.9	3656906	2749	109	4.61923
2	6.9	108580	1101	53	0
1	6.95	3693542	2776	108	4.7498
2	6.95	109848	1113	53	0
1	7	3727207	2802	113	4.71035
2	7	111178	1125	52	0
1	7.05	3760809	2827	115	4.67047
2	7.05	112391	1136	52	0
1	7.1	3795988	2854	122	4.63224
2	7.1	113482	1146	53	0
1	7.15	3832687	2882	116	4.75822
2	7.15	114695	1157	53	0
1	7.2	3866289	2907	120	4.71869
2	7.2	115908	1168	51	0
1	7.25	3896853	2930	121	4.68142
2	7.25	117116	1179	51	0
1	7.3	3933556	2958	125	4.8042
2	7.3	118207	1189	50	0
1	7.35	3970250	2986	124	4.76568
2	7.35	119420	1200	50	0
1	7.4	4003915	3012	118	4.72908
2	7.4	120688	1212	52	0
1	7.45	4040555	3039	118	4.69147
2	7.45	121901	1223	52	0
1	7.5	4075739	3066	118	4.81021
2	7.5	123109	1234	52	0
1	7.55	4110914	3093	115	4.77306
2	7.55	124322	1245	52	0
1	7.6	4142997	3117	122	4.73758
2	7.6	125535	1256	51	0
1	7.65	4175080	3141	127	4.70162
2	7.65	126626	1266	51	0
1	7.7	4210264	3168	128	4.81621
2	7.7	127717	1276	51	0
1	7.75	4245439	3195	126	4.77999
2	7.75	128925	1287	51	0
1	7.8	4279046	3220	128	4.7448
2	7.8	130138	1298	52	0
1	7.85	4314225	3247	123	4.70918
2	7.85	131229	1308	52	0.14837
1	7.9	4349346	3273	121	4.82135
2	7.9	132442	1319	52	0.147257
1	7.95	4384526	3300	123	4.7869
2	7.95	133655	1330	52	0.146145
1	8	4419705	3327	124	4.75158
2	8	134918	1342	50	0.1451
1	8.05	4451788	3351	127	4.71828
2	8.05	136135	1353	50	0.144028
1	8.1	4482357	3374	134	4.82641
2	8.1	137226	1363	52	0.143022
1	8.15	4514494	3399	144	4.79168
2	8.15	138140	1371	52	0.142097
1	8.2	4546577	3423	141	4.75941
2	8.2	139226	1381	50	0.141115
1	8.25	4578660	3447	140	4.72633
2	8.25	140439	1392	50	0.140067
1	8.3	4609224	3470	142	4.83124
2	8.3	141530	1402	54	0.139015
1	8.35	4641370	3495	144	4.79868
2	8.35	142494	1411	54	0.138128
1	8.4	4676487	3521	134	4.76553
2	8.4	143707	1422	54	0.13711
1	8.45	4711666	3548	126	4.73307
2	8.45	144798	1432	54	0.13624
1	8.5	4745273	3573	127	4.8357
2	8.5	146011	1443	51	0.135368
1	8.55	4775895	3597	129	4.80417
2	8.55	147228	1454	51	0.134385
1	8.6	4807974	3621	136	4.77229
2	8.6	148314	1464	52	0.133492
1	8.65	4841634	3647	140	4.74012
2	8.65	149405	1474	52	0.132603
1	8.7	4875241	3672	137	4.84006
2	8.7	150496	1484	51	0.131767
1	8.75	4908901	3698	134	4.80816
2	8.75	151709	1495	51	0.130867
1	8.8	4945537	3725	127	4.77721
2	8.8	152917	1506	50	0.129983
1	8.85	4980721	3752	123	4.74742
2	8.85	154130	1517	50	0.129146
1	8.9	5014323	3777	126	4.84428
2	8.9	155221	1527	54	0.128379
1	8.95	5051026	3805	127	4.81305
2	8.95	156312	1537	54	0.127585
1	9	5086201	3832	124	4.78304
2	9	157647	1549	53	0.126709
1	9.05	5121327	3858	122	4.87777
2	9.05	158910	1561	53	0.125887
1	9.1	5154987	3884	127	4.84833
2	9.1	160123	1572	50	0.125135
1	9.15	5188589	3909	128	4.81733
2	9.15	161336	1583	50	0.124346
1	9.2	5217630	3931	140	4.78877
2	9.2	162427	1593	52	0.123556
1	9.25	5249771	3956	147	4.8808
2	9.25	163336	1601	52	0.122861
1	9.3	5281859	3980	150	4.85153
2	9.3	164427	1611	51	0.122107
1	9.35	5314000	4005	149	4.82206
2	9.35	165518	1621	51	0.121407
1	9.4	5347600	4030	142	4.79303
2	9.4	166609	1631	53	0.12064
1	9.45	5382782	4057	142	4.8835
2	9.45	167817	1642	53	0.119872
1	9.5	5414865	4081	138	4.85547
2	9.5	169030	1653	51	0.119154
1	9.55	5446948	4105	133	4.82637
2	9.55	170121	1663	51	0.118506
1	9.6	5482127	4132	139	4.79825
2	9.6	171212	1673	52	0.117782
1	9.65	5518826	4160	134	4.88636
2	9.65	172425	1684	52	0.117086
1	9.7	5551908	4190	69	4.85788
2	9.7	173633	1695	54	0.116371
1	9.75	5552140	4194	54	4.83728
2	9.75	174724	1705	54	0.115744
1	9.8	5552372	4198	53	4.80529
2	9.8	175642	1713	53	0.115027
1	9.85	5552931	4205	53	4.77906
2	9.85	176257	1718	53	0.114445
1	9.9	5553447	4211	53	4.74948
2	9.9	176718	1722	53	0.113909
1	9.95	5553791	4215	53	4.7275
2	9.95	176718	1722	53	0.113909
1	10	5553791	4215	53	4.7275
2	10	176718	1722	53	0.113909
1	10.05	5553791	4215	53	4.7275
2	10.05	176718	1722	53	0.113909
1	10.1	5553791	4215	53	4.7275
2	10.1	176718	1722	53	0.113909
1	10.15	5553791	4215	53	4.7275
2	10.15	176718	1722	53	0.113909
1	10.2	5553791	4215	53	4.7275
2	10.2	176718	1722	53	0.113909
1	10.25	5553791	4215	53	4.7275
2	10.25	176718	1722	53	0.113909
1	10.3	5553791	4215	53	4.7275
2	10.3	176718	1722	53	0.113909
1	10.35	5553791	4215	53	4.7275
2	10.35	176718	1722	53	0.113909
1	10.4	5553791	4215	53	4.7275
2	10.4	176718	1722	53	0.113909
1	10.45	5553791	4215	53	4.7275
2	10.45	176718	1722	53	0.113909
1	10.5	5553791	4215	53	4.7275
2	10.5	176718	1722	53	0.113909
1	10.55	5553791	4215	53	4.7275
2	10.55	176718	1722	53	0.113909
1	10.6	5553791	4215	53	4.7275
2	10.6	176718	1722	53	0.113909
1	10.65	5553791	4215	53	4.7275
2	10.65	176718	1722	53	0.113909
1	10.7	5553791	4215	53	4.7275
2	10.7	176718	1722	53	0.113909
1	10.75	5553791	4215	53	4.7275
2	10.75	176718	1722	53	0.113909
1	10.8	5553791	4215	53	4.7275
2	10.8	176718	1722	53	0.113909
1	10.85	5553791	4215	53	4.7275
2	10.85	176718	1722	53	0.113909
1	10.9	5553791	4215	53	4.7275
2	10.9	176718	1722	53	0.113909
1	10.95	5553791	4215	53	4.7275
2	10.95	176718	1722	53	0.113909
1	11	5553791	4215	53	4.7275
2	11	176718	1722	53	0.113909
1	11.05	5553791	4215	53	4.7275
2	11.05	176718	1722	53	0.113909
1	11.1	5553791	4215	53	4.7275
2	11.1	176718	1722	53	0.113909
1	11.15	5553791	4215	53	4.7275
2	11.15	176718	1722	53	0.113909
1	11.2	5553791	4215	53	4.7275
2	11.2	176718	1722	53	0.113909
1	11.25	5553791	4215	53	4.7275
2	11.25	176718	1722	53	0.113909
1	11.3	5553791	4215	53	4.7275
2	11.3	176718	1722	53	0.113909
1	11.35	5553791	4215	53	4.7275
2	11.35	176718	1722	53	0.113909
1	11.4	5553791	4215	53	4.7275
2	11.4	176718	1722	53	0.113909
1	11.45	5553791	4215	53	4.7275
2	11.45	176718	1722	53	0.113909
1	11.5	5553791	4215	53	4.7275
2	11.5	176718	1722	53	0.113909
1	11.55	5553791	4215	53	4.7275
2	11.55	176718	1722	53	0.113909
1	11.6	5553791	4215	53	4.7275
2	11.6	176718	1722	53	0.113909
1	11.65	5553791	4215	53	4.7275
2	11.65	176718	1722	53	0.113909
1	11.7	5553791	4215	53	4.7275
2	11.7	176718	1722	53	0.113909
1	11.75	5553791	4215	53	4.7275
2	11.75	176718	1722	53	0.113909
1	11.8	5553791	4215	53	4.7275
2	11.8	176718	1722	53	0.113909
1	11.85	5553791	4215	53	4.7275
2	11.85	176718	1722	53	0.113909
1	11.9	5553791	4215	53	4.7275
2	11.9	176718	1722	53	0.113909
1	11.95	5553791	4215	53	4.7275
2	11.95	176718	1722	53	0.113909
1	12	5553791	4215	53	4.7275
2	12	176718	1722	53	0.113909
1	12.05	5553791	4215	53	4.7275
2	12.05	176718	1722	53	0.113909
1	12.1	5553791	4215	53	4.7275
2	12.1	176718	1722	53	0.113909
1	12.15	5553791	4215	53	4.7275
2	12.15	176718	1722	53	0.113909
1	12.2	5553791	4215	53	4.7275
2	12.2	176718	1722	53	0.113909
1	12.25	5553791	4215	53	4.7275
2	12.25	176718	1722	53	0.113909
1	12.3	5553791	4215	53	4.7275
2	12.3	176718	1722	53	0.113909
1	12.35	5553791	4215	53	4.7275
2	12.35	176718	1722	53	0.113909
1	12.4	5553791	4215	53	4.7275
2	12.4	176718	1722	53	0.113909
1	12.45	5553791	4215	53	4.7275
2	12.45	176718	1722	53	0.113909
1	12.5	5553791	4215	53	4.7275
2	12.5	176718	1722	53	0.113909
1	12.55	5553791	4215	53	4.7275
2	12.55	176718	1722	53	0.113909
1	12.6	5553791	4215	53	4.7275
2	12.6	176718	1722	53	0.113909
1	12.65	5553791	4215	53	4.7275
2	12.65	176718	1722	53	0.113909
1	12.7	5553791	4215	53	4.7275
2	12.7	176718	1722	53	0.113909
1	12.75	5553791	4215	53	4.7275
2	12.75	176718	1722	53	0.113909
1	12.8	5553791	4215	53	4.7275
2	12.8	176718	1722	53	0.113909
1	12.85	5553791	4215	53	4.7275
2	12.85	176718	1722	53	0.113909
1	12.9	5553791	4215	53	4.7275
2	12.9	176718	1722	53	0.113909
1	12.95	5553791	4215	53	4.7275
2	12.95	176718	1722	53	0.113909
1	13	5553791	4215	53	4.7275
2	13	176718	1722	53	0.113909
1	13.05	5553791	4215	53	4.7275
2	13.05	176718	1722	53	0.113909
1	13.1	5553791	4215	53	4.7275
2	13.1	176718	1722	53	0.113909
1	13.15	5553791	4215	53	4.7275
2	13.15	176718	1722	53	0.113909
1	13.2	5553791	4215	53	4.7275
2	13.2	176718	1722	53	0.113909
1	13.25	5553791	4215	53	4.7275
2	13.25	176718	1722	53	0.113909
1	13.3	5553791	4215	53	4.7275
2	13.3	176718	1722	53	0.113909
1	13.35	5553791	4215	53	4.7275
2	13.35	176718	1722	53	0.113909
1	13.4	5553791	4215	53	4.7275
2	13.4	176718	1722	53	0.113909
1	13.45	5553791	4215	53	4.7275
2	13.45	176718	1722	53	0.113909
1	13.5	5553791	4215	53	4.7275
2	13.5	176718	1722	53	0.113909
1	13.55	5553791	4215	53	4.7275
2	13.55	176718	1722	53	0.113909
1	13.6	5553791	4215	53	4.7275
2	13.6	176718	1722	53	0.113909
1	13.65	5553791	4215	53	4.7275
2	13.65	176718	1722	53	0.113909
1	13.7	5553791	4215	53	4.7275
2	13.7	176718	1722	53	0.113909
1	13.75	5553791	4215	53	4.7275
2	13.75	176718	1722	53	0.113909
1	13.8	5553791	4215	53	4.7275
2	13.8	176718	1722	53	0.113909
1	13.85	5553791	4215	53	4.7275
2	13.85	176718	1722	53	0.113909
1	13.9	5553791	4215	53	4.7275
2	13.9	176718	1722	53	0.113909
1	13.95	5553791	4215	53	4.7275
2	13.95	176718	1722	53	0.113909
1	14	5553791	4215	53	4.7275
2	14	176718	1722	53	0.113909
1	14.05	5553791	4215	53	4.7275
2	14.05	176718	1722	53	0.113909
1	14.1	5553791	4215	53	4.7275
2	14.1	176718	1722	53	0.113909
1	14.15	5553791	4215	53	4.7275
2	14.15	176718	1722	53	0.113909
1	14.2	5553791	4215	53	4.7275
2	14.2	176718	1722	53	0.113909
1	14.25	5553791	4215	53	4.7275
2	14.25	176718	1722	53	0.113909
1	14.3	5553791	4215	53	4.7275
2	14.3	176718	1722	53	0.113909
1	14.35	5553791	4215	53	4.7275
2	14.35	176718	1722	53	0.113909
1	14.4	5553791	4215	53	4.7275
2	14.4	176718	1722	53	0.113909
1	14.45	5553791	4215	53	4.7275
2	14.45	176718	1722	53	0.113909
1	14.5	5553791	4215	53	4.7275
2	14.5	176718	1722	53	0.113909
1	14.55	5553791	4215	53	4.7275
2	14.55	176718	1722	53	0.113909
1	14.6	5553791	4215	53	4.7275
2	14.6	176718	1722	53	0.113909
1	14.65	5553791	4215	53	4.7275
2	14.65	176718	1722	53	0.113909
1	14.7	5553791	4215	53	4.7275
2	14.7	176718	1722	53	0.113909
1	14.75	5553791	4215	53	4.7275
2	14.75	176718	1722	53	0.113909
1	14.8	5553791	4215	53	4.7275
2	14.8	176718	1722	53	0.113909
1	14.85	5553791	4215	53	4.7275
2	14.85	176718	1722	53	0.113909
1	14.9	5553791	4215	53	4.7275
2	14.9	176718	1722	53	0.113909
1	14.95	5553791	4215	53	4.7275
2	14.95	176718	1722	53	0.113909
1	15	5553791	4215	53	4.7275
2	15	176718	1722	53	0.113909
1	15.05	5553791	4215	53	4.7275
2	15.05	176718	1722	53	0.113909
1	15.1	5553791	4215	53	4.7275
2	15.1	176718	1722	53	0.113909
1	15.15	5553791	4215	53	4.7275
2	15.15	176718	1722	53	0.113909
1	15.2	5553791	4215	53	4.7275
2	15.2	176718	1722	53	0.113909
1	15.25	5553791	4215	53	4.7275
2	15.25	176718	1722	53	0.113909
1	15.3	5553791	4215	53	4.7275
2	15.3	176718	1722	53	0.113909
1	15.35	5553791	4215	53	4.7275
2	15.35	176718	1722	53	0.113909
1	15.4	5553791	4215	53	4.7275
2	15.4	176718	1722	53	0.113909
1	15.45	5553791	4215	53	4.7275
2	15.45	176718	1722	53	0.113909
1	15.5	5553791	4215	53	4.7275
2	15.5	176718	1722	53	0.113909
1	15.55	5553791	4215	53	4.7275
2	15.55	176718	1722	53	0.113909
1	15.6	5553791	4215	53	4.7275
2	15.6	176718	1722	53	0.113909
1	15.65	5553791	4215	53	4.7275
2	15.65	176718	1722	53	0.113909
1	15.7	5553791	4215	53	4.7275
2	15.7	176718	1722	53	0.113909
1	15.75	5553791	4215	53	4.7275
2	15.75	176718	1722	53	0.113909
1	15.8	5553791	4215	53	4.7275
2	15.8	176718	1722	53	0.113909
1	15.85	5553791	4215	53	4.7275
2	15.85	176718	1722	53	0.113909
1	15.9	5553791	4215	53	4.7275
2	15.9	176718	1722	53	0.113909
1	15.95	5553791	4215	53	4.7275
2	15.95	176718	1722	53	0.113909
1	16	5553791	4215	53	4.7275
2	16	176718	1722	53	0.113909
1	16.05	5553791	4215	53	4.7275
2	16.05	176718	1722	53	0.113909
1	16.1	5553791	4215	53	4.7275
2	16.1	176718	1722	53	0.113909
1	16.15	5553791	4215	53	4.7275
2	16.15	176718	1722	53	0.113909
1	16.2	5553791	4215	53	4.7275
2	16.2	176718	1722	53	0.113909
1	16.25	5553791	4215	53	4.7275
2	16.25	176718	1722	53	0.113909
1	16.3	5553791	4215	53	4.7275
2	16.3	176718	1722	53	0.113909
1	16.35	5553791	4215	53	4.7275
2	16.35	176718	1722	53	0.113909
1	16.4	5553791	4215	53	4.7275
2	16.4	176718	1722	53	0.113909
1	16.45	5553791	4215	53	4.7275
2	16.45	176718	1722	53	0.113909
1	16.5	5553791	4215	53	4.7275
2	16.5	176718	1722	53	0.113909
1	16.55	5553791	4215	53	4.7275
2	16.55	176718	1722	53	0.113909
1	16.6	5553791	4215	53	4.7275
2	16.6	176718	1722	53	0.113909
1	16.65	5553791	4215	53	4.7275
2	16.65	176718	1722	53	0.113909
1	16.7	5553791	4215	53	4.7275
2	16.7	176718	1722	53	0.113909
1	16.75	5553791	4215	53	4.7275
2	16.75	176718	1722	53	0.113909
1	16.8	5553791	4215	53	4.7275
2	16.8	176718	1722	53	0.113909
1	16.85	5553791	4215	53	4.7275
2	16.85	176718	1722	53	0.113909
1	16.9	5553791	4215	53	4.7275
2	16.9	176718	1722	53	0.113909
1	16.95	5553791	4215	53	4.7275
2	16.95	176718	1722	53	0.113909
1	17	5553791	4215	53	4.7275
2	17	176718	1722	53	0.113909
1	17.05	5553791	4215	53	4.7275
2	17.05	176718	1722	53	0.113909
1	17.1	5553791	4215	53	4.7275
2	17.1	176718	1722	53	0.113909
1	17.15	5553791	4215	53	4.7275
2	17.15	176718	1722	53	0.113909
1	17.2	5553791	4215	53	4.7275
2	17.2	176718	1722	53	0.113909
1	17.25	5553791	4215	53	4.7275
2	17.25	176718	1722	53	0.113909
1	17.3	5553791	4215	53	4.7275
2	17.3	176718	1722	53	0.113909
1	17.35	5553791	4215	53	4.7275
2	17.35	176718	1722	53	0.113909
1	17.4	5553791	4215	53	4.7275
2	17.4	176718	1722	53	0.113909
1	17.45	5553791	4215	53	4.7275
2	17.45	176718	1722	53	0.113909
1	17.5	5553791	4215	53	4.7275
2	17.5	176718	1722	53	0.113909
1	17.55	5553791	4215	53	4.7275
2	17.55	176718	1722	53	0.113909
1	17.6	5553791	4215	53	4.7275
2	17.6	176718	1722	53	0.113909
1	17.65	5553791	4215	53	4.7275
2	17.65	176718	1722	53	0.113909
1	17.7	5553791	4215	53	4.7275
2	17.7	176718	1722	53	0.113909
1	17.75	5553791	4215	53	4.7275
2	17.75	176718	1722	53	0.113909
1	17.8	5553791	4215	53	4.7275
2	17.8	176718	1722	53	0.113909
1	17.85	5553791	4215	53	4.7275
2	17.85	176718	1722	53	0.113909
1	17.9	5553791	4215	53	4.7275
2	17.9	176718	1722	53	0.113909
1	17.95	5553791	4215	53	4.7275
2	17.95	176718	1722	53	0.113909
1	18	5553791	4215	53	4.7275
2	18	176718	1722	53	0.113909
1	18.05	5553791	4215	53	4.7275
2	18.05	176718	1722	53	0.113909
1	18.1	5553791	4215	53	4.7275
2	18.1	176718	1722	53	0.113909
1	18.15	5553791	4215	53	4.7275
2	18.15	176718	1722	53	0.113909
1	18.2	5553791	4215	53	4.7275
2	18.2	176718	1722	53	0.113909
1	18.25	5553791	4215	53	4.7275
2	18.25	176718	1722	53	0.113909
1	18.3	5553791	4215	53	4.7275
2	18.3	176718	1722	53	0.113909
1	18.35	5553791	4215	53	4.7275
2	18.35	176718	1722	53	0.113909
1	18.4	5553791	4215	53	4.7275
2	18.4	176718	1722	53	0.113909
1	18.45	5553791	4215	53	4.7275
2	18.45	176718	1722	53	0.113909
1	18.5	5553791	4215	53	4.7275
2	18.5	176718	1722	53	0.113909
1	18.55	5553791	4215	53	4.7275
2	18.55	176718	1722	53	0.113909
1	18.6	5553791	4215	53	4.7275
2	18.6	176718	1722	53	0.113909
1	18.65	5553791	4215	53	4.7275
2	18.65	176718	1722	53	0.113909
1	18.7	5553791	4215	53	4.7275
2	18.7	176718	1722	53	0.113909
1	18.75	5553791	4215	53	4.7275
2	18.75	176718	1722	53	0.113909
1	18.8	5553791	4215	53	4.7275
2	18.8	176718	1722	53	0.113909
1	18.85	5553791	4215	53	4.7275
2	18.85	176718	1722	53	0.113909
1	18.9	5553791	4215	53	4.7275
2	18.9	176718	1722	53	0.113909
1	18.95	5553791	4215	53	4.7275
2	18.95	176718	1722	53	0.113909
1	19	5553791	4215	53	4.7275
2	19	176718	1722	53	0.113909
1	19.05	5553791	4215	53	4.7275
2	19.05	176718	1722	53	0.113909
1	19.1	5553791	4215	53	4.7275
2	19.1	176718	1722	53	0.113909
1	19.15	5553791	4215	53	4.7275
2	19.15	176718	1722	53	0.113909
1	19.2	5553791	4215	53	4.7275
2	19.2	176718	1722	53	0.113909
1	19.25	5553791	4215	53	4.7275
2	19.25	176718	1722	53	0.113909
1	19.3	5553791	4215	53	4.7275
2	19.3	176718	1722	53	0.113909
1	19.35	5553791	4215	53	4.7275
2	19.35	176718	1722	53	0.113909
1	19.4	5553791	4215	53	4.7275
2	19.4	176718	1722	53	0.113909
1	19.45	5553791	4215	53	4.7275
2	19.45	176718	1722	53	0.113909
1	19.5	5553791	4215	53	4.7275
2	19.5	176718	1722	53	0.113909
1	19.55	5553791	4215	53	4.7275
2	19.55	176718	1722	53	0.113909
1	19.6	5553791	4215	53	4.7275
2	19.6	176718	1722	53	0.113909
1	19.65	5553791	4215	53	4.7275
2	19.65	176718	1722	53	0.113909
1	19.7	5553791	4215	53	4.7275
2	19.7	176718	1722	53	0.113909
1	19.75	5553791	4215	53	4.7275
2	19.75	176718	1722	53	0.113909
1	19.8	5553791	4215	53	4.7275
2	19.8	176718	1722	53	0.113909
1	19.85	5553791	4215	53	4.7275
2	19.85	176718	1722	53	0.113909
1	19.9	5553791	4215	53	4.7275
2	19.9	176718	1722	53	0.113909
1	19.95	5553791	4215	53	4.7275
2	19.95	176718	1722	53	0.113909
1	20	5553791	4215	53	4.7275
2	20	176718	1722	53	0.113909
1	20.05	5553791	4215	53	4.7275
2	20.05	176718	1722	53	0.113909
1	20.1	5553791	4215	53	4.7275
2	20.1	176718	1722	53	0.113909
1	20.15	5553791	4215	53	4.7275
2	20.15	176718	1722	53	0.113909
1	20.2	5553791	4215	53	4.7275
2	20.2	176718	1722	53	0.113909
1	20.25	5553791	4215	53	4.7275
2	20.25	176718	1722	53	0.113909
1	20.3	5553791	4215	53	4.7275
2	20.3	176718	1722	53	0.113909
1	20.35	5553791	4215	53	4.7275
2	20.35	176718	1722	53	0.113909
1	20.4	5553791	4215	53	4.7275
2	20.4	176718	1722	53	0.113909
1	20.45	5553791	4215	53	4.7275
2	20.45	176718	1722	53	0.113909
1	20.5	5553791	4215	53	4.7275
2	20.5	176718	1722	53	0.113909
1	20.55	5553791	4215	53	4.7275
2	20.55	176718	1722	53	0.113909
1	20.6	5553791	4215	53	4.7275
2	20.6	176718	1722	53	0.113909
1	20.65	5553791	4215	53	4.7275
2	20.65	176718	1722	53	0.113909
1	20.7	5553791	4215	53	4.7275
2	20.7	176718	1722	53	0.113909
1	20.75	5553791	4215	53	4.7275
2	20.75	176718	1722	53	0.113909
1	20.8	5553791	4215	53	4.7275
2	20.8	176718	1722	53	0.113909
1	20.85	5553791	4215	53	4.7275
2	20.85	176718	1722	53	0.113909
1	20.9	5553791	4215	53	4.7275
2	20.9	176718	1722	53	0.113909
1	20.95	5553791	4215	53	4.7275
2	20.95	176718	1722	53	0.113909
1	21	5553791	4215	53	4.7275
2	21	176718	1722	53	0.113909
1	21.05	5553791	4215	53	4.7275
2	21.05	176718	1722	53	0.113909
1	21.1	5553791	4215	53	4.7275
2	21.1	176718	1722	53	0.113909
1	21.15	5553791	4215	53	4.7275
2	21.15	176718	1722	53	0.113909
1	21.2	5553791	4215	53	4.7275
2	21.2	176718	1722	53	0.113909
1	21.25	5553791	4215	53	4.7275
2	21.25	176718	1722	53	0.113909
1	21.3	5553791	4215	53	4.7275
2	21.3	176718	1722	53	0.113909
1	21.35	5553791	4215	53	4.7275
2	21.35	176718	1722	53	0.113909
1	21.4	5553791	4215	53	4.7275
2	21.4	176718	1722	53	0.113909
1	21.45	5553791	4215	53	4.7275
2	21.45	176718	1722	53	0.113909
1	21.5	5553791	4215	53	4.7275
2	21.5	176718	1722	53	0.113909
1	21.55	5553791	4215	53	4.7275
2	21.55	176718	1722	53	0.113909
1	21.6	5553791	4215	53	4.7275
2	21.6	176718	1722	53	0.113909
1	21.65	5553791	4215	53	4.7275
2	21.65	176718	1722	53	0.113909
1	21.7	5553791	4215	53	4.7275
2	21.7	176718	1722	53	0.113909
1	21.75	5553791	4215	53	4.7275
2	21.75	176718	1722	53	0.113909
1	21.8	5553791	4215	53	4.7275
2	21.8	176718	1722	53	0.113909
1	21.85	5553791	4215	53	4.7275
2	21.85	176718	1722	53	0.113909
1	21.9	5553791	4215	53	4.7275
2	21.9	176718	1722	53	0.113909
1	21.95	5553791	4215	53	4.7275
2	21.95	176718	1722	53	0.113909
1	22	5553791	4215	53	4.7275
2	22	176718	1722	53	0.113909
1	22.05	5553791	4215	53	4.7275
2	22.05	176718	1722	53	0.113909
1	22.1	5553791	4215	53	4.7275
2	22.1	176718	1722	53	0.113909
1	22.15	5553791	4215	53	4.7275
2	22.15	176718	1722	53	0.113909
1	22.2	5553791	4215	53	4.7275
2	22.2	176718	1722	53	0.113909
1	22.25	5553791	4215	53	4.7275
2	22.25	176718	1722	53	0.113909
1	22.3	5553791	4215	53	4.7275
2	22.3	176718	1722	53	0.113909
1	22.35	5553791	4215	53	4.7275
2	22.35	176718	1722	53	0.113909
1	22.4	5553791	4215	53	4.7275
2	22.4	176718	1722	53	0.113909
1	22.45	5553791	4215	53	4.7275
2	22.45	176718	1722	53	0.113909
1	22.5	5553791	4215	53	4.7275
2	22.5	176718	1722	53	0.113909
1	22.55	5553791	4215	53	4.7275
2	22.55	176718	1722	53	0.113909
1	22.6	5553791	4215	53	4.7275
2	22.6	176718	1722	53	0.113909
1	22.65	5553791	4215	53	4.7275
2	22.65	176718	1722	53	0.113909
1	22.7	5553791	4215	53	4.7275
2	22.7	176718	1722	53	0.113909
1	22.75	5553791	4215	53	4.7275
2	22.75	176718	1722	53	0.113909
1	22.8	5553791	4215	53	4.7275
2	22.8	176718	1722	53	0.113909
1	22.85	5553791	4215	53	4.7275
2	22.85	176718	1722	53	0.113909
1	22.9	5553791	4215	53	4.7275
2	22.9	176718	1722	53	0.113909
1	22.95	5553791	4215	53	4.7275
2	22.95	176718	1722	53	0.113909
1	23	5553791	4215	53	4.7275
2	23	176718	1722	53	0.113909
1	23.05	5553791	4215	53	4.7275
2	23.05	176718	1722	53	0.113909
1	23.1	5553791	4215	53	4.7275
2	23.1	176718	1722	53	0.113909
1	23.15	5553791	4215	53	4.7275
2	23.15	176718	1722	53	0.113909
1	23.2	5553791	4215	53	4.7275
2	23.2	176718	1722	53	0.113909
1	23.25	5553791	4215	53	4.7275
2	23.25	176718	1722	53	0.113909
1	23.3	5553791	4215	53	4.7275
2	23.3	176718	1722	53	0.113909
1	23.35	5553791	4215	53	4.7275
2	23.35	176718	1722	53	0.113909
1	23.4	5553791	4215	53	4.7275
2	23.4	176718	1722	53	0.113909
1	23.45	5553791	4215	53	4.7275
2	23.45	176718	1722	53	0.113909
1	23.5	5553791	4215	53	4.7275
2	23.5	176718	1722	53	0.113909
1	23.55	5553791	4215	53	4.7275
2	23.55	176718	1722	53	0.113909
1	23.6	5553791	4215	53	4.7275
2	23.6	176718	1722	53	0.113909
1	23.65	5553791	4215	53	4.7275
2	23.65	176718	1722	53	0.113909
1	23.7	5553791	4215	53	4.7275
2	23.7	176718	1722	53	0.113909
1	23.75	5553791	4215	53	4.7275
2	23.75	176718	1722	53	0.113909
1	23.8	5553791	4215	53	4.7275
2	23.8	176718	1722	53	0.113909
1	23.85	5553791	4215	53	4.7275
2	23.85	176718	1722	53	0.113909
1	23.9	5553791	4215	53	4.7275
2	23.9	176718	1722	53	0.113909
1	23.95	5553791	4215	53	4.7275
2	23.95	176718	1722	53	0.113909
1	24	5553791	4215	53	4.7275
2	24	176718	1722	53	0.113909
1	24.05	5553791	4215	53	4.7275
2	24.05	176718	1722	53	0.113909
1	24.1	5553791	4215	53	4.7275
2	24.1	176718	1722	53	0.113909
1	24.15	5553791	4215	53	4.7275
2	24.15	176718	1722	53	0.113909
1	24.2	5553791	4215	53	4.7275
2	24.2	176718	1722	53	0.113909
1	24.25	5553791	4215	53	4.7275
2	24.25	176718	1722	53	0.113909
1	24.3	5553791	4215	53	4.7275
2	24.3	176718	1722	53	0.113909
1	24.35	5553791	4215	53	4.7275
2	24.35	176718	1722	53	0.113909
1	24.4	5553791	4215	53	4.7275
2	24.4	176718	1722	53	0.113909
1	24.45	5553791	4215	53	4.7275
2	24.45	176718	1722	53	0.113909
1	24.5	5553791	4215	53	4.7275
2	24.5	176718	1722	53	0.113909
1	24.55	5553791	4215	53	4.7275
2	24.55	176718	1722	53	0.113909
1	24.6	5553791	4215	53	4.7275
2	24.6	176718	1722	53	0.113909
1	24.65	5553791	4215	53	4.7275
2	24.65	176718	1722	53	0.113909
1	24.7	5553791	4215	53	4.7275
2	24.7	176718	1722	53	0.113909
1	24.75	5553791	4215	53	4.7275
2	24.75	176718	1722	53	0.113909
1	24.8	5553791	4215	53	4.7275
2	24.8	176718	1722	53	0.113909
1	24.85	5553791	4215	53	4.7275
2	24.85	176718	1722	53	0.113909
1	24.9	5553791	4215	53	4.7275
2	24.9	176718	1722	53	0.113909
1	24.95	5553791	4215	53	4.7275
2	24.95	176718	1722	53	0.113909
1	25	5553791	4215	53	4.7275
2	25	176718	1722	53	0.113909
1	25.05	5553791	4215	53	4.7275
2	25.05	176718	1722	53	0.113909
1	25.1	5553791	4215	53	4.7275
2	25.1	176718	1722	53	0.113909
1	25.15	5553791	4215	53	4.7275
2	25.15	176718	1722	53	0.113909
1	25.2	5553791	4215	53	4.7275
2	25.2	176718	1722	53	0.113909
1	25.25	5553791	4215	53	4.7275
2	25.25	176718	1722	53	0.113909
1	25.3	5553791	4215	53	4.7275
2	25.3	176718	1722	53	0.113909
1	25.35	5553791	4215	53	4.7275
2	25.35	176718	1722	53	0.113909
1	25.4	5553791	4215	53	4.7275
2	25.4	176718	1722	53	0.113909
1	25.45	5553791	4215	53	4.7275
2	25.45	176718	1722	53	0.113909
1	25.5	5553791	4215	53	4.7275
2	25.5	176718	1722	53	0.113909
1	25.55	5553791	4215	53	4.7275
2	25.55	176718	1722	53	0.113909
1	25.6	5553791	4215	53	4.7275
2	25.6	176718	1722	53	0.113909
1	25.65	5553791	4215	53	4.7275
2	25.65	176718	1722	53	0.113909
1	25.7	5553791	4215	53	4.7275
2	25.7	176718	1722	53	0.113909
1	25.75	5553791	4215	53	4.7275
2	25.75	176718	1722	53	0.113909
1	25.8	5553791	4215	53	4.7275
2	25.8	176718	1722	53	0.113909
1	25.85	5553791	4215	53	4.7275
2	25.85	176718	1722	53	0.113909
1	25.9	5553791	4215	53	4.7275
2	25.9	176718	1722	53	0.113909
1	25.95	5553791	4215	53	4.7275
2	25.95	176718	1722	53	0.113909
1	26	5553791	4215	53	4.7275
2	26	176718	1722	53	0.113909
1	26.05	5553791	4215	53	4.7275
2	26.05	176718	1722	53	0.113909
1	26.1	5553791	4215	53	4.7275
2	26.1	176718	1722	53	0.113909
1	26.15	5553791	4215	53	4.7275
2	26.15	176718	1722	53	0.113909
1	26.2	5553791	4215	53	4.7275
2	26.2	176718	1722	53	0.113909
1	26.25	5553791	4215	53	4.7275
2	26.25	176718	1722	53	0.113909
1	26.3	5553791	4215	53	4.7275
2	26.3	176718	1722	53	0.113909
1	26.35	5553791	4215	53	4.7275
2	26.35	176718	1722	53	0.113909
1	26.4	5553791	4215	53	4.7275
2	26.4	176718	1722	53	0.113909
1	26.45	5553791	4215	53	4.7275
2	26.45	176718	1722	53	0.113909
1	26.5	5553791	4215	53	4.7275
2	26.5	176718	1722	53	0.113909
1	26.55	5553791	4215	53	4.7275
2	26.55	176718	1722	53	0.113909
1	26.6	5553791	4215	53	4.7275
2	26.6	176718	1722	53	0.113909
1	26.65	5553791	4215	53	4.7275
2	26.65	176718	1722	53	0.113909
1	26.7	5553791	4215	53	4.7275
2	26.7	176718	1722	53	0.113909
1	26.75	5553791	4215	53	4.7275
2	26.75	176718	1722	53	0.113909
1	26.8	5553791	4215	53	4.7275
2	26.8	176718	1722	53	0.113909
1	26.85	5553791	4215	53	4.7275
2	26.85	176718	1722	53	0.113909
1	26.9	5553791	4215	53	4.7275
2	26.9	176718	1722	53	0.113909
1	26.95	5553791	4215	53	4.7275
2	26.95	176718	1722	53	0.113909
1	27	5553791	4215	53	4.7275
2	27	176718	1722	53	0.113909
1	27.05	5553791	4215	53	4.7275
2	27.05	176718	1722	53	0.113909
1	27.1	5553791	4215	53	4.7275
2	27.1	176718	1722	53	0.113909
1	27.15	5553791	4215	53	4.7275
2	27.15	176718	1722	53	0.113909
1	27.2	5553791	4215	53	4.7275
2	27.2	176718	1722	53	0.113909
1	27.25	5553791	4215	53	4.7275
2	27.25	176718	1722	53	0.113909
1	27.3	5553791	4215	53	4.7275
2	27.3	176718	1722	53	0.113909
1	27.35	5553791	4215	53	4.7275
2	27.35	176718	1722	53	0.113909
1	27.4	5553791	4215	53	4.7275
2	27.4	176718	1722	53	0.113909
1	27.45	5553791	4215	53	4.7275
2	27.45	176718	1722	53	0.113909
1	27.5	5553791	4215	53	4.7275
2	27.5	176718	1722	53	0.113909
1	27.55	5553791	4215	53	4.7275
2	27.55	176718	1722	53	0.113909
1	27.6	5553791	4215	53	4.7275
2	27.6	176718	1722	53	0.113909
1	27.65	5553791	4215	53	4.7275
2	27.65	176718	1722	53	0.113909
1	27.7	5553791	4215	53	4.7275
2	27.7	176718	1722	53	0.113909
1	27.75	5553791	4215	53	4.7275
2	27.75	176718	1722	53	0.113909
1	27.8	5553791	4215	53	4.7275
2	27.8	176718	1722	53	0.113909
1	27.85	5553791	4215	53	4.7275
2	27.85	176718	1722	53	0.113909
1	27.9	5553791	4215	53	4.7275
2	27.9	176718	1722	53	0.113909
1	27.95	5553791	4215	53	4.7275
2	27.95	176718	1722	53	0.113909
1	28	5553791	4215	53	4.7275
2	28	176718	1722	53	0.113909
1	28.05	5553791	4215	53	4.7275
2	28.05	176718	1722	53	0.113909
1	28.1	5553791	4215	53	4.7275
2	28.1	176718	1722	53	0.113909
1	28.15	5553791	4215	53	4.7275
2	28.15	176718	1722	53	0.113909
1	28.2	5553791	4215	53	4.7275
2	28.2	176718	1722	53	0.113909
1	28.25	5553791	4215	53	4.7275
2	28.25	176718	1722	53	0.113909
1	28.3	5553791	4215	53	4.7275
2	28.3	176718	1722	53	0.113909
1	28.35	5553791	4215	53	4.7275
2	28.35	176718	1722	53	0.113909
1	28.4	5553791	4215	53	4.7275
2	28.4	176718	1722	53	0.113909
1	28.45	5553791	4215	53	4.7275
2	28.45	176718	1722	53	0.113909
1	28.5	5553791	4215	53	4.7275
2	28.5	176718	1722	53	0.113909
1	28.55	5553791	4215	53	4.7275
2	28.55	176718	1722	53	0.113909
1	28.6	5553791	4215	53	4.7275
2	28.6	176718	1722	53	0.113909
1	28.65	5553791	4215	53	4.7275
2	28.65	176718	1722	53	0.113909
1	28.7	5553791	4215	53	4.7275
2	28.7	176718	1722	53	0.113909
1	28.75	5553791	4215	53	4.7275
2	28.75	176718	1722	53	0.113909
1	28.8	5553791	4215	53	4.7275
2	28.8	176718	1722	53	0.113909
1	28.85	5553791	4215	53	4.7275
2	28.85	176718	1722	53	0.113909
1	28.9	5553791	4215	53	4.7275
2	28.9	176718	1722	53	0.113909
1	28.95	5553791	4215	53	4.7275
2	28.95	176718	1722	53	0.113909
1	29	5553791	4215	53	4.7275
2	29	176718	1722	53	0.113909
1	29.05	5553791	4215	53	4.7275
2	29.05	176718	1722	53	0.113909
1	29.1	5553791	4215	53	4.7275
2	29.1	176718	1722	53	0.113909
1	29.15	5553791	4215	53	4.7275
2	29.15	176718	1722	53	0.113909
1	29.2	5553791	4215	53	4.7275
2	29.2	176718	1722	53	0.113909
1	29.25	5553791	4215	53	4.7275
2	29.25	176718	1722	53	0.113909
1	29.3	5553791	4215	53	4.7275
2	29.3	176718	1722	53	0.113909
1	29.35	5553791	4215	53	4.7275
2	29.35	176718	1722	53	0.113909
1	29.4	5553791	4215	53	4.7275
2	29.4	176718	1722	53	0.113909
1	29.45	5553791	4215	53	4.7275
2	29.45	176718	1722	53	0.113909
1	29.5	5553791	4215	53	4.7275
2	29.5	176718	1722	53	0.113909
1	29.55	5553791	4215	53	4.7275
2	29.55	176718	1722	53	0.113909
1	29.6	5553791	4215	53	4.7275
2	29.6	176718	1722	53	0.113909
1	29.65	5553791	4215	53	4.7275
2	29.65	176718	1722	53	0.113909
1	29.7	5553791	4215	53	4.7275
2	29.7	176718	1722	53	0.113909
1	29.75	5553791	4215	53	4.7275
2	29.75	176718	1722	53	0.113909
1	29.8	5553791	4215	53	4.7275
2	29.8	176718	1722	53	0.113909
1	29.85	5553791	4215	53	4.7275
2	29.85	176718	1722	53	0.113909
1	29.9	5553791	4215	53	4.7275
2	29.9	176718	1722	53	0.113909
1	29.95	5553791	4215	53	4.7275
2	29.95	176718	1722	53	0.113909
