1	1.05	0	0	0	-nan
1	1.1	1260	1	52	-nan
2	1.1	0	0	0	-nan
1	1.15	1260	1	52	-nan
2	1.15	129	2	50	0
1	1.2	9838	7	52	0
2	1.2	129	2	50	0
1	1.25	9838	7	52	0
2	1.25	408	7	50	0
1	1.3	22026	16	54	0
2	1.3	408	7	50	0
1	1.35	22082	17	50	0
2	1.35	739	13	50	0
1	1.4	40346	30	59	0
2	1.4	797	14	50	0
1	1.45	46465	35	59	0
2	1.45	1076	19	50	0
1	1.5	58668	44	62	0
2	1.5	1242	22	50	0
1	1.55	89108	66	93	0
2	1.55	1517	27	50	0
1	1.6	104329	77	57	0
2	1.6	2017	36	50	0
1	1.65	136285	100	85	1.67519
2	1.65	2422	43	50	0
1	1.7	171269	125	108	1.54589
2	1.7	2875	51	50	0
1	1.75	206274	150	99	1.43526
2	1.75	3555	63	50	0
1	1.8	236714	172	122	1.34066
2	1.8	4124	73	50	0
1	1.85	268670	195	148	2.50695
2	1.85	4631	82	50	0
1	1.9	297535	215	179	2.36245
2	1.9	5146	91	50	0
1	1.95	332468	239	204	2.23045
2	1.95	5658	100	50	0
1	2	369002	265	231	2.11052
2	2	6227	110	50	0
1	2.05	404065	290	252	3.00973
2	2.05	6845	121	50	0
1	2.1	431471	309	283	2.86409
2	2.1	7471	132	50	0
1	2.15	460458	330	311	2.73454
2	2.15	7876	139	50	0
1	2.2	493944	353	332	2.61736
2	2.2	8303	146	50	0
1	2.25	529012	378	356	3.3416
2	2.25	8796	154	50	0
1	2.3	557994	399	375	3.22303
2	2.3	9289	162	50	0
1	2.35	591535	423	393	3.08488
2	2.35	9716	169	50	0
1	2.4	623502	445	425	2.9705
2	2.4	10245	177	50	0
1	2.45	655527	468	449	3.57991
2	2.45	10733	184	50	0
1	2.5	690532	492	477	3.45348
2	2.5	11285	192	50	0
1	2.55	724072	516	503	3.34075
2	2.55	11842	200	50	0
1	2.6	760596	541	524	3.2316
2	2.6	12399	208	50	0
1	2.65	795659	566	551	3.75499
2	2.65	12996	216	50	0
1	2.7	832244	592	566	3.64411
2	2.7	13632	224	50	0
1	2.75	868104	630	231	3.53641
2	2.75	14418	233	50	0
1	2.8	904749	657	227	3.43315
2	2.8	15728	246	50	0
1	2.85	939884	683	228	3.89621
2	2.85	16762	255	50	0
1	2.9	978048	711	228	3.78886
2	2.9	17828	264	50	0
1	2.95	1010082	734	233	3.68933
2	2.95	18895	273	50	0
1	3	1042183	758	235	3.59729
2	3	19860	281	50	0
1	3.05	1077761	791	98	4.00787
2	3.05	20876	289	50	0
1	3.1	1111377	816	98	3.90899
2	3.1	22461	302	50	0
1	3.15	1144940	840	105	3.81521
2	3.15	23593	311	50	0
1	3.2	1175576	864	112	3.72706
2	3.2	24725	320	50	0
1	3.25	1206140	887	113	4.09813
2	3.25	25907	330	50	0
1	3.3	1238223	911	120	4.00459
2	3.3	27094	340	50	0
1	3.35	1268785	934	119	3.91943
2	3.35	28281	350	50	0
1	3.4	1303967	961	112	3.83583
2	3.4	29334	359	50	0
1	3.45	1339088	987	110	4.17363
2	3.45	30650	370	50	0
1	3.5	1374267	1014	103	4.08575
2	3.5	31971	381	50	0
1	3.55	1407873	1039	102	4.00506
2	3.55	33292	392	50	0
1	3.6	1441530	1065	108	3.92727
2	3.6	34479	402	50	0
1	3.65	1476651	1091	106	4.23418
2	3.65	35800	413	50	0
1	3.7	1508797	1116	110	4.15596
2	3.7	36982	423	50	0
1	3.75	1540880	1140	112	4.08061
2	3.75	38358	435	50	0
1	3.8	1577574	1168	111	4.36992
2	3.8	39490	444	50	0
1	3.85	1614277	1196	105	4.29205
2	3.85	40866	456	50	0
1	3.9	1650975	1224	95	4.2164
2	3.9	42321	468	50	0
1	3.95	1687620	1251	97	4.14354
2	3.95	43637	479	50	0
1	4	1719757	1276	105	4.41005
2	4	44958	490	50	0
1	4.05	1750321	1299	113	4.3371
2	4.05	46145	500	50	0
1	4.1	1780885	1322	118	4.26733
2	4.1	47332	510	50	0
1	4.15	1812973	1346	129	4.1965
2	4.15	48514	520	50	0
1	4.2	1849667	1374	115	4.44734
2	4.2	49567	529	50	0
1	4.25	1886370	1402	108	4.37813
2	4.25	51022	541	50	0
1	4.3	1920030	1428	106	4.3109
2	4.3	52343	552	50	0
1	4.35	1953632	1453	105	4.24541
2	4.35	53664	563	50	0
1	4.4	1987293	1479	113	4.48209
2	4.4	54846	573	50	0
1	4.45	2022414	1505	111	4.4146
2	4.45	56167	584	50	0
1	4.5	2054555	1530	113	4.35316
2	4.5	57354	594	50	0
1	4.55	2088162	1555	110	4.29051
2	4.55	58675	605	50	0
1	4.6	2123337	1582	115	4.51186
2	4.6	59857	615	50	0
1	4.65	2158458	1608	111	4.44907
2	4.65	61178	626	50	0
1	4.7	2195161	1636	109	4.388
2	4.7	62554	638	50	0
1	4.75	2231859	1664	102	4.59924
2	4.75	63875	649	50	0
1	4.8	2266981	1690	101	4.53834
2	4.8	65330	661	50	0
1	4.85	2303679	1718	105	4.4763
2	4.85	66512	671	50	0
1	4.9	2334306	1742	109	4.42014
2	4.9	67833	682	50	0
1	4.95	2366389	1766	115	4.6191
2	4.95	69154	693	50	0
1	5	2400045	1792	117	4.55962
2	5	70341	703	50	0
1	5.05	2432070	1815	124	4.50442
2	5.05	71528	713	50	0
1	5.1	2464211	1840	124	4.44783
2	5.1	72710	723	50	0
1	5.15	2496299	1864	125	4.63665
2	5.15	73897	733	50	0
1	5.2	2531478	1891	121	4.58167
2	5.2	75084	743	50	0
1	5.25	2568177	1919	117	4.5261
2	5.25	76405	754	50	0
1	5.3	2598741	1942	116	4.47357
2	5.3	77721	765	50	0
1	5.35	2629305	1965	118	4.65468
2	5.35	78908	775	50	0
1	5.4	2662965	1991	126	4.60056
2	5.4	80095	785	50	0
1	5.45	2696563	2016	125	4.54787
2	5.45	81416	796	50	0
1	5.5	2730170	2041	121	4.49827
2	5.5	82598	806	50	0
1	5.55	2765349	2068	117	4.66996
2	5.55	83785	816	50	0
1	5.6	2802052	2096	113	4.6181
2	5.6	85106	827	50	0
1	5.65	2838746	2124	112	4.56755
2	5.65	86561	839	50	0
1	5.7	2870829	2148	115	4.51856
2	5.7	87882	850	50	0
1	5.75	2902975	2173	116	4.68322
2	5.75	89064	860	50	0
1	5.8	2935058	2197	126	4.63451
2	5.8	90251	870	50	0
1	5.85	2967137	2221	124	4.58678
2	5.85	91438	880	50	0
1	5.9	3002321	2248	125	4.53861
2	5.9	92625	890	50	0
1	5.95	3035923	2273	119	4.6978
2	5.95	93941	901	50	0
1	6	3072621	2301	115	4.65016
2	6	95262	912	50	0
1	6.05	3109320	2329	113	4.60358
2	6.05	96638	924	50	0
1	6.1	3141403	2353	118	4.55734
2	6.1	97959	935	50	0
1	6.15	3173544	2378	124	4.70784
2	6.15	99146	945	50	0
1	6.2	3205632	2402	128	4.66391
2	6.2	100328	955	50	0
1	6.25	3239231	2427	128	4.61886
2	6.25	101649	966	50	0
1	6.3	3274409	2454	124	4.57331
2	6.3	102836	976	50	0
1	6.35	3308074	2480	123	4.7194
2	6.35	104157	987	50	0
1	6.4	3338638	2503	126	4.6766
2	6.4	105473	998	50	0
1	6.45	3370721	2527	130	4.6323
2	6.45	106526	1007	50	0
1	6.5	3405838	2553	128	4.58979
2	6.5	107658	1016	50	0
1	6.55	3441022	2580	122	4.73013
2	6.55	109034	1028	50	0
1	6.6	3474682	2606	121	4.68791
2	6.6	110350	1039	50	0
1	6.65	3509803	2632	120	4.64458
2	6.65	111671	1050	50	0
1	6.7	3543464	2658	123	4.78149
2	6.7	112858	1060	50	0
1	6.75	3578643	2685	123	4.73873
2	6.75	114179	1071	50	0
1	6.8	3613769	2711	120	4.69875
2	6.8	115500	1082	50	0
1	6.85	3650467	2739	117	4.65784
2	6.85	116816	1093	50	0
1	6.9	3684065	2764	116	4.78936
2	6.9	118137	1104	50	0
1	6.95	3717730	2790	120	4.74885
2	6.95	119324	1114	50	0
1	7	3749813	2814	128	4.70884
2	7	120645	1125	50	0
1	7.05	3781954	2839	133	4.66936
2	7.05	121832	1135	50	0
1	7.1	3818595	2866	125	4.79598
2	7.1	123014	1145	50	0
1	7.15	3855293	2894	121	4.75671
2	7.15	124335	1156	50	0
1	7.2	3888958	2920	120	4.71865
2	7.2	125845	1169	50	0
1	7.25	3924137	2947	119	4.67935
2	7.25	127032	1179	50	0
1	7.3	3960778	2974	121	4.80179
2	7.3	128353	1190	50	0
1	7.35	3997476	3002	117	4.76359
2	7.35	129669	1201	50	0
1	7.4	4032660	3029	118	4.72743
2	7.4	130990	1212	50	0
1	7.45	4069300	3056	112	4.8466
2	7.45	132445	1224	50	0.157578
1	7.5	4102956	3082	120	4.80833
2	7.5	133766	1235	50	0.156339
1	7.55	4135044	3106	126	4.77226
2	7.55	134953	1245	50	0.155217
1	7.6	4167185	3131	133	4.73507
2	7.6	136135	1255	50	0.154051
1	7.65	4197749	3154	137	4.85172
2	7.65	137456	1266	50	0.152742
1	7.7	4234443	3182	135	4.81404
2	7.7	138509	1275	50	0.151726
1	7.75	4269569	3208	130	4.77885
2	7.75	139964	1287	50	0.150436
1	7.8	4303229	3234	123	4.74246
2	7.8	141146	1297	50	0.149431
1	7.85	4335312	3258	126	4.85529
2	7.85	142522	1309	50	0.148202
1	7.9	4368915	3283	132	4.81941
2	7.9	143654	1318	50	0.147178
1	7.95	4402575	3309	137	4.78403
2	7.95	144841	1328	50	0.146138
1	8	4436177	3334	132	4.75075
2	8	146162	1339	50	0.145016
1	8.05	4471361	3361	126	4.85938
2	8.05	147344	1349	50	0.14405
1	8.1	4505018	3387	129	4.8255
2	8.1	148720	1361	50	0.142968
1	8.15	4540138	3413	127	4.79052
2	8.15	150041	1372	50	0.141925
1	8.2	4573803	3439	125	4.7578
2	8.2	151362	1383	50	0.140896
1	8.25	4608982	3466	127	4.86308
2	8.25	152544	1393	50	0.139978
1	8.3	4641065	3490	128	4.82924
2	8.3	153865	1404	50	0.138986
1	8.35	4671630	3513	136	4.79737
2	8.35	155052	1414	50	0.138024
1	8.4	4705232	3538	141	4.7639
2	8.4	156239	1424	50	0.137109
1	8.45	4737373	3563	139	4.86759
2	8.45	157421	1434	50	0.136155
1	8.5	4769456	3587	140	4.83391
2	8.5	158742	1445	50	0.135209
1	8.55	4800016	3610	145	4.80219
2	8.55	159929	1455	50	0.134272
1	8.6	4832162	3635	147	4.77002
2	8.6	160927	1463	50	0.133479
1	8.65	4864245	3659	144	4.86993
2	8.65	162243	1474	50	0.132499
1	8.7	4897847	3684	140	4.83925
2	8.7	163430	1484	50	0.131618
1	8.75	4933027	3711	134	4.80768
2	8.75	164617	1494	50	0.130826
1	8.8	4966687	3737	134	4.77657
2	8.8	165938	1505	50	0.129972
1	8.85	5000289	3762	130	4.87405
2	8.85	167259	1516	50	0.129095
1	8.9	5033891	3787	135	4.84282
2	8.9	168441	1526	50	0.1283
1	8.95	5067553	3813	134	4.81192
2	8.95	169628	1536	50	0.127515
1	9	5102731	3840	136	4.78209
2	9	170949	1547	50	0.126664
1	9.05	5139376	3867	128	4.87646
2	9.05	172325	1559	50	0.125842
1	9.1	5173036	3893	130	4.84709
2	9.1	173641	1570	50	0.125069
1	9.15	5208154	3919	127	4.81679
2	9.15	174962	1581	50	0.124283
1	9.2	5238780	3943	134	4.78776
2	9.2	176149	1591	50	0.123573
1	9.25	5270863	3967	140	4.87957
2	9.25	177336	1601	50	0.1228
1	9.3	5301427	3990	143	4.85067
2	9.3	178518	1611	50	0.122026
1	9.35	5333568	4015	148	4.82067
2	9.35	179705	1621	50	0.121267
1	9.4	5365647	4039	153	4.79243
2	9.4	180837	1630	50	0.120552
1	9.45	5399254	4064	147	4.88236
2	9.45	182024	1640	50	0.119876
1	9.5	5429876	4088	145	4.85401
2	9.5	183340	1651	50	0.119081
1	9.55	5460440	4111	150	4.826
2	9.55	184527	1661	50	0.118389
1	9.6	5494038	4136	146	4.79758
2	9.6	185580	1670	50	0.11774
1	9.65	5527703	4162	148	4.88592
2	9.65	186901	1681	50	0.117013
1	9.7	5551782	4188	50	4.85757
2	9.7	188083	1691	50	0.116361
1	9.75	5551956	4191	50	4.83462
2	9.75	189539	1703	50	0.115697
1	9.8	5552479	4198	50	4.80355
2	9.8	190219	1708	50	0.114976
1	9.85	5552975	4204	50	4.77397
2	9.85	190850	1713	50	0.114507
1	9.9	5553405	4209	50	4.75473
2	9.9	190987	1714	50	0.114183
1	9.95	5553491	4210	50	4.74141
2	9.95	190987	1714	50	0.114183
1	10	5553491	4210	50	4.74141
2	10	190987	1714	50	0.114183
1	10.05	5553491	4210	50	4.74141
2	10.05	190987	1714	50	0.114183
1	10.1	5553491	4210	50	4.74141
2	10.1	190987	1714	50	0.114183
1	10.15	5553491	4210	50	4.74141
2	10.15	190987	1714	50	0.114183
1	10.2	5553491	4210	50	4.74141
2	10.2	190987	1714	50	0.114183
1	10.25	5553491	4210	50	4.74141
2	10.25	190987	1714	50	0.114183
1	10.3	5553491	4210	50	4.74141
2	10.3	190987	1714	50	0.114183
1	10.35	5553491	4210	50	4.74141
2	10.35	190987	1714	50	0.114183
1	10.4	5553491	4210	50	4.74141
2	10.4	190987	1714	50	0.114183
1	10.45	5553491	4210	50	4.74141
2	10.45	190987	1714	50	0.114183
1	10.5	5553491	4210	50	4.74141
2	10.5	190987	1714	50	0.114183
1	10.55	5553491	4210	50	4.74141
2	10.55	190987	1714	50	0.114183
1	10.6	5553491	4210	50	4.74141
2	10.6	190987	1714	50	0.114183
1	10.65	5553491	4210	50	4.74141
2	10.65	190987	1714	50	0.114183
1	10.7	5553491	4210	50	4.74141
2	10.7	190987	1714	50	0.114183
1	10.75	5553491	4210	50	4.74141
2	10.75	190987	1714	50	0.114183
1	10.8	5553491	4210	50	4.74141
2	10.8	190987	1714	50	0.114183
1	10.85	5553491	4210	50	4.74141
2	10.85	190987	1714	50	0.114183
1	10.9	5553491	4210	50	4.74141
2	10.9	190987	1714	50	0.114183
1	10.95	5553491	4210	50	4.74141
2	10.95	190987	1714	50	0.114183
1	11	5553491	4210	50	4.74141
2	11	190987	1714	50	0.114183
1	11.05	5553491	4210	50	4.74141
2	11.05	190987	1714	50	0.114183
1	11.1	5553491	4210	50	4.74141
2	11.1	190987	1714	50	0.114183
1	11.15	5553491	4210	50	4.74141
2	11.15	190987	1714	50	0.114183
1	11.2	5553491	4210	50	4.74141
2	11.2	190987	1714	50	0.114183
1	11.25	5553491	4210	50	4.74141
2	11.25	190987	1714	50	0.114183
1	11.3	5553491	4210	50	4.74141
2	11.3	190987	1714	50	0.114183
1	11.35	5553491	4210	50	4.74141
2	11.35	190987	1714	50	0.114183
1	11.4	5553491	4210	50	4.74141
2	11.4	190987	1714	50	0.114183
1	11.45	5553491	4210	50	4.74141
2	11.45	190987	1714	50	0.114183
1	11.5	5553491	4210	50	4.74141
2	11.5	190987	1714	50	0.114183
1	11.55	5553491	4210	50	4.74141
2	11.55	190987	1714	50	0.114183
1	11.6	5553491	4210	50	4.74141
2	11.6	190987	1714	50	0.114183
1	11.65	5553491	4210	50	4.74141
2	11.65	190987	1714	50	0.114183
1	11.7	5553491	4210	50	4.74141
2	11.7	190987	1714	50	0.114183
1	11.75	5553491	4210	50	4.74141
2	11.75	190987	1714	50	0.114183
1	11.8	5553491	4210	50	4.74141
2	11.8	190987	1714	50	0.114183
1	11.85	5553491	4210	50	4.74141
2	11.85	190987	1714	50	0.114183
1	11.9	5553491	4210	50	4.74141
2	11.9	190987	1714	50	0.114183
1	11.95	5553491	4210	50	4.74141
2	11.95	190987	1714	50	0.114183
1	12	5553491	4210	50	4.74141
2	12	190987	1714	50	0.114183
1	12.05	5553491	4210	50	4.74141
2	12.05	190987	1714	50	0.114183
1	12.1	5553491	4210	50	4.74141
2	12.1	190987	1714	50	0.114183
1	12.15	5553491	4210	50	4.74141
2	12.15	190987	1714	50	0.114183
1	12.2	5553491	4210	50	4.74141
2	12.2	190987	1714	50	0.114183
1	12.25	5553491	4210	50	4.74141
2	12.25	190987	1714	50	0.114183
1	12.3	5553491	4210	50	4.74141
2	12.3	190987	1714	50	0.114183
1	12.35	5553491	4210	50	4.74141
2	12.35	190987	1714	50	0.114183
1	12.4	5553491	4210	50	4.74141
2	12.4	190987	1714	50	0.114183
1	12.45	5553491	4210	50	4.74141
2	12.45	190987	1714	50	0.114183
1	12.5	5553491	4210	50	4.74141
2	12.5	190987	1714	50	0.114183
1	12.55	5553491	4210	50	4.74141
2	12.55	190987	1714	50	0.114183
1	12.6	5553491	4210	50	4.74141
2	12.6	190987	1714	50	0.114183
1	12.65	5553491	4210	50	4.74141
2	12.65	190987	1714	50	0.114183
1	12.7	5553491	4210	50	4.74141
2	12.7	190987	1714	50	0.114183
1	12.75	5553491	4210	50	4.74141
2	12.75	190987	1714	50	0.114183
1	12.8	5553491	4210	50	4.74141
2	12.8	190987	1714	50	0.114183
1	12.85	5553491	4210	50	4.74141
2	12.85	190987	1714	50	0.114183
1	12.9	5553491	4210	50	4.74141
2	12.9	190987	1714	50	0.114183
1	12.95	5553491	4210	50	4.74141
2	12.95	190987	1714	50	0.114183
1	13	5553491	4210	50	4.74141
2	13	190987	1714	50	0.114183
1	13.05	5553491	4210	50	4.74141
2	13.05	190987	1714	50	0.114183
1	13.1	5553491	4210	50	4.74141
2	13.1	190987	1714	50	0.114183
1	13.15	5553491	4210	50	4.74141
2	13.15	190987	1714	50	0.114183
1	13.2	5553491	4210	50	4.74141
2	13.2	190987	1714	50	0.114183
1	13.25	5553491	4210	50	4.74141
2	13.25	190987	1714	50	0.114183
1	13.3	5553491	4210	50	4.74141
2	13.3	190987	1714	50	0.114183
1	13.35	5553491	4210	50	4.74141
2	13.35	190987	1714	50	0.114183
1	13.4	5553491	4210	50	4.74141
2	13.4	190987	1714	50	0.114183
1	13.45	5553491	4210	50	4.74141
2	13.45	190987	1714	50	0.114183
1	13.5	5553491	4210	50	4.74141
2	13.5	190987	1714	50	0.114183
1	13.55	5553491	4210	50	4.74141
2	13.55	190987	1714	50	0.114183
1	13.6	5553491	4210	50	4.74141
2	13.6	190987	1714	50	0.114183
1	13.65	5553491	4210	50	4.74141
2	13.65	190987	1714	50	0.114183
1	13.7	5553491	4210	50	4.74141
2	13.7	190987	1714	50	0.114183
1	13.75	5553491	4210	50	4.74141
2	13.75	190987	1714	50	0.114183
1	13.8	5553491	4210	50	4.74141
2	13.8	190987	1714	50	0.114183
1	13.85	5553491	4210	50	4.74141
2	13.85	190987	1714	50	0.114183
1	13.9	5553491	4210	50	4.74141
2	13.9	190987	1714	50	0.114183
1	13.95	5553491	4210	50	4.74141
2	13.95	190987	1714	50	0.114183
1	14	5553491	4210	50	4.74141
2	14	190987	1714	50	0.114183
1	14.05	5553491	4210	50	4.74141
2	14.05	190987	1714	50	0.114183
1	14.1	5553491	4210	50	4.74141
2	14.1	190987	1714	50	0.114183
1	14.15	5553491	4210	50	4.74141
2	14.15	190987	1714	50	0.114183
1	14.2	5553491	4210	50	4.74141
2	14.2	190987	1714	50	0.114183
1	14.25	5553491	4210	50	4.74141
2	14.25	190987	1714	50	0.114183
1	14.3	5553491	4210	50	4.74141
2	14.3	190987	1714	50	0.114183
1	14.35	5553491	4210	50	4.74141
2	14.35	190987	1714	50	0.114183
1	14.4	5553491	4210	50	4.74141
2	14.4	190987	1714	50	0.114183
1	14.45	5553491	4210	50	4.74141
2	14.45	190987	1714	50	0.114183
1	14.5	5553491	4210	50	4.74141
2	14.5	190987	1714	50	0.114183
1	14.55	5553491	4210	50	4.74141
2	14.55	190987	1714	50	0.114183
1	14.6	5553491	4210	50	4.74141
2	14.6	190987	1714	50	0.114183
1	14.65	5553491	4210	50	4.74141
2	14.65	190987	1714	50	0.114183
1	14.7	5553491	4210	50	4.74141
2	14.7	190987	1714	50	0.114183
1	14.75	5553491	4210	50	4.74141
2	14.75	190987	1714	50	0.114183
1	14.8	5553491	4210	50	4.74141
2	14.8	190987	1714	50	0.114183
1	14.85	5553491	4210	50	4.74141
2	14.85	190987	1714	50	0.114183
1	14.9	5553491	4210	50	4.74141
2	14.9	190987	1714	50	0.114183
1	14.95	5553491	4210	50	4.74141
2	14.95	190987	1714	50	0.114183
1	15	5553491	4210	50	4.74141
2	15	190987	1714	50	0.114183
1	15.05	5553491	4210	50	4.74141
2	15.05	190987	1714	50	0.114183
1	15.1	5553491	4210	50	4.74141
2	15.1	190987	1714	50	0.114183
1	15.15	5553491	4210	50	4.74141
2	15.15	190987	1714	50	0.114183
1	15.2	5553491	4210	50	4.74141
2	15.2	190987	1714	50	0.114183
1	15.25	5553491	4210	50	4.74141
2	15.25	190987	1714	50	0.114183
1	15.3	5553491	4210	50	4.74141
2	15.3	190987	1714	50	0.114183
1	15.35	5553491	4210	50	4.74141
2	15.35	190987	1714	50	0.114183
1	15.4	5553491	4210	50	4.74141
2	15.4	190987	1714	50	0.114183
1	15.45	5553491	4210	50	4.74141
2	15.45	190987	1714	50	0.114183
1	15.5	5553491	4210	50	4.74141
2	15.5	190987	1714	50	0.114183
1	15.55	5553491	4210	50	4.74141
2	15.55	190987	1714	50	0.114183
1	15.6	5553491	4210	50	4.74141
2	15.6	190987	1714	50	0.114183
1	15.65	5553491	4210	50	4.74141
2	15.65	190987	1714	50	0.114183
1	15.7	5553491	4210	50	4.74141
2	15.7	190987	1714	50	0.114183
1	15.75	5553491	4210	50	4.74141
2	15.75	190987	1714	50	0.114183
1	15.8	5553491	4210	50	4.74141
2	15.8	190987	1714	50	0.114183
1	15.85	5553491	4210	50	4.74141
2	15.85	190987	1714	50	0.114183
1	15.9	5553491	4210	50	4.74141
2	15.9	190987	1714	50	0.114183
1	15.95	5553491	4210	50	4.74141
2	15.95	190987	1714	50	0.114183
1	16	5553491	4210	50	4.74141
2	16	190987	1714	50	0.114183
1	16.05	5553491	4210	50	4.74141
2	16.05	190987	1714	50	0.114183
1	16.1	5553491	4210	50	4.74141
2	16.1	190987	1714	50	0.114183
1	16.15	5553491	4210	50	4.74141
2	16.15	190987	1714	50	0.114183
1	16.2	5553491	4210	50	4.74141
2	16.2	190987	1714	50	0.114183
1	16.25	5553491	4210	50	4.74141
2	16.25	190987	1714	50	0.114183
1	16.3	5553491	4210	50	4.74141
2	16.3	190987	1714	50	0.114183
1	16.35	5553491	4210	50	4.74141
2	16.35	190987	1714	50	0.114183
1	16.4	5553491	4210	50	4.74141
2	16.4	190987	1714	50	0.114183
1	16.45	5553491	4210	50	4.74141
2	16.45	190987	1714	50	0.114183
1	16.5	5553491	4210	50	4.74141
2	16.5	190987	1714	50	0.114183
1	16.55	5553491	4210	50	4.74141
2	16.55	190987	1714	50	0.114183
1	16.6	5553491	4210	50	4.74141
2	16.6	190987	1714	50	0.114183
1	16.65	5553491	4210	50	4.74141
2	16.65	190987	1714	50	0.114183
1	16.7	5553491	4210	50	4.74141
2	16.7	190987	1714	50	0.114183
1	16.75	5553491	4210	50	4.74141
2	16.75	190987	1714	50	0.114183
1	16.8	5553491	4210	50	4.74141
2	16.8	190987	1714	50	0.114183
1	16.85	5553491	4210	50	4.74141
2	16.85	190987	1714	50	0.114183
1	16.9	5553491	4210	50	4.74141
2	16.9	190987	1714	50	0.114183
1	16.95	5553491	4210	50	4.74141
2	16.95	190987	1714	50	0.114183
1	17	5553491	4210	50	4.74141
2	17	190987	1714	50	0.114183
1	17.05	5553491	4210	50	4.74141
2	17.05	190987	1714	50	0.114183
1	17.1	5553491	4210	50	4.74141
2	17.1	190987	1714	50	0.114183
1	17.15	5553491	4210	50	4.74141
2	17.15	190987	1714	50	0.114183
1	17.2	5553491	4210	50	4.74141
2	17.2	190987	1714	50	0.114183
1	17.25	5553491	4210	50	4.74141
2	17.25	190987	1714	50	0.114183
1	17.3	5553491	4210	50	4.74141
2	17.3	190987	1714	50	0.114183
1	17.35	5553491	4210	50	4.74141
2	17.35	190987	1714	50	0.114183
1	17.4	5553491	4210	50	4.74141
2	17.4	190987	1714	50	0.114183
1	17.45	5553491	4210	50	4.74141
2	17.45	190987	1714	50	0.114183
1	17.5	5553491	4210	50	4.74141
2	17.5	190987	1714	50	0.114183
1	17.55	5553491	4210	50	4.74141
2	17.55	190987	1714	50	0.114183
1	17.6	5553491	4210	50	4.74141
2	17.6	190987	1714	50	0.114183
1	17.65	5553491	4210	50	4.74141
2	17.65	190987	1714	50	0.114183
1	17.7	5553491	4210	50	4.74141
2	17.7	190987	1714	50	0.114183
1	17.75	5553491	4210	50	4.74141
2	17.75	190987	1714	50	0.114183
1	17.8	5553491	4210	50	4.74141
2	17.8	190987	1714	50	0.114183
1	17.85	5553491	4210	50	4.74141
2	17.85	190987	1714	50	0.114183
1	17.9	5553491	4210	50	4.74141
2	17.9	190987	1714	50	0.114183
1	17.95	5553491	4210	50	4.74141
2	17.95	190987	1714	50	0.114183
1	18	5553491	4210	50	4.74141
2	18	190987	1714	50	0.114183
1	18.05	5553491	4210	50	4.74141
2	18.05	190987	1714	50	0.114183
1	18.1	5553491	4210	50	4.74141
2	18.1	190987	1714	50	0.114183
1	18.15	5553491	4210	50	4.74141
2	18.15	190987	1714	50	0.114183
1	18.2	5553491	4210	50	4.74141
2	18.2	190987	1714	50	0.114183
1	18.25	5553491	4210	50	4.74141
2	18.25	190987	1714	50	0.114183
1	18.3	5553491	4210	50	4.74141
2	18.3	190987	1714	50	0.114183
1	18.35	5553491	4210	50	4.74141
2	18.35	190987	1714	50	0.114183
1	18.4	5553491	4210	50	4.74141
2	18.4	190987	1714	50	0.114183
1	18.45	5553491	4210	50	4.74141
2	18.45	190987	1714	50	0.114183
1	18.5	5553491	4210	50	4.74141
2	18.5	190987	1714	50	0.114183
1	18.55	5553491	4210	50	4.74141
2	18.55	190987	1714	50	0.114183
1	18.6	5553491	4210	50	4.74141
2	18.6	190987	1714	50	0.114183
1	18.65	5553491	4210	50	4.74141
2	18.65	190987	1714	50	0.114183
1	18.7	5553491	4210	50	4.74141
2	18.7	190987	1714	50	0.114183
1	18.75	5553491	4210	50	4.74141
2	18.75	190987	1714	50	0.114183
1	18.8	5553491	4210	50	4.74141
2	18.8	190987	1714	50	0.114183
1	18.85	5553491	4210	50	4.74141
2	18.85	190987	1714	50	0.114183
1	18.9	5553491	4210	50	4.74141
2	18.9	190987	1714	50	0.114183
1	18.95	5553491	4210	50	4.74141
2	18.95	190987	1714	50	0.114183
1	19	5553491	4210	50	4.74141
2	19	190987	1714	50	0.114183
1	19.05	5553491	4210	50	4.74141
2	19.05	190987	1714	50	0.114183
1	19.1	5553491	4210	50	4.74141
2	19.1	190987	1714	50	0.114183
1	19.15	5553491	4210	50	4.74141
2	19.15	190987	1714	50	0.114183
1	19.2	5553491	4210	50	4.74141
2	19.2	190987	1714	50	0.114183
1	19.25	5553491	4210	50	4.74141
2	19.25	190987	1714	50	0.114183
1	19.3	5553491	4210	50	4.74141
2	19.3	190987	1714	50	0.114183
1	19.35	5553491	4210	50	4.74141
2	19.35	190987	1714	50	0.114183
1	19.4	5553491	4210	50	4.74141
2	19.4	190987	1714	50	0.114183
1	19.45	5553491	4210	50	4.74141
2	19.45	190987	1714	50	0.114183
1	19.5	5553491	4210	50	4.74141
2	19.5	190987	1714	50	0.114183
1	19.55	5553491	4210	50	4.74141
2	19.55	190987	1714	50	0.114183
1	19.6	5553491	4210	50	4.74141
2	19.6	190987	1714	50	0.114183
1	19.65	5553491	4210	50	4.74141
2	19.65	190987	1714	50	0.114183
1	19.7	5553491	4210	50	4.74141
2	19.7	190987	1714	50	0.114183
1	19.75	5553491	4210	50	4.74141
2	19.75	190987	1714	50	0.114183
1	19.8	5553491	4210	50	4.74141
2	19.8	190987	1714	50	0.114183
1	19.85	5553491	4210	50	4.74141
2	19.85	190987	1714	50	0.114183
1	19.9	5553491	4210	50	4.74141
2	19.9	190987	1714	50	0.114183
1	19.95	5553491	4210	50	4.74141
2	19.95	190987	1714	50	0.114183
1	20	5553491	4210	50	4.74141
2	20	190987	1714	50	0.114183
1	20.05	5553491	4210	50	4.74141
2	20.05	190987	1714	50	0.114183
1	20.1	5553491	4210	50	4.74141
2	20.1	190987	1714	50	0.114183
1	20.15	5553491	4210	50	4.74141
2	20.15	190987	1714	50	0.114183
1	20.2	5553491	4210	50	4.74141
2	20.2	190987	1714	50	0.114183
1	20.25	5553491	4210	50	4.74141
2	20.25	190987	1714	50	0.114183
1	20.3	5553491	4210	50	4.74141
2	20.3	190987	1714	50	0.114183
1	20.35	5553491	4210	50	4.74141
2	20.35	190987	1714	50	0.114183
1	20.4	5553491	4210	50	4.74141
2	20.4	190987	1714	50	0.114183
1	20.45	5553491	4210	50	4.74141
2	20.45	190987	1714	50	0.114183
1	20.5	5553491	4210	50	4.74141
2	20.5	190987	1714	50	0.114183
1	20.55	5553491	4210	50	4.74141
2	20.55	190987	1714	50	0.114183
1	20.6	5553491	4210	50	4.74141
2	20.6	190987	1714	50	0.114183
1	20.65	5553491	4210	50	4.74141
2	20.65	190987	1714	50	0.114183
1	20.7	5553491	4210	50	4.74141
2	20.7	190987	1714	50	0.114183
1	20.75	5553491	4210	50	4.74141
2	20.75	190987	1714	50	0.114183
1	20.8	5553491	4210	50	4.74141
2	20.8	190987	1714	50	0.114183
1	20.85	5553491	4210	50	4.74141
2	20.85	190987	1714	50	0.114183
1	20.9	5553491	4210	50	4.74141
2	20.9	190987	1714	50	0.114183
1	20.95	5553491	4210	50	4.74141
2	20.95	190987	1714	50	0.114183
1	21	5553491	4210	50	4.74141
2	21	190987	1714	50	0.114183
1	21.05	5553491	4210	50	4.74141
2	21.05	190987	1714	50	0.114183
1	21.1	5553491	4210	50	4.74141
2	21.1	190987	1714	50	0.114183
1	21.15	5553491	4210	50	4.74141
2	21.15	190987	1714	50	0.114183
1	21.2	5553491	4210	50	4.74141
2	21.2	190987	1714	50	0.114183
1	21.25	5553491	4210	50	4.74141
2	21.25	190987	1714	50	0.114183
1	21.3	5553491	4210	50	4.74141
2	21.3	190987	1714	50	0.114183
1	21.35	5553491	4210	50	4.74141
2	21.35	190987	1714	50	0.114183
1	21.4	5553491	4210	50	4.74141
2	21.4	190987	1714	50	0.114183
1	21.45	5553491	4210	50	4.74141
2	21.45	190987	1714	50	0.114183
1	21.5	5553491	4210	50	4.74141
2	21.5	190987	1714	50	0.114183
1	21.55	5553491	4210	50	4.74141
2	21.55	190987	1714	50	0.114183
1	21.6	5553491	4210	50	4.74141
2	21.6	190987	1714	50	0.114183
1	21.65	5553491	4210	50	4.74141
2	21.65	190987	1714	50	0.114183
1	21.7	5553491	4210	50	4.74141
2	21.7	190987	1714	50	0.114183
1	21.75	5553491	4210	50	4.74141
2	21.75	190987	1714	50	0.114183
1	21.8	5553491	4210	50	4.74141
2	21.8	190987	1714	50	0.114183
1	21.85	5553491	4210	50	4.74141
2	21.85	190987	1714	50	0.114183
1	21.9	5553491	4210	50	4.74141
2	21.9	190987	1714	50	0.114183
1	21.95	5553491	4210	50	4.74141
2	21.95	190987	1714	50	0.114183
1	22	5553491	4210	50	4.74141
2	22	190987	1714	50	0.114183
1	22.05	5553491	4210	50	4.74141
2	22.05	190987	1714	50	0.114183
1	22.1	5553491	4210	50	4.74141
2	22.1	190987	1714	50	0.114183
1	22.15	5553491	4210	50	4.74141
2	22.15	190987	1714	50	0.114183
1	22.2	5553491	4210	50	4.74141
2	22.2	190987	1714	50	0.114183
1	22.25	5553491	4210	50	4.74141
2	22.25	190987	1714	50	0.114183
1	22.3	5553491	4210	50	4.74141
2	22.3	190987	1714	50	0.114183
1	22.35	5553491	4210	50	4.74141
2	22.35	190987	1714	50	0.114183
1	22.4	5553491	4210	50	4.74141
2	22.4	190987	1714	50	0.114183
1	22.45	5553491	4210	50	4.74141
2	22.45	190987	1714	50	0.114183
1	22.5	5553491	4210	50	4.74141
2	22.5	190987	1714	50	0.114183
1	22.55	5553491	4210	50	4.74141
2	22.55	190987	1714	50	0.114183
1	22.6	5553491	4210	50	4.74141
2	22.6	190987	1714	50	0.114183
1	22.65	5553491	4210	50	4.74141
2	22.65	190987	1714	50	0.114183
1	22.7	5553491	4210	50	4.74141
2	22.7	190987	1714	50	0.114183
1	22.75	5553491	4210	50	4.74141
2	22.75	190987	1714	50	0.114183
1	22.8	5553491	4210	50	4.74141
2	22.8	190987	1714	50	0.114183
1	22.85	5553491	4210	50	4.74141
2	22.85	190987	1714	50	0.114183
1	22.9	5553491	4210	50	4.74141
2	22.9	190987	1714	50	0.114183
1	22.95	5553491	4210	50	4.74141
2	22.95	190987	1714	50	0.114183
1	23	5553491	4210	50	4.74141
2	23	190987	1714	50	0.114183
1	23.05	5553491	4210	50	4.74141
2	23.05	190987	1714	50	0.114183
1	23.1	5553491	4210	50	4.74141
2	23.1	190987	1714	50	0.114183
1	23.15	5553491	4210	50	4.74141
2	23.15	190987	1714	50	0.114183
1	23.2	5553491	4210	50	4.74141
2	23.2	190987	1714	50	0.114183
1	23.25	5553491	4210	50	4.74141
2	23.25	190987	1714	50	0.114183
1	23.3	5553491	4210	50	4.74141
2	23.3	190987	1714	50	0.114183
1	23.35	5553491	4210	50	4.74141
2	23.35	190987	1714	50	0.114183
1	23.4	5553491	4210	50	4.74141
2	23.4	190987	1714	50	0.114183
1	23.45	5553491	4210	50	4.74141
2	23.45	190987	1714	50	0.114183
1	23.5	5553491	4210	50	4.74141
2	23.5	190987	1714	50	0.114183
1	23.55	5553491	4210	50	4.74141
2	23.55	190987	1714	50	0.114183
1	23.6	5553491	4210	50	4.74141
2	23.6	190987	1714	50	0.114183
1	23.65	5553491	4210	50	4.74141
2	23.65	190987	1714	50	0.114183
1	23.7	5553491	4210	50	4.74141
2	23.7	190987	1714	50	0.114183
1	23.75	5553491	4210	50	4.74141
2	23.75	190987	1714	50	0.114183
1	23.8	5553491	4210	50	4.74141
2	23.8	190987	1714	50	0.114183
1	23.85	5553491	4210	50	4.74141
2	23.85	190987	1714	50	0.114183
1	23.9	5553491	4210	50	4.74141
2	23.9	190987	1714	50	0.114183
1	23.95	5553491	4210	50	4.74141
2	23.95	190987	1714	50	0.114183
1	24	5553491	4210	50	4.74141
2	24	190987	1714	50	0.114183
1	24.05	5553491	4210	50	4.74141
2	24.05	190987	1714	50	0.114183
1	24.1	5553491	4210	50	4.74141
2	24.1	190987	1714	50	0.114183
1	24.15	5553491	4210	50	4.74141
2	24.15	190987	1714	50	0.114183
1	24.2	5553491	4210	50	4.74141
2	24.2	190987	1714	50	0.114183
1	24.25	5553491	4210	50	4.74141
2	24.25	190987	1714	50	0.114183
1	24.3	5553491	4210	50	4.74141
2	24.3	190987	1714	50	0.114183
1	24.35	5553491	4210	50	4.74141
2	24.35	190987	1714	50	0.114183
1	24.4	5553491	4210	50	4.74141
2	24.4	190987	1714	50	0.114183
1	24.45	5553491	4210	50	4.74141
2	24.45	190987	1714	50	0.114183
1	24.5	5553491	4210	50	4.74141
2	24.5	190987	1714	50	0.114183
1	24.55	5553491	4210	50	4.74141
2	24.55	190987	1714	50	0.114183
1	24.6	5553491	4210	50	4.74141
2	24.6	190987	1714	50	0.114183
1	24.65	5553491	4210	50	4.74141
2	24.65	190987	1714	50	0.114183
1	24.7	5553491	4210	50	4.74141
2	24.7	190987	1714	50	0.114183
1	24.75	5553491	4210	50	4.74141
2	24.75	190987	1714	50	0.114183
1	24.8	5553491	4210	50	4.74141
2	24.8	190987	1714	50	0.114183
1	24.85	5553491	4210	50	4.74141
2	24.85	190987	1714	50	0.114183
1	24.9	5553491	4210	50	4.74141
2	24.9	190987	1714	50	0.114183
1	24.95	5553491	4210	50	4.74141
2	24.95	190987	1714	50	0.114183
1	25	5553491	4210	50	4.74141
2	25	190987	1714	50	0.114183
1	25.05	5553491	4210	50	4.74141
2	25.05	190987	1714	50	0.114183
1	25.1	5553491	4210	50	4.74141
2	25.1	190987	1714	50	0.114183
1	25.15	5553491	4210	50	4.74141
2	25.15	190987	1714	50	0.114183
1	25.2	5553491	4210	50	4.74141
2	25.2	190987	1714	50	0.114183
1	25.25	5553491	4210	50	4.74141
2	25.25	190987	1714	50	0.114183
1	25.3	5553491	4210	50	4.74141
2	25.3	190987	1714	50	0.114183
1	25.35	5553491	4210	50	4.74141
2	25.35	190987	1714	50	0.114183
1	25.4	5553491	4210	50	4.74141
2	25.4	190987	1714	50	0.114183
1	25.45	5553491	4210	50	4.74141
2	25.45	190987	1714	50	0.114183
1	25.5	5553491	4210	50	4.74141
2	25.5	190987	1714	50	0.114183
1	25.55	5553491	4210	50	4.74141
2	25.55	190987	1714	50	0.114183
1	25.6	5553491	4210	50	4.74141
2	25.6	190987	1714	50	0.114183
1	25.65	5553491	4210	50	4.74141
2	25.65	190987	1714	50	0.114183
1	25.7	5553491	4210	50	4.74141
2	25.7	190987	1714	50	0.114183
1	25.75	5553491	4210	50	4.74141
2	25.75	190987	1714	50	0.114183
1	25.8	5553491	4210	50	4.74141
2	25.8	190987	1714	50	0.114183
1	25.85	5553491	4210	50	4.74141
2	25.85	190987	1714	50	0.114183
1	25.9	5553491	4210	50	4.74141
2	25.9	190987	1714	50	0.114183
1	25.95	5553491	4210	50	4.74141
2	25.95	190987	1714	50	0.114183
1	26	5553491	4210	50	4.74141
2	26	190987	1714	50	0.114183
1	26.05	5553491	4210	50	4.74141
2	26.05	190987	1714	50	0.114183
1	26.1	5553491	4210	50	4.74141
2	26.1	190987	1714	50	0.114183
1	26.15	5553491	4210	50	4.74141
2	26.15	190987	1714	50	0.114183
1	26.2	5553491	4210	50	4.74141
2	26.2	190987	1714	50	0.114183
1	26.25	5553491	4210	50	4.74141
2	26.25	190987	1714	50	0.114183
1	26.3	5553491	4210	50	4.74141
2	26.3	190987	1714	50	0.114183
1	26.35	5553491	4210	50	4.74141
2	26.35	190987	1714	50	0.114183
1	26.4	5553491	4210	50	4.74141
2	26.4	190987	1714	50	0.114183
1	26.45	5553491	4210	50	4.74141
2	26.45	190987	1714	50	0.114183
1	26.5	5553491	4210	50	4.74141
2	26.5	190987	1714	50	0.114183
1	26.55	5553491	4210	50	4.74141
2	26.55	190987	1714	50	0.114183
1	26.6	5553491	4210	50	4.74141
2	26.6	190987	1714	50	0.114183
1	26.65	5553491	4210	50	4.74141
2	26.65	190987	1714	50	0.114183
1	26.7	5553491	4210	50	4.74141
2	26.7	190987	1714	50	0.114183
1	26.75	5553491	4210	50	4.74141
2	26.75	190987	1714	50	0.114183
1	26.8	5553491	4210	50	4.74141
2	26.8	190987	1714	50	0.114183
1	26.85	5553491	4210	50	4.74141
2	26.85	190987	1714	50	0.114183
1	26.9	5553491	4210	50	4.74141
2	26.9	190987	1714	50	0.114183
1	26.95	5553491	4210	50	4.74141
2	26.95	190987	1714	50	0.114183
1	27	5553491	4210	50	4.74141
2	27	190987	1714	50	0.114183
1	27.05	5553491	4210	50	4.74141
2	27.05	190987	1714	50	0.114183
1	27.1	5553491	4210	50	4.74141
2	27.1	190987	1714	50	0.114183
1	27.15	5553491	4210	50	4.74141
2	27.15	190987	1714	50	0.114183
1	27.2	5553491	4210	50	4.74141
2	27.2	190987	1714	50	0.114183
1	27.25	5553491	4210	50	4.74141
2	27.25	190987	1714	50	0.114183
1	27.3	5553491	4210	50	4.74141
2	27.3	190987	1714	50	0.114183
1	27.35	5553491	4210	50	4.74141
2	27.35	190987	1714	50	0.114183
1	27.4	5553491	4210	50	4.74141
2	27.4	190987	1714	50	0.114183
1	27.45	5553491	4210	50	4.74141
2	27.45	190987	1714	50	0.114183
1	27.5	5553491	4210	50	4.74141
2	27.5	190987	1714	50	0.114183
1	27.55	5553491	4210	50	4.74141
2	27.55	190987	1714	50	0.114183
1	27.6	5553491	4210	50	4.74141
2	27.6	190987	1714	50	0.114183
1	27.65	5553491	4210	50	4.74141
2	27.65	190987	1714	50	0.114183
1	27.7	5553491	4210	50	4.74141
2	27.7	190987	1714	50	0.114183
1	27.75	5553491	4210	50	4.74141
2	27.75	190987	1714	50	0.114183
1	27.8	5553491	4210	50	4.74141
2	27.8	190987	1714	50	0.114183
1	27.85	5553491	4210	50	4.74141
2	27.85	190987	1714	50	0.114183
1	27.9	5553491	4210	50	4.74141
2	27.9	190987	1714	50	0.114183
1	27.95	5553491	4210	50	4.74141
2	27.95	190987	1714	50	0.114183
1	28	5553491	4210	50	4.74141
2	28	190987	1714	50	0.114183
1	28.05	5553491	4210	50	4.74141
2	28.05	190987	1714	50	0.114183
1	28.1	5553491	4210	50	4.74141
2	28.1	190987	1714	50	0.114183
1	28.15	5553491	4210	50	4.74141
2	28.15	190987	1714	50	0.114183
1	28.2	5553491	4210	50	4.74141
2	28.2	190987	1714	50	0.114183
1	28.25	5553491	4210	50	4.74141
2	28.25	190987	1714	50	0.114183
1	28.3	5553491	4210	50	4.74141
2	28.3	190987	1714	50	0.114183
1	28.35	5553491	4210	50	4.74141
2	28.35	190987	1714	50	0.114183
1	28.4	5553491	4210	50	4.74141
2	28.4	190987	1714	50	0.114183
1	28.45	5553491	4210	50	4.74141
2	28.45	190987	1714	50	0.114183
1	28.5	5553491	4210	50	4.74141
2	28.5	190987	1714	50	0.114183
1	28.55	5553491	4210	50	4.74141
2	28.55	190987	1714	50	0.114183
1	28.6	5553491	4210	50	4.74141
2	28.6	190987	1714	50	0.114183
1	28.65	5553491	4210	50	4.74141
2	28.65	190987	1714	50	0.114183
1	28.7	5553491	4210	50	4.74141
2	28.7	190987	1714	50	0.114183
1	28.75	5553491	4210	50	4.74141
2	28.75	190987	1714	50	0.114183
1	28.8	5553491	4210	50	4.74141
2	28.8	190987	1714	50	0.114183
1	28.85	5553491	4210	50	4.74141
2	28.85	190987	1714	50	0.114183
1	28.9	5553491	4210	50	4.74141
2	28.9	190987	1714	50	0.114183
1	28.95	5553491	4210	50	4.74141
2	28.95	190987	1714	50	0.114183
1	29	5553491	4210	50	4.74141
2	29	190987	1714	50	0.114183
1	29.05	5553491	4210	50	4.74141
2	29.05	190987	1714	50	0.114183
1	29.1	5553491	4210	50	4.74141
2	29.1	190987	1714	50	0.114183
1	29.15	5553491	4210	50	4.74141
2	29.15	190987	1714	50	0.114183
1	29.2	5553491	4210	50	4.74141
2	29.2	190987	1714	50	0.114183
1	29.25	5553491	4210	50	4.74141
2	29.25	190987	1714	50	0.114183
1	29.3	5553491	4210	50	4.74141
2	29.3	190987	1714	50	0.114183
1	29.35	5553491	4210	50	4.74141
2	29.35	190987	1714	50	0.114183
1	29.4	5553491	4210	50	4.74141
2	29.4	190987	1714	50	0.114183
1	29.45	5553491	4210	50	4.74141
2	29.45	190987	1714	50	0.114183
1	29.5	5553491	4210	50	4.74141
2	29.5	190987	1714	50	0.114183
1	29.55	5553491	4210	50	4.74141
2	29.55	190987	1714	50	0.114183
1	29.6	5553491	4210	50	4.74141
2	29.6	190987	1714	50	0.114183
1	29.65	5553491	4210	50	4.74141
2	29.65	190987	1714	50	0.114183
1	29.7	5553491	4210	50	4.74141
2	29.7	190987	1714	50	0.114183
1	29.75	5553491	4210	50	4.74141
2	29.75	190987	1714	50	0.114183
1	29.8	5553491	4210	50	4.74141
2	29.8	190987	1714	50	0.114183
1	29.85	5553491	4210	50	4.74141
2	29.85	190987	1714	50	0.114183
1	29.9	5553491	4210	50	4.74141
2	29.9	190987	1714	50	0.114183
1	29.95	5553491	4210	50	4.74141
2	29.95	190987	1714	50	0.114183
