1	1.05	0	0	0	-nan
1	1.1	1260	1	52	-nan
2	1.1	0	0	0	-nan
1	1.15	1260	1	52	-nan
2	1.15	129	2	50	0
1	1.2	9838	7	52	0
2	1.2	129	2	50	0
1	1.25	9838	7	52	0
2	1.25	408	7	50	0
1	1.3	22026	16	54	0
2	1.3	408	7	50	0
1	1.35	22082	17	50	0
2	1.35	739	13	50	0
1	1.4	38775	28	69	0
2	1.4	797	14	50	0
1	1.45	46465	35	60	0
2	1.45	1021	18	50	0
1	1.5	60184	45	62	0
2	1.5	1242	22	50	0
1	1.55	95233	71	62	0
2	1.55	1517	27	50	0
1	1.6	105845	78	59	0
2	1.6	2131	38	50	0
1	1.65	140833	103	83	1.67338
2	1.65	2422	43	50	0
1	1.7	175822	128	108	1.54801
2	1.7	2986	53	50	0
1	1.75	212382	155	94	1.43579
2	1.75	3612	64	50	0
1	1.8	242767	176	126	1.34139
2	1.8	4238	75	50	0
1	1.85	274723	199	154	2.50804
2	1.85	4750	84	50	0
1	1.9	305159	221	180	2.35923
2	1.9	5257	93	50	0
1	1.95	340092	245	207	2.22947
2	1.95	5784	102	50	0
1	2	372095	268	233	2.11246
2	2	6277	110	50	0
1	2.05	404062	290	262	3.00906
2	2.05	6704	117	50	0
1	2.1	436078	313	284	2.8684
2	2.1	7197	125	50	0
1	2.15	474179	340	302	2.73265
2	2.15	7633	132	50	0
1	2.2	506204	363	331	2.61673
2	2.2	8243	141	50	0
1	2.25	539753	387	354	3.34007
2	2.25	8795	149	50	0
1	2.3	573235	410	380	3.20584
2	2.3	9352	157	50	0
1	2.35	605883	443	169	3.08429
2	2.35	9909	165	50	0
1	2.4	639485	468	171	2.96887
2	2.4	10781	178	50	0
1	2.45	671510	491	173	3.58186
2	2.45	11441	188	50	0
1	2.5	705110	516	173	3.45608
2	2.5	12106	198	50	0
1	2.55	738715	541	174	3.33987
2	2.55	12721	207	50	0
1	2.6	773952	569	169	3.23405
2	2.6	13310	215	50	0
1	2.65	810655	597	164	3.7573
2	2.65	14045	225	50	0
1	2.7	844256	622	164	3.6428
2	2.7	14702	234	50	0
1	2.75	876698	652	61	3.53804
2	2.75	15291	242	50	0
1	2.8	913338	679	58	3.43505
2	2.8	16134	254	50	0
1	2.85	948522	706	56	3.89435
2	2.85	16913	265	50	0
1	2.9	979086	729	58	3.79104
2	2.9	17694	276	50	0
1	2.95	1011223	754	64	3.69012
2	2.95	18396	286	50	0
1	3	1046344	780	60	3.59453
2	3	19103	296	50	0
1	3.05	1081528	807	60	4.00455
2	3.05	19884	307	50	0
1	3.1	1115130	832	57	3.90868
2	3.1	20665	318	50	0
1	3.15	1148791	858	61	3.81707
2	3.15	21367	328	50	0
1	3.2	1183912	884	58	4.19223
2	3.2	22148	339	50	0
1	3.25	1219091	911	58	4.09486
2	3.25	22929	350	50	0
1	3.3	1249655	934	61	4.0054
2	3.3	23636	360	50	0
1	3.35	1280220	957	70	3.91935
2	3.35	24343	370	50	0
1	3.4	1313880	983	66	4.26208
2	3.4	25045	380	50	0
1	3.45	1347482	1008	64	4.17372
2	3.45	25826	391	50	0
1	3.5	1384185	1036	62	4.08604
2	3.5	26533	401	50	0
1	3.55	1419360	1063	59	4.00558
2	3.55	27314	412	50	0
1	3.6	1449924	1086	63	4.32095
2	3.6	28145	424	50	0
1	3.65	1482007	1110	70	4.23443
2	3.65	28797	433	50	0
1	3.7	1514153	1135	73	4.15583
2	3.7	29504	443	50	0
1	3.75	1546236	1159	70	4.08046
2	3.75	30211	453	50	0
1	3.8	1584454	1188	64	4.36704
2	3.8	30913	463	50	0
1	3.85	1621152	1216	56	4.28933
2	3.85	31768	475	50	0
1	3.9	1653235	1240	60	4.21664
2	3.9	32604	487	50	0
1	3.95	1686900	1266	67	4.1427
2	3.95	33311	497	50	0
1	4	1720498	1291	72	4.41088
2	4	34092	508	50	0
1	4.05	1754100	1316	69	4.33653
2	4.05	34794	518	50	0
1	4.1	1786241	1341	69	4.268
2	4.1	35575	529	50	0
1	4.15	1819848	1366	66	4.19865
2	4.15	36282	539	50	0
1	4.2	1856542	1394	65	4.44753
2	4.2	36989	549	50	0
1	4.25	1891726	1421	59	4.37892
2	4.25	37765	560	50	0
1	4.3	1925328	1446	65	4.31304
2	4.3	38620	572	50	0
1	4.35	1960507	1473	67	4.24605
2	4.35	39327	582	50	0
1	4.4	1992591	1497	70	4.48182
2	4.4	40108	593	50	0
1	4.45	2024674	1521	73	4.41609
2	4.45	40815	603	50	0
1	4.5	2059853	1548	70	4.35236
2	4.5	41517	613	50	0
1	4.55	2095037	1575	65	4.29069
2	4.55	42298	624	50	0
1	4.6	2128693	1601	63	4.51028
2	4.6	43079	635	50	0
1	4.65	2160718	1624	74	4.44844
2	4.65	43860	646	50	0
1	4.7	2195902	1651	72	4.38793
2	4.7	44488	655	50	0
1	4.75	2232600	1679	67	4.59721
2	4.75	45269	666	50	0
1	4.8	2267780	1706	64	4.53768
2	4.8	46050	677	50	0
1	4.85	2304478	1734	66	4.47732
2	4.85	46960	690	50	0
1	4.9	2339604	1760	65	4.41858
2	4.9	47741	701	50	0
1	4.95	2373264	1786	71	4.62044
2	4.95	48522	712	50	0
1	5	2409900	1813	70	4.56156
2	5	49224	722	50	0
1	5.05	2446603	1841	63	4.50438
2	5.05	50005	733	50	0
1	5.1	2480263	1867	72	4.44677
2	5.1	50860	745	50	0
1	5.15	2512346	1891	78	4.63686
2	5.15	51567	755	50	0
1	5.2	2544430	1915	81	4.58222
2	5.2	52274	765	50	0
1	5.25	2578090	1941	78	4.52629
2	5.25	52976	775	50	0
1	5.3	2613211	1967	78	4.47368
2	5.3	53757	786	50	0
1	5.35	2648395	1994	74	4.65514
2	5.35	54538	797	50	0
1	5.4	2680474	2018	77	4.60142
2	5.4	55319	808	50	0
1	5.45	2712615	2043	78	4.54855
2	5.45	56021	818	50	0
1	5.5	2747741	2069	82	4.49673
2	5.5	56728	828	50	0
1	5.55	2781401	2095	75	4.67079
2	5.55	57509	839	50	0
1	5.6	2816520	2121	73	4.61816
2	5.6	58216	849	50	0
1	5.65	2850183	2147	76	4.56879
2	5.65	59052	861	50	0
1	5.7	2882266	2171	79	4.52037
2	5.7	59828	872	50	0
1	5.75	2915926	2197	84	4.68347
2	5.75	60480	881	50	0
1	5.8	2946490	2220	87	4.63556
2	5.8	61242	892	50	0
1	5.85	2978574	2244	89	4.58629
2	5.85	61894	901	50	0
1	5.9	3009138	2267	88	4.53976
2	5.9	62596	911	50	0
1	5.95	3041279	2292	92	4.69599
2	5.95	63303	921	50	0
1	6	3076400	2318	83	4.64886
2	6	64010	931	50	0
1	6.05	3111580	2345	76	4.60287
2	6.05	64791	942	50	0
1	6.1	3146759	2372	76	4.75646
2	6.1	65567	953	50	0
1	6.15	3183404	2399	71	4.70884
2	6.15	66348	964	50	0
1	6.2	3215545	2424	78	4.66294
2	6.2	67184	976	50	0
1	6.25	3247624	2448	84	4.61778
2	6.25	67891	986	50	0
1	6.3	3279707	2472	88	4.7643
2	6.3	68538	995	50	0
1	6.35	3311853	2497	90	4.71922
2	6.35	69245	1005	50	0
1	6.4	3346974	2523	82	4.67586
2	6.4	69952	1015	50	0
1	6.45	3383668	2551	78	4.63164
2	6.45	70733	1026	50	0
1	6.5	3418852	2578	74	4.77257
2	6.5	71569	1038	50	0
1	6.55	3452512	2604	73	4.73092
2	6.55	72345	1049	50	0
1	6.6	3487638	2630	79	4.6875
2	6.6	73126	1060	50	0
1	6.65	3522813	2657	80	4.6448
2	6.65	73907	1071	50	0
1	6.7	3554896	2681	83	4.78109
2	6.7	74688	1082	50	0
1	6.75	3586979	2705	89	4.73934
2	6.75	75395	1092	50	0
1	6.8	3620644	2731	91	4.69872
2	6.8	76097	1102	50	0
1	6.85	3655823	2758	83	4.65707
2	6.85	76804	1112	50	0
1	6.9	3689426	2783	81	4.78917
2	6.9	77585	1123	50	0
1	6.95	3724605	2810	81	4.74767
2	6.95	78366	1134	50	0
1	7	3755169	2833	89	4.70882
2	7	79142	1145	50	0
1	7.05	3787252	2857	94	4.66845
2	7.05	79775	1154	50	0
1	7.1	3819331	2881	98	4.79639
2	7.1	80482	1164	50	0
1	7.15	3852996	2907	90	4.75646
2	7.15	81189	1174	50	0
1	7.2	3885079	2931	91	4.71783
2	7.2	81965	1185	50	0
1	7.25	3917162	2955	93	4.67977
2	7.25	82672	1195	50	0
1	7.3	3950823	2981	94	4.80304
2	7.3	83379	1205	50	0
1	7.35	3986002	3008	90	4.76401
2	7.35	84160	1216	50	0
1	7.4	4019604	3033	85	4.72717
2	7.4	84936	1227	50	0
1	7.45	4054788	3060	83	4.68924
2	7.45	85643	1237	50	0
1	7.5	4085348	3083	91	4.80936
2	7.5	86424	1248	50	0
1	7.55	4117431	3107	97	4.77181
2	7.55	87131	1258	50	0
1	7.6	4154134	3135	95	4.73439
2	7.6	87833	1268	50	0
1	7.65	4189313	3162	88	4.69931
2	7.65	88614	1279	50	0
1	7.7	4221395	3186	89	4.81402
2	7.7	89395	1290	50	0
1	7.75	4251956	3209	93	4.77925
2	7.75	90102	1300	50	0
1	7.8	4287140	3236	94	4.74366
2	7.8	90809	1310	50	0
1	7.85	4323780	3263	90	4.70734
2	7.85	91585	1321	50	0
1	7.9	4355921	3288	89	4.81999
2	7.9	92292	1331	50	0
1	7.95	4389524	3313	94	4.7844
2	7.95	93073	1342	50	0
1	8	4421665	3338	98	4.75029
2	8	93780	1352	50	0
1	8.05	4453748	3362	95	4.71663
2	8.05	94556	1363	50	0
1	8.1	4485831	3386	96	4.82514
2	8.1	95263	1373	50	0
1	8.15	4517973	3411	99	4.79113
2	8.15	95970	1383	50	0
1	8.2	4550056	3435	99	4.75778
2	8.2	96677	1393	50	0
1	8.25	4582139	3459	99	4.7249
2	8.25	97379	1403	50	0
1	8.3	4615799	3485	103	4.82898
2	8.3	98086	1413	50	0
1	8.35	4647883	3509	103	4.7962
2	8.35	98793	1423	50	0
1	8.4	4683062	3536	97	4.76457
2	8.4	99574	1434	50	0
1	8.45	4719765	3564	91	4.86744
2	8.45	100350	1445	50	0
1	8.5	4751848	3588	91	4.83492
2	8.5	101131	1456	50	0
1	8.55	4783930	3612	93	4.8027
2	8.55	101838	1466	50	0
1	8.6	4817587	3638	101	4.76964
2	8.6	102545	1476	50	0
1	8.65	4849670	3662	103	4.87019
2	8.65	103326	1487	50	0
1	8.7	4883335	3688	103	4.83836
2	8.7	104028	1497	50	0
1	8.75	4916937	3713	99	4.80698
2	8.75	104735	1507	50	0
1	8.8	4953636	3741	93	4.7759
2	8.8	105516	1518	50	0
1	8.85	4990334	3769	90	4.87363
2	8.85	106297	1529	50	0
1	8.9	5025518	3796	82	4.8429
2	8.9	107073	1540	50	0
1	8.95	5060639	3822	90	4.81253
2	8.95	107854	1551	50	0
1	9	5092776	3847	90	4.78187
2	9	108635	1562	50	0
1	9.05	5124859	3871	103	4.87649
2	9.05	109342	1572	50	0
1	9.1	5159985	3897	102	4.84673
2	9.1	110049	1582	50	0
1	9.15	5196683	3925	98	4.81624
2	9.15	110825	1593	50	0
1	9.2	5230344	3951	91	4.78649
2	9.2	111661	1605	50	0
1	9.25	5262427	3975	97	4.8804
2	9.25	112442	1616	50	0
1	9.3	5296087	4001	100	4.85064
2	9.3	113149	1626	50	0
1	9.35	5329694	4026	100	4.82124
2	9.35	113930	1637	50	0
1	9.4	5363350	4052	99	4.79271
2	9.4	114632	1647	50	0
1	9.45	5398471	4078	101	4.88235
2	9.45	115413	1658	50	0
1	9.5	5433655	4105	95	4.85391
2	9.5	116120	1668	50	0
1	9.55	5470295	4132	95	4.82471
2	9.55	116901	1679	50	0
1	9.6	5503956	4158	96	4.79708
2	9.6	117677	1690	50	0
1	9.65	5537558	4183	96	4.8861
2	9.65	118458	1701	50	0
1	9.7	5552402	4201	50	4.85838
2	9.7	119165	1711	50	0
1	9.75	5552581	4204	50	4.83595
2	9.75	119819	1720	50	0
1	9.8	5553107	4211	50	4.80333
2	9.8	120193	1725	50	0
1	9.85	5553537	4216	50	4.77532
2	9.85	120508	1729	50	0
1	9.9	5553881	4220	50	4.76342
2	9.9	120508	1729	50	0
1	9.95	5553881	4220	50	4.76342
2	9.95	120508	1729	50	0
1	10	5553881	4220	50	4.76342
2	10	120508	1729	50	0
1	10.05	5553881	4220	50	4.76342
2	10.05	120508	1729	50	0
1	10.1	5553881	4220	50	4.76342
2	10.1	120508	1729	50	0
1	10.15	5553881	4220	50	4.76342
2	10.15	120508	1729	50	0
1	10.2	5553881	4220	50	4.76342
2	10.2	120508	1729	50	0
1	10.25	5553881	4220	50	4.76342
2	10.25	120508	1729	50	0
1	10.3	5553881	4220	50	4.76342
2	10.3	120508	1729	50	0
1	10.35	5553881	4220	50	4.76342
2	10.35	120508	1729	50	0
1	10.4	5553881	4220	50	4.76342
2	10.4	120508	1729	50	0
1	10.45	5553881	4220	50	4.76342
2	10.45	120508	1729	50	0
1	10.5	5553881	4220	50	4.76342
2	10.5	120508	1729	50	0
1	10.55	5553881	4220	50	4.76342
2	10.55	120508	1729	50	0
1	10.6	5553881	4220	50	4.76342
2	10.6	120508	1729	50	0
1	10.65	5553881	4220	50	4.76342
2	10.65	120508	1729	50	0
1	10.7	5553881	4220	50	4.76342
2	10.7	120508	1729	50	0
1	10.75	5553881	4220	50	4.76342
2	10.75	120508	1729	50	0
1	10.8	5553881	4220	50	4.76342
2	10.8	120508	1729	50	0
1	10.85	5553881	4220	50	4.76342
2	10.85	120508	1729	50	0
1	10.9	5553881	4220	50	4.76342
2	10.9	120508	1729	50	0
1	10.95	5553881	4220	50	4.76342
2	10.95	120508	1729	50	0
1	11	5553881	4220	50	4.76342
2	11	120508	1729	50	0
1	11.05	5553881	4220	50	4.76342
2	11.05	120508	1729	50	0
1	11.1	5553881	4220	50	4.76342
2	11.1	120508	1729	50	0
1	11.15	5553881	4220	50	4.76342
2	11.15	120508	1729	50	0
1	11.2	5553881	4220	50	4.76342
2	11.2	120508	1729	50	0
1	11.25	5553881	4220	50	4.76342
2	11.25	120508	1729	50	0
1	11.3	5553881	4220	50	4.76342
2	11.3	120508	1729	50	0
1	11.35	5553881	4220	50	4.76342
2	11.35	120508	1729	50	0
1	11.4	5553881	4220	50	4.76342
2	11.4	120508	1729	50	0
1	11.45	5553881	4220	50	4.76342
2	11.45	120508	1729	50	0
1	11.5	5553881	4220	50	4.76342
2	11.5	120508	1729	50	0
1	11.55	5553881	4220	50	4.76342
2	11.55	120508	1729	50	0
1	11.6	5553881	4220	50	4.76342
2	11.6	120508	1729	50	0
1	11.65	5553881	4220	50	4.76342
2	11.65	120508	1729	50	0
1	11.7	5553881	4220	50	4.76342
2	11.7	120508	1729	50	0
1	11.75	5553881	4220	50	4.76342
2	11.75	120508	1729	50	0
1	11.8	5553881	4220	50	4.76342
2	11.8	120508	1729	50	0
1	11.85	5553881	4220	50	4.76342
2	11.85	120508	1729	50	0
1	11.9	5553881	4220	50	4.76342
2	11.9	120508	1729	50	0
1	11.95	5553881	4220	50	4.76342
2	11.95	120508	1729	50	0
1	12	5553881	4220	50	4.76342
2	12	120508	1729	50	0
1	12.05	5553881	4220	50	4.76342
2	12.05	120508	1729	50	0
1	12.1	5553881	4220	50	4.76342
2	12.1	120508	1729	50	0
1	12.15	5553881	4220	50	4.76342
2	12.15	120508	1729	50	0
1	12.2	5553881	4220	50	4.76342
2	12.2	120508	1729	50	0
1	12.25	5553881	4220	50	4.76342
2	12.25	120508	1729	50	0
1	12.3	5553881	4220	50	4.76342
2	12.3	120508	1729	50	0
1	12.35	5553881	4220	50	4.76342
2	12.35	120508	1729	50	0
1	12.4	5553881	4220	50	4.76342
2	12.4	120508	1729	50	0
1	12.45	5553881	4220	50	4.76342
2	12.45	120508	1729	50	0
1	12.5	5553881	4220	50	4.76342
2	12.5	120508	1729	50	0
1	12.55	5553881	4220	50	4.76342
2	12.55	120508	1729	50	0
1	12.6	5553881	4220	50	4.76342
2	12.6	120508	1729	50	0
1	12.65	5553881	4220	50	4.76342
2	12.65	120508	1729	50	0
1	12.7	5553881	4220	50	4.76342
2	12.7	120508	1729	50	0
1	12.75	5553881	4220	50	4.76342
2	12.75	120508	1729	50	0
1	12.8	5553881	4220	50	4.76342
2	12.8	120508	1729	50	0
1	12.85	5553881	4220	50	4.76342
2	12.85	120508	1729	50	0
1	12.9	5553881	4220	50	4.76342
2	12.9	120508	1729	50	0
1	12.95	5553881	4220	50	4.76342
2	12.95	120508	1729	50	0
1	13	5553881	4220	50	4.76342
2	13	120508	1729	50	0
1	13.05	5553881	4220	50	4.76342
2	13.05	120508	1729	50	0
1	13.1	5553881	4220	50	4.76342
2	13.1	120508	1729	50	0
1	13.15	5553881	4220	50	4.76342
2	13.15	120508	1729	50	0
1	13.2	5553881	4220	50	4.76342
2	13.2	120508	1729	50	0
1	13.25	5553881	4220	50	4.76342
2	13.25	120508	1729	50	0
1	13.3	5553881	4220	50	4.76342
2	13.3	120508	1729	50	0
1	13.35	5553881	4220	50	4.76342
2	13.35	120508	1729	50	0
1	13.4	5553881	4220	50	4.76342
2	13.4	120508	1729	50	0
1	13.45	5553881	4220	50	4.76342
2	13.45	120508	1729	50	0
1	13.5	5553881	4220	50	4.76342
2	13.5	120508	1729	50	0
1	13.55	5553881	4220	50	4.76342
2	13.55	120508	1729	50	0
1	13.6	5553881	4220	50	4.76342
2	13.6	120508	1729	50	0
1	13.65	5553881	4220	50	4.76342
2	13.65	120508	1729	50	0
1	13.7	5553881	4220	50	4.76342
2	13.7	120508	1729	50	0
1	13.75	5553881	4220	50	4.76342
2	13.75	120508	1729	50	0
1	13.8	5553881	4220	50	4.76342
2	13.8	120508	1729	50	0
1	13.85	5553881	4220	50	4.76342
2	13.85	120508	1729	50	0
1	13.9	5553881	4220	50	4.76342
2	13.9	120508	1729	50	0
1	13.95	5553881	4220	50	4.76342
2	13.95	120508	1729	50	0
1	14	5553881	4220	50	4.76342
2	14	120508	1729	50	0
1	14.05	5553881	4220	50	4.76342
2	14.05	120508	1729	50	0
1	14.1	5553881	4220	50	4.76342
2	14.1	120508	1729	50	0
1	14.15	5553881	4220	50	4.76342
2	14.15	120508	1729	50	0
1	14.2	5553881	4220	50	4.76342
2	14.2	120508	1729	50	0
1	14.25	5553881	4220	50	4.76342
2	14.25	120508	1729	50	0
1	14.3	5553881	4220	50	4.76342
2	14.3	120508	1729	50	0
1	14.35	5553881	4220	50	4.76342
2	14.35	120508	1729	50	0
1	14.4	5553881	4220	50	4.76342
2	14.4	120508	1729	50	0
1	14.45	5553881	4220	50	4.76342
2	14.45	120508	1729	50	0
1	14.5	5553881	4220	50	4.76342
2	14.5	120508	1729	50	0
1	14.55	5553881	4220	50	4.76342
2	14.55	120508	1729	50	0
1	14.6	5553881	4220	50	4.76342
2	14.6	120508	1729	50	0
1	14.65	5553881	4220	50	4.76342
2	14.65	120508	1729	50	0
1	14.7	5553881	4220	50	4.76342
2	14.7	120508	1729	50	0
1	14.75	5553881	4220	50	4.76342
2	14.75	120508	1729	50	0
1	14.8	5553881	4220	50	4.76342
2	14.8	120508	1729	50	0
1	14.85	5553881	4220	50	4.76342
2	14.85	120508	1729	50	0
1	14.9	5553881	4220	50	4.76342
2	14.9	120508	1729	50	0
1	14.95	5553881	4220	50	4.76342
2	14.95	120508	1729	50	0
1	15	5553881	4220	50	4.76342
2	15	120508	1729	50	0
1	15.05	5553881	4220	50	4.76342
2	15.05	120508	1729	50	0
1	15.1	5553881	4220	50	4.76342
2	15.1	120508	1729	50	0
1	15.15	5553881	4220	50	4.76342
2	15.15	120508	1729	50	0
1	15.2	5553881	4220	50	4.76342
2	15.2	120508	1729	50	0
1	15.25	5553881	4220	50	4.76342
2	15.25	120508	1729	50	0
1	15.3	5553881	4220	50	4.76342
2	15.3	120508	1729	50	0
1	15.35	5553881	4220	50	4.76342
2	15.35	120508	1729	50	0
1	15.4	5553881	4220	50	4.76342
2	15.4	120508	1729	50	0
1	15.45	5553881	4220	50	4.76342
2	15.45	120508	1729	50	0
1	15.5	5553881	4220	50	4.76342
2	15.5	120508	1729	50	0
1	15.55	5553881	4220	50	4.76342
2	15.55	120508	1729	50	0
1	15.6	5553881	4220	50	4.76342
2	15.6	120508	1729	50	0
1	15.65	5553881	4220	50	4.76342
2	15.65	120508	1729	50	0
1	15.7	5553881	4220	50	4.76342
2	15.7	120508	1729	50	0
1	15.75	5553881	4220	50	4.76342
2	15.75	120508	1729	50	0
1	15.8	5553881	4220	50	4.76342
2	15.8	120508	1729	50	0
1	15.85	5553881	4220	50	4.76342
2	15.85	120508	1729	50	0
1	15.9	5553881	4220	50	4.76342
2	15.9	120508	1729	50	0
1	15.95	5553881	4220	50	4.76342
2	15.95	120508	1729	50	0
1	16	5553881	4220	50	4.76342
2	16	120508	1729	50	0
1	16.05	5553881	4220	50	4.76342
2	16.05	120508	1729	50	0
1	16.1	5553881	4220	50	4.76342
2	16.1	120508	1729	50	0
1	16.15	5553881	4220	50	4.76342
2	16.15	120508	1729	50	0
1	16.2	5553881	4220	50	4.76342
2	16.2	120508	1729	50	0
1	16.25	5553881	4220	50	4.76342
2	16.25	120508	1729	50	0
1	16.3	5553881	4220	50	4.76342
2	16.3	120508	1729	50	0
1	16.35	5553881	4220	50	4.76342
2	16.35	120508	1729	50	0
1	16.4	5553881	4220	50	4.76342
2	16.4	120508	1729	50	0
1	16.45	5553881	4220	50	4.76342
2	16.45	120508	1729	50	0
1	16.5	5553881	4220	50	4.76342
2	16.5	120508	1729	50	0
1	16.55	5553881	4220	50	4.76342
2	16.55	120508	1729	50	0
1	16.6	5553881	4220	50	4.76342
2	16.6	120508	1729	50	0
1	16.65	5553881	4220	50	4.76342
2	16.65	120508	1729	50	0
1	16.7	5553881	4220	50	4.76342
2	16.7	120508	1729	50	0
1	16.75	5553881	4220	50	4.76342
2	16.75	120508	1729	50	0
1	16.8	5553881	4220	50	4.76342
2	16.8	120508	1729	50	0
1	16.85	5553881	4220	50	4.76342
2	16.85	120508	1729	50	0
1	16.9	5553881	4220	50	4.76342
2	16.9	120508	1729	50	0
1	16.95	5553881	4220	50	4.76342
2	16.95	120508	1729	50	0
1	17	5553881	4220	50	4.76342
2	17	120508	1729	50	0
1	17.05	5553881	4220	50	4.76342
2	17.05	120508	1729	50	0
1	17.1	5553881	4220	50	4.76342
2	17.1	120508	1729	50	0
1	17.15	5553881	4220	50	4.76342
2	17.15	120508	1729	50	0
1	17.2	5553881	4220	50	4.76342
2	17.2	120508	1729	50	0
1	17.25	5553881	4220	50	4.76342
2	17.25	120508	1729	50	0
1	17.3	5553881	4220	50	4.76342
2	17.3	120508	1729	50	0
1	17.35	5553881	4220	50	4.76342
2	17.35	120508	1729	50	0
1	17.4	5553881	4220	50	4.76342
2	17.4	120508	1729	50	0
1	17.45	5553881	4220	50	4.76342
2	17.45	120508	1729	50	0
1	17.5	5553881	4220	50	4.76342
2	17.5	120508	1729	50	0
1	17.55	5553881	4220	50	4.76342
2	17.55	120508	1729	50	0
1	17.6	5553881	4220	50	4.76342
2	17.6	120508	1729	50	0
1	17.65	5553881	4220	50	4.76342
2	17.65	120508	1729	50	0
1	17.7	5553881	4220	50	4.76342
2	17.7	120508	1729	50	0
1	17.75	5553881	4220	50	4.76342
2	17.75	120508	1729	50	0
1	17.8	5553881	4220	50	4.76342
2	17.8	120508	1729	50	0
1	17.85	5553881	4220	50	4.76342
2	17.85	120508	1729	50	0
1	17.9	5553881	4220	50	4.76342
2	17.9	120508	1729	50	0
1	17.95	5553881	4220	50	4.76342
2	17.95	120508	1729	50	0
1	18	5553881	4220	50	4.76342
2	18	120508	1729	50	0
1	18.05	5553881	4220	50	4.76342
2	18.05	120508	1729	50	0
1	18.1	5553881	4220	50	4.76342
2	18.1	120508	1729	50	0
1	18.15	5553881	4220	50	4.76342
2	18.15	120508	1729	50	0
1	18.2	5553881	4220	50	4.76342
2	18.2	120508	1729	50	0
1	18.25	5553881	4220	50	4.76342
2	18.25	120508	1729	50	0
1	18.3	5553881	4220	50	4.76342
2	18.3	120508	1729	50	0
1	18.35	5553881	4220	50	4.76342
2	18.35	120508	1729	50	0
1	18.4	5553881	4220	50	4.76342
2	18.4	120508	1729	50	0
1	18.45	5553881	4220	50	4.76342
2	18.45	120508	1729	50	0
1	18.5	5553881	4220	50	4.76342
2	18.5	120508	1729	50	0
1	18.55	5553881	4220	50	4.76342
2	18.55	120508	1729	50	0
1	18.6	5553881	4220	50	4.76342
2	18.6	120508	1729	50	0
1	18.65	5553881	4220	50	4.76342
2	18.65	120508	1729	50	0
1	18.7	5553881	4220	50	4.76342
2	18.7	120508	1729	50	0
1	18.75	5553881	4220	50	4.76342
2	18.75	120508	1729	50	0
1	18.8	5553881	4220	50	4.76342
2	18.8	120508	1729	50	0
1	18.85	5553881	4220	50	4.76342
2	18.85	120508	1729	50	0
1	18.9	5553881	4220	50	4.76342
2	18.9	120508	1729	50	0
1	18.95	5553881	4220	50	4.76342
2	18.95	120508	1729	50	0
1	19	5553881	4220	50	4.76342
2	19	120508	1729	50	0
1	19.05	5553881	4220	50	4.76342
2	19.05	120508	1729	50	0
1	19.1	5553881	4220	50	4.76342
2	19.1	120508	1729	50	0
1	19.15	5553881	4220	50	4.76342
2	19.15	120508	1729	50	0
1	19.2	5553881	4220	50	4.76342
2	19.2	120508	1729	50	0
1	19.25	5553881	4220	50	4.76342
2	19.25	120508	1729	50	0
1	19.3	5553881	4220	50	4.76342
2	19.3	120508	1729	50	0
1	19.35	5553881	4220	50	4.76342
2	19.35	120508	1729	50	0
1	19.4	5553881	4220	50	4.76342
2	19.4	120508	1729	50	0
1	19.45	5553881	4220	50	4.76342
2	19.45	120508	1729	50	0
1	19.5	5553881	4220	50	4.76342
2	19.5	120508	1729	50	0
1	19.55	5553881	4220	50	4.76342
2	19.55	120508	1729	50	0
1	19.6	5553881	4220	50	4.76342
2	19.6	120508	1729	50	0
1	19.65	5553881	4220	50	4.76342
2	19.65	120508	1729	50	0
1	19.7	5553881	4220	50	4.76342
2	19.7	120508	1729	50	0
1	19.75	5553881	4220	50	4.76342
2	19.75	120508	1729	50	0
1	19.8	5553881	4220	50	4.76342
2	19.8	120508	1729	50	0
1	19.85	5553881	4220	50	4.76342
2	19.85	120508	1729	50	0
1	19.9	5553881	4220	50	4.76342
2	19.9	120508	1729	50	0
1	19.95	5553881	4220	50	4.76342
2	19.95	120508	1729	50	0
1	20	5553881	4220	50	4.76342
2	20	120508	1729	50	0
1	20.05	5553881	4220	50	4.76342
2	20.05	120508	1729	50	0
1	20.1	5553881	4220	50	4.76342
2	20.1	120508	1729	50	0
1	20.15	5553881	4220	50	4.76342
2	20.15	120508	1729	50	0
1	20.2	5553881	4220	50	4.76342
2	20.2	120508	1729	50	0
1	20.25	5553881	4220	50	4.76342
2	20.25	120508	1729	50	0
1	20.3	5553881	4220	50	4.76342
2	20.3	120508	1729	50	0
1	20.35	5553881	4220	50	4.76342
2	20.35	120508	1729	50	0
1	20.4	5553881	4220	50	4.76342
2	20.4	120508	1729	50	0
1	20.45	5553881	4220	50	4.76342
2	20.45	120508	1729	50	0
1	20.5	5553881	4220	50	4.76342
2	20.5	120508	1729	50	0
1	20.55	5553881	4220	50	4.76342
2	20.55	120508	1729	50	0
1	20.6	5553881	4220	50	4.76342
2	20.6	120508	1729	50	0
1	20.65	5553881	4220	50	4.76342
2	20.65	120508	1729	50	0
1	20.7	5553881	4220	50	4.76342
2	20.7	120508	1729	50	0
1	20.75	5553881	4220	50	4.76342
2	20.75	120508	1729	50	0
1	20.8	5553881	4220	50	4.76342
2	20.8	120508	1729	50	0
1	20.85	5553881	4220	50	4.76342
2	20.85	120508	1729	50	0
1	20.9	5553881	4220	50	4.76342
2	20.9	120508	1729	50	0
1	20.95	5553881	4220	50	4.76342
2	20.95	120508	1729	50	0
1	21	5553881	4220	50	4.76342
2	21	120508	1729	50	0
1	21.05	5553881	4220	50	4.76342
2	21.05	120508	1729	50	0
1	21.1	5553881	4220	50	4.76342
2	21.1	120508	1729	50	0
1	21.15	5553881	4220	50	4.76342
2	21.15	120508	1729	50	0
1	21.2	5553881	4220	50	4.76342
2	21.2	120508	1729	50	0
1	21.25	5553881	4220	50	4.76342
2	21.25	120508	1729	50	0
1	21.3	5553881	4220	50	4.76342
2	21.3	120508	1729	50	0
1	21.35	5553881	4220	50	4.76342
2	21.35	120508	1729	50	0
1	21.4	5553881	4220	50	4.76342
2	21.4	120508	1729	50	0
1	21.45	5553881	4220	50	4.76342
2	21.45	120508	1729	50	0
1	21.5	5553881	4220	50	4.76342
2	21.5	120508	1729	50	0
1	21.55	5553881	4220	50	4.76342
2	21.55	120508	1729	50	0
1	21.6	5553881	4220	50	4.76342
2	21.6	120508	1729	50	0
1	21.65	5553881	4220	50	4.76342
2	21.65	120508	1729	50	0
1	21.7	5553881	4220	50	4.76342
2	21.7	120508	1729	50	0
1	21.75	5553881	4220	50	4.76342
2	21.75	120508	1729	50	0
1	21.8	5553881	4220	50	4.76342
2	21.8	120508	1729	50	0
1	21.85	5553881	4220	50	4.76342
2	21.85	120508	1729	50	0
1	21.9	5553881	4220	50	4.76342
2	21.9	120508	1729	50	0
1	21.95	5553881	4220	50	4.76342
2	21.95	120508	1729	50	0
1	22	5553881	4220	50	4.76342
2	22	120508	1729	50	0
1	22.05	5553881	4220	50	4.76342
2	22.05	120508	1729	50	0
1	22.1	5553881	4220	50	4.76342
2	22.1	120508	1729	50	0
1	22.15	5553881	4220	50	4.76342
2	22.15	120508	1729	50	0
1	22.2	5553881	4220	50	4.76342
2	22.2	120508	1729	50	0
1	22.25	5553881	4220	50	4.76342
2	22.25	120508	1729	50	0
1	22.3	5553881	4220	50	4.76342
2	22.3	120508	1729	50	0
1	22.35	5553881	4220	50	4.76342
2	22.35	120508	1729	50	0
1	22.4	5553881	4220	50	4.76342
2	22.4	120508	1729	50	0
1	22.45	5553881	4220	50	4.76342
2	22.45	120508	1729	50	0
1	22.5	5553881	4220	50	4.76342
2	22.5	120508	1729	50	0
1	22.55	5553881	4220	50	4.76342
2	22.55	120508	1729	50	0
1	22.6	5553881	4220	50	4.76342
2	22.6	120508	1729	50	0
1	22.65	5553881	4220	50	4.76342
2	22.65	120508	1729	50	0
1	22.7	5553881	4220	50	4.76342
2	22.7	120508	1729	50	0
1	22.75	5553881	4220	50	4.76342
2	22.75	120508	1729	50	0
1	22.8	5553881	4220	50	4.76342
2	22.8	120508	1729	50	0
1	22.85	5553881	4220	50	4.76342
2	22.85	120508	1729	50	0
1	22.9	5553881	4220	50	4.76342
2	22.9	120508	1729	50	0
1	22.95	5553881	4220	50	4.76342
2	22.95	120508	1729	50	0
1	23	5553881	4220	50	4.76342
2	23	120508	1729	50	0
1	23.05	5553881	4220	50	4.76342
2	23.05	120508	1729	50	0
1	23.1	5553881	4220	50	4.76342
2	23.1	120508	1729	50	0
1	23.15	5553881	4220	50	4.76342
2	23.15	120508	1729	50	0
1	23.2	5553881	4220	50	4.76342
2	23.2	120508	1729	50	0
1	23.25	5553881	4220	50	4.76342
2	23.25	120508	1729	50	0
1	23.3	5553881	4220	50	4.76342
2	23.3	120508	1729	50	0
1	23.35	5553881	4220	50	4.76342
2	23.35	120508	1729	50	0
1	23.4	5553881	4220	50	4.76342
2	23.4	120508	1729	50	0
1	23.45	5553881	4220	50	4.76342
2	23.45	120508	1729	50	0
1	23.5	5553881	4220	50	4.76342
2	23.5	120508	1729	50	0
1	23.55	5553881	4220	50	4.76342
2	23.55	120508	1729	50	0
1	23.6	5553881	4220	50	4.76342
2	23.6	120508	1729	50	0
1	23.65	5553881	4220	50	4.76342
2	23.65	120508	1729	50	0
1	23.7	5553881	4220	50	4.76342
2	23.7	120508	1729	50	0
1	23.75	5553881	4220	50	4.76342
2	23.75	120508	1729	50	0
1	23.8	5553881	4220	50	4.76342
2	23.8	120508	1729	50	0
1	23.85	5553881	4220	50	4.76342
2	23.85	120508	1729	50	0
1	23.9	5553881	4220	50	4.76342
2	23.9	120508	1729	50	0
1	23.95	5553881	4220	50	4.76342
2	23.95	120508	1729	50	0
1	24	5553881	4220	50	4.76342
2	24	120508	1729	50	0
1	24.05	5553881	4220	50	4.76342
2	24.05	120508	1729	50	0
1	24.1	5553881	4220	50	4.76342
2	24.1	120508	1729	50	0
1	24.15	5553881	4220	50	4.76342
2	24.15	120508	1729	50	0
1	24.2	5553881	4220	50	4.76342
2	24.2	120508	1729	50	0
1	24.25	5553881	4220	50	4.76342
2	24.25	120508	1729	50	0
1	24.3	5553881	4220	50	4.76342
2	24.3	120508	1729	50	0
1	24.35	5553881	4220	50	4.76342
2	24.35	120508	1729	50	0
1	24.4	5553881	4220	50	4.76342
2	24.4	120508	1729	50	0
1	24.45	5553881	4220	50	4.76342
2	24.45	120508	1729	50	0
1	24.5	5553881	4220	50	4.76342
2	24.5	120508	1729	50	0
1	24.55	5553881	4220	50	4.76342
2	24.55	120508	1729	50	0
1	24.6	5553881	4220	50	4.76342
2	24.6	120508	1729	50	0
1	24.65	5553881	4220	50	4.76342
2	24.65	120508	1729	50	0
1	24.7	5553881	4220	50	4.76342
2	24.7	120508	1729	50	0
1	24.75	5553881	4220	50	4.76342
2	24.75	120508	1729	50	0
1	24.8	5553881	4220	50	4.76342
2	24.8	120508	1729	50	0
1	24.85	5553881	4220	50	4.76342
2	24.85	120508	1729	50	0
1	24.9	5553881	4220	50	4.76342
2	24.9	120508	1729	50	0
1	24.95	5553881	4220	50	4.76342
2	24.95	120508	1729	50	0
1	25	5553881	4220	50	4.76342
2	25	120508	1729	50	0
1	25.05	5553881	4220	50	4.76342
2	25.05	120508	1729	50	0
1	25.1	5553881	4220	50	4.76342
2	25.1	120508	1729	50	0
1	25.15	5553881	4220	50	4.76342
2	25.15	120508	1729	50	0
1	25.2	5553881	4220	50	4.76342
2	25.2	120508	1729	50	0
1	25.25	5553881	4220	50	4.76342
2	25.25	120508	1729	50	0
1	25.3	5553881	4220	50	4.76342
2	25.3	120508	1729	50	0
1	25.35	5553881	4220	50	4.76342
2	25.35	120508	1729	50	0
1	25.4	5553881	4220	50	4.76342
2	25.4	120508	1729	50	0
1	25.45	5553881	4220	50	4.76342
2	25.45	120508	1729	50	0
1	25.5	5553881	4220	50	4.76342
2	25.5	120508	1729	50	0
1	25.55	5553881	4220	50	4.76342
2	25.55	120508	1729	50	0
1	25.6	5553881	4220	50	4.76342
2	25.6	120508	1729	50	0
1	25.65	5553881	4220	50	4.76342
2	25.65	120508	1729	50	0
1	25.7	5553881	4220	50	4.76342
2	25.7	120508	1729	50	0
1	25.75	5553881	4220	50	4.76342
2	25.75	120508	1729	50	0
1	25.8	5553881	4220	50	4.76342
2	25.8	120508	1729	50	0
1	25.85	5553881	4220	50	4.76342
2	25.85	120508	1729	50	0
1	25.9	5553881	4220	50	4.76342
2	25.9	120508	1729	50	0
1	25.95	5553881	4220	50	4.76342
2	25.95	120508	1729	50	0
1	26	5553881	4220	50	4.76342
2	26	120508	1729	50	0
1	26.05	5553881	4220	50	4.76342
2	26.05	120508	1729	50	0
1	26.1	5553881	4220	50	4.76342
2	26.1	120508	1729	50	0
1	26.15	5553881	4220	50	4.76342
2	26.15	120508	1729	50	0
1	26.2	5553881	4220	50	4.76342
2	26.2	120508	1729	50	0
1	26.25	5553881	4220	50	4.76342
2	26.25	120508	1729	50	0
1	26.3	5553881	4220	50	4.76342
2	26.3	120508	1729	50	0
1	26.35	5553881	4220	50	4.76342
2	26.35	120508	1729	50	0
1	26.4	5553881	4220	50	4.76342
2	26.4	120508	1729	50	0
1	26.45	5553881	4220	50	4.76342
2	26.45	120508	1729	50	0
1	26.5	5553881	4220	50	4.76342
2	26.5	120508	1729	50	0
1	26.55	5553881	4220	50	4.76342
2	26.55	120508	1729	50	0
1	26.6	5553881	4220	50	4.76342
2	26.6	120508	1729	50	0
1	26.65	5553881	4220	50	4.76342
2	26.65	120508	1729	50	0
1	26.7	5553881	4220	50	4.76342
2	26.7	120508	1729	50	0
1	26.75	5553881	4220	50	4.76342
2	26.75	120508	1729	50	0
1	26.8	5553881	4220	50	4.76342
2	26.8	120508	1729	50	0
1	26.85	5553881	4220	50	4.76342
2	26.85	120508	1729	50	0
1	26.9	5553881	4220	50	4.76342
2	26.9	120508	1729	50	0
1	26.95	5553881	4220	50	4.76342
2	26.95	120508	1729	50	0
1	27	5553881	4220	50	4.76342
2	27	120508	1729	50	0
1	27.05	5553881	4220	50	4.76342
2	27.05	120508	1729	50	0
1	27.1	5553881	4220	50	4.76342
2	27.1	120508	1729	50	0
1	27.15	5553881	4220	50	4.76342
2	27.15	120508	1729	50	0
1	27.2	5553881	4220	50	4.76342
2	27.2	120508	1729	50	0
1	27.25	5553881	4220	50	4.76342
2	27.25	120508	1729	50	0
1	27.3	5553881	4220	50	4.76342
2	27.3	120508	1729	50	0
1	27.35	5553881	4220	50	4.76342
2	27.35	120508	1729	50	0
1	27.4	5553881	4220	50	4.76342
2	27.4	120508	1729	50	0
1	27.45	5553881	4220	50	4.76342
2	27.45	120508	1729	50	0
1	27.5	5553881	4220	50	4.76342
2	27.5	120508	1729	50	0
1	27.55	5553881	4220	50	4.76342
2	27.55	120508	1729	50	0
1	27.6	5553881	4220	50	4.76342
2	27.6	120508	1729	50	0
1	27.65	5553881	4220	50	4.76342
2	27.65	120508	1729	50	0
1	27.7	5553881	4220	50	4.76342
2	27.7	120508	1729	50	0
1	27.75	5553881	4220	50	4.76342
2	27.75	120508	1729	50	0
1	27.8	5553881	4220	50	4.76342
2	27.8	120508	1729	50	0
1	27.85	5553881	4220	50	4.76342
2	27.85	120508	1729	50	0
1	27.9	5553881	4220	50	4.76342
2	27.9	120508	1729	50	0
1	27.95	5553881	4220	50	4.76342
2	27.95	120508	1729	50	0
1	28	5553881	4220	50	4.76342
2	28	120508	1729	50	0
1	28.05	5553881	4220	50	4.76342
2	28.05	120508	1729	50	0
1	28.1	5553881	4220	50	4.76342
2	28.1	120508	1729	50	0
1	28.15	5553881	4220	50	4.76342
2	28.15	120508	1729	50	0
1	28.2	5553881	4220	50	4.76342
2	28.2	120508	1729	50	0
1	28.25	5553881	4220	50	4.76342
2	28.25	120508	1729	50	0
1	28.3	5553881	4220	50	4.76342
2	28.3	120508	1729	50	0
1	28.35	5553881	4220	50	4.76342
2	28.35	120508	1729	50	0
1	28.4	5553881	4220	50	4.76342
2	28.4	120508	1729	50	0
1	28.45	5553881	4220	50	4.76342
2	28.45	120508	1729	50	0
1	28.5	5553881	4220	50	4.76342
2	28.5	120508	1729	50	0
1	28.55	5553881	4220	50	4.76342
2	28.55	120508	1729	50	0
1	28.6	5553881	4220	50	4.76342
2	28.6	120508	1729	50	0
1	28.65	5553881	4220	50	4.76342
2	28.65	120508	1729	50	0
1	28.7	5553881	4220	50	4.76342
2	28.7	120508	1729	50	0
1	28.75	5553881	4220	50	4.76342
2	28.75	120508	1729	50	0
1	28.8	5553881	4220	50	4.76342
2	28.8	120508	1729	50	0
1	28.85	5553881	4220	50	4.76342
2	28.85	120508	1729	50	0
1	28.9	5553881	4220	50	4.76342
2	28.9	120508	1729	50	0
1	28.95	5553881	4220	50	4.76342
2	28.95	120508	1729	50	0
1	29	5553881	4220	50	4.76342
2	29	120508	1729	50	0
1	29.05	5553881	4220	50	4.76342
2	29.05	120508	1729	50	0
1	29.1	5553881	4220	50	4.76342
2	29.1	120508	1729	50	0
1	29.15	5553881	4220	50	4.76342
2	29.15	120508	1729	50	0
1	29.2	5553881	4220	50	4.76342
2	29.2	120508	1729	50	0
1	29.25	5553881	4220	50	4.76342
2	29.25	120508	1729	50	0
1	29.3	5553881	4220	50	4.76342
2	29.3	120508	1729	50	0
1	29.35	5553881	4220	50	4.76342
2	29.35	120508	1729	50	0
1	29.4	5553881	4220	50	4.76342
2	29.4	120508	1729	50	0
1	29.45	5553881	4220	50	4.76342
2	29.45	120508	1729	50	0
1	29.5	5553881	4220	50	4.76342
2	29.5	120508	1729	50	0
1	29.55	5553881	4220	50	4.76342
2	29.55	120508	1729	50	0
1	29.6	5553881	4220	50	4.76342
2	29.6	120508	1729	50	0
1	29.65	5553881	4220	50	4.76342
2	29.65	120508	1729	50	0
1	29.7	5553881	4220	50	4.76342
2	29.7	120508	1729	50	0
1	29.75	5553881	4220	50	4.76342
2	29.75	120508	1729	50	0
1	29.8	5553881	4220	50	4.76342
2	29.8	120508	1729	50	0
1	29.85	5553881	4220	50	4.76342
2	29.85	120508	1729	50	0
1	29.9	5553881	4220	50	4.76342
2	29.9	120508	1729	50	0
1	29.95	5553881	4220	50	4.76342
2	29.95	120508	1729	50	0
