1	1.05	0	0	0	-nan
1	1.1	1260	1	51	-nan
2	1.1	0	0	0	-nan
1	1.15	1260	1	51	-nan
2	1.15	129	2	50	0
1	1.2	9838	7	52	0
2	1.2	129	2	50	0
1	1.25	9838	7	52	0
2	1.25	408	7	50	0
1	1.3	22026	16	54	0
2	1.3	408	7	50	0
1	1.35	22082	17	50	0
2	1.35	739	13	50	0
1	1.4	40346	30	59	0
2	1.4	797	14	50	0
1	1.45	46465	35	57	0
2	1.45	1076	19	50	0
1	1.5	61700	46	64	0
2	1.5	1242	22	50	0
1	1.55	95233	71	63	0
2	1.55	1517	27	50	0
1	1.6	107361	79	60	0
2	1.6	2131	38	50	0
1	1.65	142354	104	84	1.67594
2	1.65	2422	43	50	0
1	1.7	177338	129	111	1.54468
2	1.7	3043	54	50	0
1	1.75	210866	154	102	1.43667
2	1.75	3612	64	50	0
1	1.8	242767	176	130	1.33755
2	1.8	4181	74	50	0
1	1.85	273207	198	156	2.50907
2	1.85	4750	84	50	0
1	1.9	300556	217	189	2.36168
2	1.9	5257	93	50	0
1	1.95	332512	240	212	2.23128
2	1.95	5658	100	50	0
1	2	368991	265	238	2.11232
2	2	6227	110	50	0
1	2.05	405578	291	262	3.00775
2	2.05	6845	121	50	0
1	2.1	436081	313	284	2.86275
2	2.1	7471	132	50	0
1	2.15	471144	338	305	2.73698
2	2.15	7937	140	50	0
1	2.2	507726	364	329	2.61482
2	2.2	8491	149	50	0
1	2.25	542731	388	351	3.34315
2	2.25	8979	157	50	0
1	2.3	574753	411	364	3.20619
2	2.3	9472	165	50	0
1	2.35	609816	436	386	3.0824
2	2.35	9997	173	50	0
1	2.4	643360	460	413	2.97172
2	2.4	10549	181	50	0
1	2.45	678365	484	433	3.58
2	2.45	11106	189	50	0
1	2.5	714948	510	460	3.45634
2	2.5	11663	197	50	0
1	2.55	751530	536	480	3.34121
2	2.55	12297	206	50	0
1	2.6	786598	561	508	3.87588
2	2.6	12975	215	50	0
1	2.65	821656	586	535	3.75629
2	2.65	13611	223	50	0
1	2.7	852942	621	235	3.64382
2	2.7	14304	231	50	0
1	2.75	886486	645	237	3.53673
2	2.75	15453	243	50	0
1	2.8	921621	671	239	4.00822
2	2.8	16330	251	50	0
1	2.85	956693	696	243	3.8968
2	2.85	17320	260	50	0
1	2.9	987205	718	244	3.79104
2	2.9	18200	268	50	0
1	2.95	1016215	739	250	3.6915
2	2.95	18983	275	50	0
1	3	1056428	776	91	4.109
2	3	19838	282	50	0
1	3.05	1092985	801	86	4.0052
2	3.05	21604	296	50	0
1	3.1	1129644	828	88	3.90794
2	3.1	22736	305	50	0
1	3.15	1166360	856	95	3.8151
2	3.15	24052	316	50	0
1	3.2	1201428	881	95	4.1905
2	3.2	25373	327	50	0
1	3.25	1235088	907	99	4.09734
2	3.25	26694	338	50	0
1	3.3	1267170	931	108	4.00489
2	3.3	27936	349	50	0
1	3.35	1297731	954	111	3.9203
2	3.35	29063	358	50	0
1	3.4	1331396	980	116	4.25897
2	3.4	30250	368	50	0
1	3.45	1363479	1004	117	4.1706
2	3.45	31437	378	50	0
1	3.5	1395562	1028	115	4.08751
2	3.5	32758	389	50	0
1	3.55	1429218	1054	111	4.0039
2	3.55	33940	399	50	0
1	3.6	1462825	1079	110	4.31896
2	3.6	35127	409	50	0
1	3.65	1496485	1105	111	4.23685
2	3.65	36448	420	50	0
1	3.7	1531664	1132	108	4.15612
2	3.7	37635	430	50	0
1	3.75	1566786	1158	106	4.07843
2	3.75	38956	441	50	0
1	3.8	1603484	1186	98	4.36813
2	3.8	40272	452	50	0
1	3.85	1640187	1214	97	4.29013
2	3.85	41648	464	50	0
1	3.9	1672270	1238	100	4.21677
2	3.9	43103	476	50	0
1	3.95	1705868	1263	107	4.48741
2	3.95	44290	486	50	0
1	4	1739533	1289	110	4.41042
2	4	45477	496	50	0
1	4.05	1773135	1314	113	4.33623
2	4.05	46793	507	50	0
1	4.1	1806795	1340	109	4.26541
2	4.1	47980	517	50	0
1	4.15	1840398	1365	111	4.51989
2	4.15	49301	528	50	0
1	4.2	1875577	1392	107	4.44882
2	4.2	50488	538	50	0
1	4.25	1910756	1419	105	4.38011
2	4.25	51804	549	50	0
1	4.3	1942844	1443	108	4.31076
2	4.3	53125	560	50	0
1	4.35	1973405	1466	119	4.54964
2	4.35	54312	570	50	0
1	4.4	2008583	1493	119	4.4824
2	4.4	55499	580	50	0
1	4.45	2045286	1521	114	4.41478
2	4.45	56820	591	50	0
1	4.5	2077369	1545	112	4.35097
2	4.5	58136	602	50	0
1	4.55	2109510	1570	111	4.57447
2	4.55	59323	612	50	0
1	4.6	2146151	1597	112	4.51001
2	4.6	60510	622	50	0
1	4.65	2182849	1625	106	4.44762
2	4.65	61831	633	50	0
1	4.7	2218033	1652	101	4.38718
2	4.7	63286	645	50	0
1	4.75	2253152	1678	102	4.59889
2	4.75	64657	657	50	0
1	4.8	2288329	1705	109	4.53677
2	4.8	65844	667	50	0
1	4.85	2323513	1732	111	4.47631
2	4.85	67165	678	50	0
1	4.9	2358692	1759	104	4.41872
2	4.9	68486	689	50	0
1	4.95	2393816	1785	108	4.6193
2	4.95	69807	700	50	0
1	5	2427474	1811	108	4.55958
2	5	71123	711	50	0
1	5.05	2459557	1835	111	4.50388
2	5.05	72444	722	50	0
1	5.1	2493222	1861	115	4.69437
2	5.1	73631	732	50	0
1	5.15	2525305	1885	121	4.63879
2	5.15	74818	742	50	0
1	5.2	2557384	1909	122	4.58263
2	5.2	76000	752	50	0
1	5.25	2589467	1933	124	4.52777
2	5.25	77187	762	50	0
1	5.3	2626170	1961	122	4.70822
2	5.3	78374	772	50	0
1	5.35	2661349	1988	117	4.65439
2	5.35	79695	783	50	0
1	5.4	2696529	2015	111	4.59981
2	5.4	81150	795	50	0
1	5.45	2730131	2040	109	4.54871
2	5.45	82332	805	50	0
1	5.5	2762214	2064	115	4.72342
2	5.5	83653	816	50	0
1	5.55	2795874	2090	121	4.66927
2	5.55	84840	826	50	0
1	5.6	2829477	2115	120	4.61802
2	5.6	86161	837	50	0
1	5.65	2863137	2141	122	4.56799
2	5.65	87343	847	50	0
1	5.7	2896739	2166	122	4.73422
2	5.7	88664	858	50	0
1	5.75	2930404	2192	119	4.68399
2	5.75	89851	868	50	0
1	5.8	2964002	2217	122	4.63412
2	5.8	91172	879	50	0
1	5.85	2997662	2243	121	4.58517
2	5.85	92354	889	50	0
1	5.9	3031269	2268	121	4.74588
2	5.9	93541	899	50	0
1	5.95	3066448	2295	119	4.69705
2	5.95	94917	911	50	0
1	6	3101565	2321	114	4.64985
2	6	96238	922	50	0
1	6.05	3136749	2348	112	4.60353
2	6.05	97559	933	50	0
1	6.1	3173447	2376	112	4.75591
2	6.1	98875	944	50	0
1	6.15	3210092	2403	110	4.70922
2	6.15	100196	955	50	0
1	6.2	3245267	2430	111	4.66284
2	6.2	101517	966	50	0
1	6.25	3280451	2457	113	4.80964
2	6.25	102838	977	50	0
1	6.3	3315630	2484	115	4.76393
2	6.3	104159	988	50	0
1	6.35	3350756	2510	113	4.71919
2	6.35	105535	1000	50	0
1	6.4	3387450	2538	112	4.67487
2	6.4	106851	1011	50	0
1	6.45	3424153	2566	112	4.81669
2	6.45	108172	1022	50	0
1	6.5	3457755	2591	111	4.77246
2	6.5	109493	1033	50	0
1	6.55	3489896	2616	116	4.73075
2	6.55	110680	1043	50	0
1	6.6	3521975	2640	123	4.68747
2	6.6	112001	1054	50	0
1	6.65	3554063	2664	129	4.82349
2	6.65	113183	1064	50	0
1	6.7	3589242	2691	125	4.78146
2	6.7	114370	1074	50	0
1	6.75	3625945	2719	120	4.73863
2	6.75	115691	1085	50	0
1	6.8	3659545	2744	121	4.69762
2	6.8	117012	1096	50	0
1	6.85	3693203	2770	117	4.82961
2	6.85	118328	1107	50	0
1	6.9	3723767	2793	128	4.78937
2	6.9	119515	1117	50	0
1	6.95	3755855	2817	129	4.74769
2	6.95	120702	1127	50	0
1	7	3787996	2842	131	4.70802
2	7	121889	1137	50	0
1	7.05	3820075	2866	134	4.83592
2	7.05	123071	1147	50	0
1	7.1	3853677	2891	134	4.79519
2	7.1	124258	1157	50	0
1	7.15	3885823	2916	132	4.7569
2	7.15	125579	1168	50	0
1	7.2	3920944	2942	127	4.71838
2	7.2	126766	1178	50	0
1	7.25	3957638	2970	125	4.84026
2	7.25	128082	1189	50	0
1	7.3	3991303	2996	119	4.80203
2	7.3	129403	1200	50	0
1	7.35	4024905	3021	123	4.76441
2	7.35	130724	1211	50	0
1	7.4	4058565	3047	121	4.72707
2	7.4	131911	1221	50	0.158867
1	7.45	4092168	3072	127	4.84671
2	7.45	133232	1232	50	0.157566
1	7.5	4125828	3098	123	4.80924
2	7.5	134414	1242	50	0.156398
1	7.55	4160949	3124	130	4.77077
2	7.55	135735	1253	50	0.155134
1	7.6	4196133	3151	124	4.88836
2	7.6	136922	1263	50	0.154
1	7.65	4232827	3179	122	4.85124
2	7.65	138298	1275	50	0.152762
1	7.7	4269530	3207	113	4.81475
2	7.7	139753	1287	50	0.151599
1	7.75	4306170	3234	114	4.77891
2	7.75	141069	1298	50	0.150507
1	7.8	4338316	3259	122	4.89057
2	7.8	142390	1309	50	0.149385
1	7.85	4368876	3282	129	4.855
2	7.85	143577	1319	50	0.148306
1	7.9	4404055	3309	129	4.8196
2	7.9	144764	1329	50	0.147173
1	7.95	4439181	3335	128	4.78499
2	7.95	146085	1340	50	0.146093
1	8	4475879	3363	121	4.89424
2	8	147401	1351	50	0.144997
1	8.05	4512578	3391	117	4.85905
2	8.05	148722	1362	50	0.143989
1	8.1	4547699	3417	117	4.82502
2	8.1	150098	1374	50	0.142914
1	8.15	4582883	3444	122	4.79137
2	8.15	151419	1385	50	0.141952
1	8.2	4619581	3472	118	4.89709
2	8.2	152740	1396	50	0.140963
1	8.25	4656280	3500	120	4.8624
2	8.25	154056	1407	50	0.139958
1	8.3	4688363	3524	123	4.83024
2	8.3	155377	1418	50	0.139007
1	8.35	4722023	3550	128	4.93392
2	8.35	156698	1429	50	0.138005
1	8.4	4754106	3574	129	4.90071
2	8.4	157885	1439	50	0.137095
1	8.45	4787709	3599	135	4.8664
2	8.45	159072	1449	50	0.136215
1	8.5	4819850	3624	139	4.83399
2	8.5	160388	1460	50	0.135176
1	8.55	4851933	3648	140	4.93546
2	8.55	161575	1470	50	0.134318
1	8.6	4885593	3674	139	4.90254
2	8.6	162762	1480	50	0.133431
1	8.65	4919200	3699	137	4.87008
2	8.65	164083	1491	50	0.132499
1	8.7	4951279	3723	138	4.83805
2	8.7	165265	1501	50	0.131661
1	8.75	4981843	3746	139	4.9378
2	8.75	166452	1511	50	0.130797
1	8.8	5015503	3772	142	4.90554
2	8.8	167639	1521	50	0.12994
1	8.85	5049110	3797	139	4.87383
2	8.85	168826	1531	50	0.129167
1	8.9	5081247	3822	139	4.8427
2	8.9	170142	1542	50	0.128257
1	8.95	5113330	3846	139	4.93859
2	8.95	171329	1552	50	0.127476
1	9	5150033	3874	137	4.9072
2	9	172516	1562	50	0.126666
1	9.05	5186731	3902	134	4.87643
2	9.05	173837	1573	50	0.12589
1	9.1	5220329	3927	126	4.84637
2	9.1	175292	1585	50	0.125035
1	9.15	5253994	3953	130	4.9401
2	9.15	176474	1595	50	0.124299
1	9.2	5287596	3978	130	4.90976
2	9.2	177795	1606	50	0.123501
1	9.25	5321256	4004	138	4.87976
2	9.25	178982	1616	50	0.122776
1	9.3	5354859	4029	133	4.8505
2	9.3	180303	1627	50	0.121992
1	9.35	5388519	4055	137	4.94209
2	9.35	181485	1637	50	0.121294
1	9.4	5425222	4083	133	4.91203
2	9.4	182806	1648	50	0.120537
1	9.45	5461862	4110	125	4.8824
2	9.45	184127	1659	50	0.119804
1	9.5	5497042	4137	126	4.85432
2	9.5	185503	1671	50	0.11911
1	9.55	5533740	4165	127	4.94309
2	9.55	186824	1682	50	0.118426
1	9.6	5551685	4186	50	4.91801
2	9.6	188140	1693	50	0.117721
1	9.65	5551917	4190	50	4.89015
2	9.65	189273	1702	50	0.11716
1	9.7	5552301	4195	50	4.86358
2	9.7	190088	1708	50	0.11644
1	9.75	5552878	4202	50	4.83404
2	9.75	190718	1713	50	0.115936
1	9.8	5553308	4207	50	4.81336
2	9.8	190718	1713	50	0.115936
1	9.85	5553308	4207	50	4.81336
2	9.85	190718	1713	50	0.115936
1	9.9	5553308	4207	50	4.81336
2	9.9	190718	1713	50	0.115936
1	9.95	5553308	4207	50	4.81336
2	9.95	190718	1713	50	0.115936
1	10	5553308	4207	50	4.81336
2	10	190718	1713	50	0.115936
1	10.05	5553308	4207	50	4.81336
2	10.05	190718	1713	50	0.115936
1	10.1	5553308	4207	50	4.81336
2	10.1	190718	1713	50	0.115936
1	10.15	5553308	4207	50	4.81336
2	10.15	190718	1713	50	0.115936
1	10.2	5553308	4207	50	4.81336
2	10.2	190718	1713	50	0.115936
1	10.25	5553308	4207	50	4.81336
2	10.25	190718	1713	50	0.115936
1	10.3	5553308	4207	50	4.81336
2	10.3	190718	1713	50	0.115936
1	10.35	5553308	4207	50	4.81336
2	10.35	190718	1713	50	0.115936
1	10.4	5553308	4207	50	4.81336
2	10.4	190718	1713	50	0.115936
1	10.45	5553308	4207	50	4.81336
2	10.45	190718	1713	50	0.115936
1	10.5	5553308	4207	50	4.81336
2	10.5	190718	1713	50	0.115936
1	10.55	5553308	4207	50	4.81336
2	10.55	190718	1713	50	0.115936
1	10.6	5553308	4207	50	4.81336
2	10.6	190718	1713	50	0.115936
1	10.65	5553308	4207	50	4.81336
2	10.65	190718	1713	50	0.115936
1	10.7	5553308	4207	50	4.81336
2	10.7	190718	1713	50	0.115936
1	10.75	5553308	4207	50	4.81336
2	10.75	190718	1713	50	0.115936
1	10.8	5553308	4207	50	4.81336
2	10.8	190718	1713	50	0.115936
1	10.85	5553308	4207	50	4.81336
2	10.85	190718	1713	50	0.115936
1	10.9	5553308	4207	50	4.81336
2	10.9	190718	1713	50	0.115936
1	10.95	5553308	4207	50	4.81336
2	10.95	190718	1713	50	0.115936
1	11	5553308	4207	50	4.81336
2	11	190718	1713	50	0.115936
1	11.05	5553308	4207	50	4.81336
2	11.05	190718	1713	50	0.115936
1	11.1	5553308	4207	50	4.81336
2	11.1	190718	1713	50	0.115936
1	11.15	5553308	4207	50	4.81336
2	11.15	190718	1713	50	0.115936
1	11.2	5553308	4207	50	4.81336
2	11.2	190718	1713	50	0.115936
1	11.25	5553308	4207	50	4.81336
2	11.25	190718	1713	50	0.115936
1	11.3	5553308	4207	50	4.81336
2	11.3	190718	1713	50	0.115936
1	11.35	5553308	4207	50	4.81336
2	11.35	190718	1713	50	0.115936
1	11.4	5553308	4207	50	4.81336
2	11.4	190718	1713	50	0.115936
1	11.45	5553308	4207	50	4.81336
2	11.45	190718	1713	50	0.115936
1	11.5	5553308	4207	50	4.81336
2	11.5	190718	1713	50	0.115936
1	11.55	5553308	4207	50	4.81336
2	11.55	190718	1713	50	0.115936
1	11.6	5553308	4207	50	4.81336
2	11.6	190718	1713	50	0.115936
1	11.65	5553308	4207	50	4.81336
2	11.65	190718	1713	50	0.115936
1	11.7	5553308	4207	50	4.81336
2	11.7	190718	1713	50	0.115936
1	11.75	5553308	4207	50	4.81336
2	11.75	190718	1713	50	0.115936
1	11.8	5553308	4207	50	4.81336
2	11.8	190718	1713	50	0.115936
1	11.85	5553308	4207	50	4.81336
2	11.85	190718	1713	50	0.115936
1	11.9	5553308	4207	50	4.81336
2	11.9	190718	1713	50	0.115936
1	11.95	5553308	4207	50	4.81336
2	11.95	190718	1713	50	0.115936
1	12	5553308	4207	50	4.81336
2	12	190718	1713	50	0.115936
1	12.05	5553308	4207	50	4.81336
2	12.05	190718	1713	50	0.115936
1	12.1	5553308	4207	50	4.81336
2	12.1	190718	1713	50	0.115936
1	12.15	5553308	4207	50	4.81336
2	12.15	190718	1713	50	0.115936
1	12.2	5553308	4207	50	4.81336
2	12.2	190718	1713	50	0.115936
1	12.25	5553308	4207	50	4.81336
2	12.25	190718	1713	50	0.115936
1	12.3	5553308	4207	50	4.81336
2	12.3	190718	1713	50	0.115936
1	12.35	5553308	4207	50	4.81336
2	12.35	190718	1713	50	0.115936
1	12.4	5553308	4207	50	4.81336
2	12.4	190718	1713	50	0.115936
1	12.45	5553308	4207	50	4.81336
2	12.45	190718	1713	50	0.115936
1	12.5	5553308	4207	50	4.81336
2	12.5	190718	1713	50	0.115936
1	12.55	5553308	4207	50	4.81336
2	12.55	190718	1713	50	0.115936
1	12.6	5553308	4207	50	4.81336
2	12.6	190718	1713	50	0.115936
1	12.65	5553308	4207	50	4.81336
2	12.65	190718	1713	50	0.115936
1	12.7	5553308	4207	50	4.81336
2	12.7	190718	1713	50	0.115936
1	12.75	5553308	4207	50	4.81336
2	12.75	190718	1713	50	0.115936
1	12.8	5553308	4207	50	4.81336
2	12.8	190718	1713	50	0.115936
1	12.85	5553308	4207	50	4.81336
2	12.85	190718	1713	50	0.115936
1	12.9	5553308	4207	50	4.81336
2	12.9	190718	1713	50	0.115936
1	12.95	5553308	4207	50	4.81336
2	12.95	190718	1713	50	0.115936
1	13	5553308	4207	50	4.81336
2	13	190718	1713	50	0.115936
1	13.05	5553308	4207	50	4.81336
2	13.05	190718	1713	50	0.115936
1	13.1	5553308	4207	50	4.81336
2	13.1	190718	1713	50	0.115936
1	13.15	5553308	4207	50	4.81336
2	13.15	190718	1713	50	0.115936
1	13.2	5553308	4207	50	4.81336
2	13.2	190718	1713	50	0.115936
1	13.25	5553308	4207	50	4.81336
2	13.25	190718	1713	50	0.115936
1	13.3	5553308	4207	50	4.81336
2	13.3	190718	1713	50	0.115936
1	13.35	5553308	4207	50	4.81336
2	13.35	190718	1713	50	0.115936
1	13.4	5553308	4207	50	4.81336
2	13.4	190718	1713	50	0.115936
1	13.45	5553308	4207	50	4.81336
2	13.45	190718	1713	50	0.115936
1	13.5	5553308	4207	50	4.81336
2	13.5	190718	1713	50	0.115936
1	13.55	5553308	4207	50	4.81336
2	13.55	190718	1713	50	0.115936
1	13.6	5553308	4207	50	4.81336
2	13.6	190718	1713	50	0.115936
1	13.65	5553308	4207	50	4.81336
2	13.65	190718	1713	50	0.115936
1	13.7	5553308	4207	50	4.81336
2	13.7	190718	1713	50	0.115936
1	13.75	5553308	4207	50	4.81336
2	13.75	190718	1713	50	0.115936
1	13.8	5553308	4207	50	4.81336
2	13.8	190718	1713	50	0.115936
1	13.85	5553308	4207	50	4.81336
2	13.85	190718	1713	50	0.115936
1	13.9	5553308	4207	50	4.81336
2	13.9	190718	1713	50	0.115936
1	13.95	5553308	4207	50	4.81336
2	13.95	190718	1713	50	0.115936
1	14	5553308	4207	50	4.81336
2	14	190718	1713	50	0.115936
1	14.05	5553308	4207	50	4.81336
2	14.05	190718	1713	50	0.115936
1	14.1	5553308	4207	50	4.81336
2	14.1	190718	1713	50	0.115936
1	14.15	5553308	4207	50	4.81336
2	14.15	190718	1713	50	0.115936
1	14.2	5553308	4207	50	4.81336
2	14.2	190718	1713	50	0.115936
1	14.25	5553308	4207	50	4.81336
2	14.25	190718	1713	50	0.115936
1	14.3	5553308	4207	50	4.81336
2	14.3	190718	1713	50	0.115936
1	14.35	5553308	4207	50	4.81336
2	14.35	190718	1713	50	0.115936
1	14.4	5553308	4207	50	4.81336
2	14.4	190718	1713	50	0.115936
1	14.45	5553308	4207	50	4.81336
2	14.45	190718	1713	50	0.115936
1	14.5	5553308	4207	50	4.81336
2	14.5	190718	1713	50	0.115936
1	14.55	5553308	4207	50	4.81336
2	14.55	190718	1713	50	0.115936
1	14.6	5553308	4207	50	4.81336
2	14.6	190718	1713	50	0.115936
1	14.65	5553308	4207	50	4.81336
2	14.65	190718	1713	50	0.115936
1	14.7	5553308	4207	50	4.81336
2	14.7	190718	1713	50	0.115936
1	14.75	5553308	4207	50	4.81336
2	14.75	190718	1713	50	0.115936
1	14.8	5553308	4207	50	4.81336
2	14.8	190718	1713	50	0.115936
1	14.85	5553308	4207	50	4.81336
2	14.85	190718	1713	50	0.115936
1	14.9	5553308	4207	50	4.81336
2	14.9	190718	1713	50	0.115936
1	14.95	5553308	4207	50	4.81336
2	14.95	190718	1713	50	0.115936
1	15	5553308	4207	50	4.81336
2	15	190718	1713	50	0.115936
1	15.05	5553308	4207	50	4.81336
2	15.05	190718	1713	50	0.115936
1	15.1	5553308	4207	50	4.81336
2	15.1	190718	1713	50	0.115936
1	15.15	5553308	4207	50	4.81336
2	15.15	190718	1713	50	0.115936
1	15.2	5553308	4207	50	4.81336
2	15.2	190718	1713	50	0.115936
1	15.25	5553308	4207	50	4.81336
2	15.25	190718	1713	50	0.115936
1	15.3	5553308	4207	50	4.81336
2	15.3	190718	1713	50	0.115936
1	15.35	5553308	4207	50	4.81336
2	15.35	190718	1713	50	0.115936
1	15.4	5553308	4207	50	4.81336
2	15.4	190718	1713	50	0.115936
1	15.45	5553308	4207	50	4.81336
2	15.45	190718	1713	50	0.115936
1	15.5	5553308	4207	50	4.81336
2	15.5	190718	1713	50	0.115936
1	15.55	5553308	4207	50	4.81336
2	15.55	190718	1713	50	0.115936
1	15.6	5553308	4207	50	4.81336
2	15.6	190718	1713	50	0.115936
1	15.65	5553308	4207	50	4.81336
2	15.65	190718	1713	50	0.115936
1	15.7	5553308	4207	50	4.81336
2	15.7	190718	1713	50	0.115936
1	15.75	5553308	4207	50	4.81336
2	15.75	190718	1713	50	0.115936
1	15.8	5553308	4207	50	4.81336
2	15.8	190718	1713	50	0.115936
1	15.85	5553308	4207	50	4.81336
2	15.85	190718	1713	50	0.115936
1	15.9	5553308	4207	50	4.81336
2	15.9	190718	1713	50	0.115936
1	15.95	5553308	4207	50	4.81336
2	15.95	190718	1713	50	0.115936
1	16	5553308	4207	50	4.81336
2	16	190718	1713	50	0.115936
1	16.05	5553308	4207	50	4.81336
2	16.05	190718	1713	50	0.115936
1	16.1	5553308	4207	50	4.81336
2	16.1	190718	1713	50	0.115936
1	16.15	5553308	4207	50	4.81336
2	16.15	190718	1713	50	0.115936
1	16.2	5553308	4207	50	4.81336
2	16.2	190718	1713	50	0.115936
1	16.25	5553308	4207	50	4.81336
2	16.25	190718	1713	50	0.115936
1	16.3	5553308	4207	50	4.81336
2	16.3	190718	1713	50	0.115936
1	16.35	5553308	4207	50	4.81336
2	16.35	190718	1713	50	0.115936
1	16.4	5553308	4207	50	4.81336
2	16.4	190718	1713	50	0.115936
1	16.45	5553308	4207	50	4.81336
2	16.45	190718	1713	50	0.115936
1	16.5	5553308	4207	50	4.81336
2	16.5	190718	1713	50	0.115936
1	16.55	5553308	4207	50	4.81336
2	16.55	190718	1713	50	0.115936
1	16.6	5553308	4207	50	4.81336
2	16.6	190718	1713	50	0.115936
1	16.65	5553308	4207	50	4.81336
2	16.65	190718	1713	50	0.115936
1	16.7	5553308	4207	50	4.81336
2	16.7	190718	1713	50	0.115936
1	16.75	5553308	4207	50	4.81336
2	16.75	190718	1713	50	0.115936
1	16.8	5553308	4207	50	4.81336
2	16.8	190718	1713	50	0.115936
1	16.85	5553308	4207	50	4.81336
2	16.85	190718	1713	50	0.115936
1	16.9	5553308	4207	50	4.81336
2	16.9	190718	1713	50	0.115936
1	16.95	5553308	4207	50	4.81336
2	16.95	190718	1713	50	0.115936
1	17	5553308	4207	50	4.81336
2	17	190718	1713	50	0.115936
1	17.05	5553308	4207	50	4.81336
2	17.05	190718	1713	50	0.115936
1	17.1	5553308	4207	50	4.81336
2	17.1	190718	1713	50	0.115936
1	17.15	5553308	4207	50	4.81336
2	17.15	190718	1713	50	0.115936
1	17.2	5553308	4207	50	4.81336
2	17.2	190718	1713	50	0.115936
1	17.25	5553308	4207	50	4.81336
2	17.25	190718	1713	50	0.115936
1	17.3	5553308	4207	50	4.81336
2	17.3	190718	1713	50	0.115936
1	17.35	5553308	4207	50	4.81336
2	17.35	190718	1713	50	0.115936
1	17.4	5553308	4207	50	4.81336
2	17.4	190718	1713	50	0.115936
1	17.45	5553308	4207	50	4.81336
2	17.45	190718	1713	50	0.115936
1	17.5	5553308	4207	50	4.81336
2	17.5	190718	1713	50	0.115936
1	17.55	5553308	4207	50	4.81336
2	17.55	190718	1713	50	0.115936
1	17.6	5553308	4207	50	4.81336
2	17.6	190718	1713	50	0.115936
1	17.65	5553308	4207	50	4.81336
2	17.65	190718	1713	50	0.115936
1	17.7	5553308	4207	50	4.81336
2	17.7	190718	1713	50	0.115936
1	17.75	5553308	4207	50	4.81336
2	17.75	190718	1713	50	0.115936
1	17.8	5553308	4207	50	4.81336
2	17.8	190718	1713	50	0.115936
1	17.85	5553308	4207	50	4.81336
2	17.85	190718	1713	50	0.115936
1	17.9	5553308	4207	50	4.81336
2	17.9	190718	1713	50	0.115936
1	17.95	5553308	4207	50	4.81336
2	17.95	190718	1713	50	0.115936
1	18	5553308	4207	50	4.81336
2	18	190718	1713	50	0.115936
1	18.05	5553308	4207	50	4.81336
2	18.05	190718	1713	50	0.115936
1	18.1	5553308	4207	50	4.81336
2	18.1	190718	1713	50	0.115936
1	18.15	5553308	4207	50	4.81336
2	18.15	190718	1713	50	0.115936
1	18.2	5553308	4207	50	4.81336
2	18.2	190718	1713	50	0.115936
1	18.25	5553308	4207	50	4.81336
2	18.25	190718	1713	50	0.115936
1	18.3	5553308	4207	50	4.81336
2	18.3	190718	1713	50	0.115936
1	18.35	5553308	4207	50	4.81336
2	18.35	190718	1713	50	0.115936
1	18.4	5553308	4207	50	4.81336
2	18.4	190718	1713	50	0.115936
1	18.45	5553308	4207	50	4.81336
2	18.45	190718	1713	50	0.115936
1	18.5	5553308	4207	50	4.81336
2	18.5	190718	1713	50	0.115936
1	18.55	5553308	4207	50	4.81336
2	18.55	190718	1713	50	0.115936
1	18.6	5553308	4207	50	4.81336
2	18.6	190718	1713	50	0.115936
1	18.65	5553308	4207	50	4.81336
2	18.65	190718	1713	50	0.115936
1	18.7	5553308	4207	50	4.81336
2	18.7	190718	1713	50	0.115936
1	18.75	5553308	4207	50	4.81336
2	18.75	190718	1713	50	0.115936
1	18.8	5553308	4207	50	4.81336
2	18.8	190718	1713	50	0.115936
1	18.85	5553308	4207	50	4.81336
2	18.85	190718	1713	50	0.115936
1	18.9	5553308	4207	50	4.81336
2	18.9	190718	1713	50	0.115936
1	18.95	5553308	4207	50	4.81336
2	18.95	190718	1713	50	0.115936
1	19	5553308	4207	50	4.81336
2	19	190718	1713	50	0.115936
1	19.05	5553308	4207	50	4.81336
2	19.05	190718	1713	50	0.115936
1	19.1	5553308	4207	50	4.81336
2	19.1	190718	1713	50	0.115936
1	19.15	5553308	4207	50	4.81336
2	19.15	190718	1713	50	0.115936
1	19.2	5553308	4207	50	4.81336
2	19.2	190718	1713	50	0.115936
1	19.25	5553308	4207	50	4.81336
2	19.25	190718	1713	50	0.115936
1	19.3	5553308	4207	50	4.81336
2	19.3	190718	1713	50	0.115936
1	19.35	5553308	4207	50	4.81336
2	19.35	190718	1713	50	0.115936
1	19.4	5553308	4207	50	4.81336
2	19.4	190718	1713	50	0.115936
1	19.45	5553308	4207	50	4.81336
2	19.45	190718	1713	50	0.115936
1	19.5	5553308	4207	50	4.81336
2	19.5	190718	1713	50	0.115936
1	19.55	5553308	4207	50	4.81336
2	19.55	190718	1713	50	0.115936
1	19.6	5553308	4207	50	4.81336
2	19.6	190718	1713	50	0.115936
1	19.65	5553308	4207	50	4.81336
2	19.65	190718	1713	50	0.115936
1	19.7	5553308	4207	50	4.81336
2	19.7	190718	1713	50	0.115936
1	19.75	5553308	4207	50	4.81336
2	19.75	190718	1713	50	0.115936
1	19.8	5553308	4207	50	4.81336
2	19.8	190718	1713	50	0.115936
1	19.85	5553308	4207	50	4.81336
2	19.85	190718	1713	50	0.115936
1	19.9	5553308	4207	50	4.81336
2	19.9	190718	1713	50	0.115936
1	19.95	5553308	4207	50	4.81336
2	19.95	190718	1713	50	0.115936
1	20	5553308	4207	50	4.81336
2	20	190718	1713	50	0.115936
1	20.05	5553308	4207	50	4.81336
2	20.05	190718	1713	50	0.115936
1	20.1	5553308	4207	50	4.81336
2	20.1	190718	1713	50	0.115936
1	20.15	5553308	4207	50	4.81336
2	20.15	190718	1713	50	0.115936
1	20.2	5553308	4207	50	4.81336
2	20.2	190718	1713	50	0.115936
1	20.25	5553308	4207	50	4.81336
2	20.25	190718	1713	50	0.115936
1	20.3	5553308	4207	50	4.81336
2	20.3	190718	1713	50	0.115936
1	20.35	5553308	4207	50	4.81336
2	20.35	190718	1713	50	0.115936
1	20.4	5553308	4207	50	4.81336
2	20.4	190718	1713	50	0.115936
1	20.45	5553308	4207	50	4.81336
2	20.45	190718	1713	50	0.115936
1	20.5	5553308	4207	50	4.81336
2	20.5	190718	1713	50	0.115936
1	20.55	5553308	4207	50	4.81336
2	20.55	190718	1713	50	0.115936
1	20.6	5553308	4207	50	4.81336
2	20.6	190718	1713	50	0.115936
1	20.65	5553308	4207	50	4.81336
2	20.65	190718	1713	50	0.115936
1	20.7	5553308	4207	50	4.81336
2	20.7	190718	1713	50	0.115936
1	20.75	5553308	4207	50	4.81336
2	20.75	190718	1713	50	0.115936
1	20.8	5553308	4207	50	4.81336
2	20.8	190718	1713	50	0.115936
1	20.85	5553308	4207	50	4.81336
2	20.85	190718	1713	50	0.115936
1	20.9	5553308	4207	50	4.81336
2	20.9	190718	1713	50	0.115936
1	20.95	5553308	4207	50	4.81336
2	20.95	190718	1713	50	0.115936
1	21	5553308	4207	50	4.81336
2	21	190718	1713	50	0.115936
1	21.05	5553308	4207	50	4.81336
2	21.05	190718	1713	50	0.115936
1	21.1	5553308	4207	50	4.81336
2	21.1	190718	1713	50	0.115936
1	21.15	5553308	4207	50	4.81336
2	21.15	190718	1713	50	0.115936
1	21.2	5553308	4207	50	4.81336
2	21.2	190718	1713	50	0.115936
1	21.25	5553308	4207	50	4.81336
2	21.25	190718	1713	50	0.115936
1	21.3	5553308	4207	50	4.81336
2	21.3	190718	1713	50	0.115936
1	21.35	5553308	4207	50	4.81336
2	21.35	190718	1713	50	0.115936
1	21.4	5553308	4207	50	4.81336
2	21.4	190718	1713	50	0.115936
1	21.45	5553308	4207	50	4.81336
2	21.45	190718	1713	50	0.115936
1	21.5	5553308	4207	50	4.81336
2	21.5	190718	1713	50	0.115936
1	21.55	5553308	4207	50	4.81336
2	21.55	190718	1713	50	0.115936
1	21.6	5553308	4207	50	4.81336
2	21.6	190718	1713	50	0.115936
1	21.65	5553308	4207	50	4.81336
2	21.65	190718	1713	50	0.115936
1	21.7	5553308	4207	50	4.81336
2	21.7	190718	1713	50	0.115936
1	21.75	5553308	4207	50	4.81336
2	21.75	190718	1713	50	0.115936
1	21.8	5553308	4207	50	4.81336
2	21.8	190718	1713	50	0.115936
1	21.85	5553308	4207	50	4.81336
2	21.85	190718	1713	50	0.115936
1	21.9	5553308	4207	50	4.81336
2	21.9	190718	1713	50	0.115936
1	21.95	5553308	4207	50	4.81336
2	21.95	190718	1713	50	0.115936
1	22	5553308	4207	50	4.81336
2	22	190718	1713	50	0.115936
1	22.05	5553308	4207	50	4.81336
2	22.05	190718	1713	50	0.115936
1	22.1	5553308	4207	50	4.81336
2	22.1	190718	1713	50	0.115936
1	22.15	5553308	4207	50	4.81336
2	22.15	190718	1713	50	0.115936
1	22.2	5553308	4207	50	4.81336
2	22.2	190718	1713	50	0.115936
1	22.25	5553308	4207	50	4.81336
2	22.25	190718	1713	50	0.115936
1	22.3	5553308	4207	50	4.81336
2	22.3	190718	1713	50	0.115936
1	22.35	5553308	4207	50	4.81336
2	22.35	190718	1713	50	0.115936
1	22.4	5553308	4207	50	4.81336
2	22.4	190718	1713	50	0.115936
1	22.45	5553308	4207	50	4.81336
2	22.45	190718	1713	50	0.115936
1	22.5	5553308	4207	50	4.81336
2	22.5	190718	1713	50	0.115936
1	22.55	5553308	4207	50	4.81336
2	22.55	190718	1713	50	0.115936
1	22.6	5553308	4207	50	4.81336
2	22.6	190718	1713	50	0.115936
1	22.65	5553308	4207	50	4.81336
2	22.65	190718	1713	50	0.115936
1	22.7	5553308	4207	50	4.81336
2	22.7	190718	1713	50	0.115936
1	22.75	5553308	4207	50	4.81336
2	22.75	190718	1713	50	0.115936
1	22.8	5553308	4207	50	4.81336
2	22.8	190718	1713	50	0.115936
1	22.85	5553308	4207	50	4.81336
2	22.85	190718	1713	50	0.115936
1	22.9	5553308	4207	50	4.81336
2	22.9	190718	1713	50	0.115936
1	22.95	5553308	4207	50	4.81336
2	22.95	190718	1713	50	0.115936
1	23	5553308	4207	50	4.81336
2	23	190718	1713	50	0.115936
1	23.05	5553308	4207	50	4.81336
2	23.05	190718	1713	50	0.115936
1	23.1	5553308	4207	50	4.81336
2	23.1	190718	1713	50	0.115936
1	23.15	5553308	4207	50	4.81336
2	23.15	190718	1713	50	0.115936
1	23.2	5553308	4207	50	4.81336
2	23.2	190718	1713	50	0.115936
1	23.25	5553308	4207	50	4.81336
2	23.25	190718	1713	50	0.115936
1	23.3	5553308	4207	50	4.81336
2	23.3	190718	1713	50	0.115936
1	23.35	5553308	4207	50	4.81336
2	23.35	190718	1713	50	0.115936
1	23.4	5553308	4207	50	4.81336
2	23.4	190718	1713	50	0.115936
1	23.45	5553308	4207	50	4.81336
2	23.45	190718	1713	50	0.115936
1	23.5	5553308	4207	50	4.81336
2	23.5	190718	1713	50	0.115936
1	23.55	5553308	4207	50	4.81336
2	23.55	190718	1713	50	0.115936
1	23.6	5553308	4207	50	4.81336
2	23.6	190718	1713	50	0.115936
1	23.65	5553308	4207	50	4.81336
2	23.65	190718	1713	50	0.115936
1	23.7	5553308	4207	50	4.81336
2	23.7	190718	1713	50	0.115936
1	23.75	5553308	4207	50	4.81336
2	23.75	190718	1713	50	0.115936
1	23.8	5553308	4207	50	4.81336
2	23.8	190718	1713	50	0.115936
1	23.85	5553308	4207	50	4.81336
2	23.85	190718	1713	50	0.115936
1	23.9	5553308	4207	50	4.81336
2	23.9	190718	1713	50	0.115936
1	23.95	5553308	4207	50	4.81336
2	23.95	190718	1713	50	0.115936
1	24	5553308	4207	50	4.81336
2	24	190718	1713	50	0.115936
1	24.05	5553308	4207	50	4.81336
2	24.05	190718	1713	50	0.115936
1	24.1	5553308	4207	50	4.81336
2	24.1	190718	1713	50	0.115936
1	24.15	5553308	4207	50	4.81336
2	24.15	190718	1713	50	0.115936
1	24.2	5553308	4207	50	4.81336
2	24.2	190718	1713	50	0.115936
1	24.25	5553308	4207	50	4.81336
2	24.25	190718	1713	50	0.115936
1	24.3	5553308	4207	50	4.81336
2	24.3	190718	1713	50	0.115936
1	24.35	5553308	4207	50	4.81336
2	24.35	190718	1713	50	0.115936
1	24.4	5553308	4207	50	4.81336
2	24.4	190718	1713	50	0.115936
1	24.45	5553308	4207	50	4.81336
2	24.45	190718	1713	50	0.115936
1	24.5	5553308	4207	50	4.81336
2	24.5	190718	1713	50	0.115936
1	24.55	5553308	4207	50	4.81336
2	24.55	190718	1713	50	0.115936
1	24.6	5553308	4207	50	4.81336
2	24.6	190718	1713	50	0.115936
1	24.65	5553308	4207	50	4.81336
2	24.65	190718	1713	50	0.115936
1	24.7	5553308	4207	50	4.81336
2	24.7	190718	1713	50	0.115936
1	24.75	5553308	4207	50	4.81336
2	24.75	190718	1713	50	0.115936
1	24.8	5553308	4207	50	4.81336
2	24.8	190718	1713	50	0.115936
1	24.85	5553308	4207	50	4.81336
2	24.85	190718	1713	50	0.115936
1	24.9	5553308	4207	50	4.81336
2	24.9	190718	1713	50	0.115936
1	24.95	5553308	4207	50	4.81336
2	24.95	190718	1713	50	0.115936
1	25	5553308	4207	50	4.81336
2	25	190718	1713	50	0.115936
1	25.05	5553308	4207	50	4.81336
2	25.05	190718	1713	50	0.115936
1	25.1	5553308	4207	50	4.81336
2	25.1	190718	1713	50	0.115936
1	25.15	5553308	4207	50	4.81336
2	25.15	190718	1713	50	0.115936
1	25.2	5553308	4207	50	4.81336
2	25.2	190718	1713	50	0.115936
1	25.25	5553308	4207	50	4.81336
2	25.25	190718	1713	50	0.115936
1	25.3	5553308	4207	50	4.81336
2	25.3	190718	1713	50	0.115936
1	25.35	5553308	4207	50	4.81336
2	25.35	190718	1713	50	0.115936
1	25.4	5553308	4207	50	4.81336
2	25.4	190718	1713	50	0.115936
1	25.45	5553308	4207	50	4.81336
2	25.45	190718	1713	50	0.115936
1	25.5	5553308	4207	50	4.81336
2	25.5	190718	1713	50	0.115936
1	25.55	5553308	4207	50	4.81336
2	25.55	190718	1713	50	0.115936
1	25.6	5553308	4207	50	4.81336
2	25.6	190718	1713	50	0.115936
1	25.65	5553308	4207	50	4.81336
2	25.65	190718	1713	50	0.115936
1	25.7	5553308	4207	50	4.81336
2	25.7	190718	1713	50	0.115936
1	25.75	5553308	4207	50	4.81336
2	25.75	190718	1713	50	0.115936
1	25.8	5553308	4207	50	4.81336
2	25.8	190718	1713	50	0.115936
1	25.85	5553308	4207	50	4.81336
2	25.85	190718	1713	50	0.115936
1	25.9	5553308	4207	50	4.81336
2	25.9	190718	1713	50	0.115936
1	25.95	5553308	4207	50	4.81336
2	25.95	190718	1713	50	0.115936
1	26	5553308	4207	50	4.81336
2	26	190718	1713	50	0.115936
1	26.05	5553308	4207	50	4.81336
2	26.05	190718	1713	50	0.115936
1	26.1	5553308	4207	50	4.81336
2	26.1	190718	1713	50	0.115936
1	26.15	5553308	4207	50	4.81336
2	26.15	190718	1713	50	0.115936
1	26.2	5553308	4207	50	4.81336
2	26.2	190718	1713	50	0.115936
1	26.25	5553308	4207	50	4.81336
2	26.25	190718	1713	50	0.115936
1	26.3	5553308	4207	50	4.81336
2	26.3	190718	1713	50	0.115936
1	26.35	5553308	4207	50	4.81336
2	26.35	190718	1713	50	0.115936
1	26.4	5553308	4207	50	4.81336
2	26.4	190718	1713	50	0.115936
1	26.45	5553308	4207	50	4.81336
2	26.45	190718	1713	50	0.115936
1	26.5	5553308	4207	50	4.81336
2	26.5	190718	1713	50	0.115936
1	26.55	5553308	4207	50	4.81336
2	26.55	190718	1713	50	0.115936
1	26.6	5553308	4207	50	4.81336
2	26.6	190718	1713	50	0.115936
1	26.65	5553308	4207	50	4.81336
2	26.65	190718	1713	50	0.115936
1	26.7	5553308	4207	50	4.81336
2	26.7	190718	1713	50	0.115936
1	26.75	5553308	4207	50	4.81336
2	26.75	190718	1713	50	0.115936
1	26.8	5553308	4207	50	4.81336
2	26.8	190718	1713	50	0.115936
1	26.85	5553308	4207	50	4.81336
2	26.85	190718	1713	50	0.115936
1	26.9	5553308	4207	50	4.81336
2	26.9	190718	1713	50	0.115936
1	26.95	5553308	4207	50	4.81336
2	26.95	190718	1713	50	0.115936
1	27	5553308	4207	50	4.81336
2	27	190718	1713	50	0.115936
1	27.05	5553308	4207	50	4.81336
2	27.05	190718	1713	50	0.115936
1	27.1	5553308	4207	50	4.81336
2	27.1	190718	1713	50	0.115936
1	27.15	5553308	4207	50	4.81336
2	27.15	190718	1713	50	0.115936
1	27.2	5553308	4207	50	4.81336
2	27.2	190718	1713	50	0.115936
1	27.25	5553308	4207	50	4.81336
2	27.25	190718	1713	50	0.115936
1	27.3	5553308	4207	50	4.81336
2	27.3	190718	1713	50	0.115936
1	27.35	5553308	4207	50	4.81336
2	27.35	190718	1713	50	0.115936
1	27.4	5553308	4207	50	4.81336
2	27.4	190718	1713	50	0.115936
1	27.45	5553308	4207	50	4.81336
2	27.45	190718	1713	50	0.115936
1	27.5	5553308	4207	50	4.81336
2	27.5	190718	1713	50	0.115936
1	27.55	5553308	4207	50	4.81336
2	27.55	190718	1713	50	0.115936
1	27.6	5553308	4207	50	4.81336
2	27.6	190718	1713	50	0.115936
1	27.65	5553308	4207	50	4.81336
2	27.65	190718	1713	50	0.115936
1	27.7	5553308	4207	50	4.81336
2	27.7	190718	1713	50	0.115936
1	27.75	5553308	4207	50	4.81336
2	27.75	190718	1713	50	0.115936
1	27.8	5553308	4207	50	4.81336
2	27.8	190718	1713	50	0.115936
1	27.85	5553308	4207	50	4.81336
2	27.85	190718	1713	50	0.115936
1	27.9	5553308	4207	50	4.81336
2	27.9	190718	1713	50	0.115936
1	27.95	5553308	4207	50	4.81336
2	27.95	190718	1713	50	0.115936
1	28	5553308	4207	50	4.81336
2	28	190718	1713	50	0.115936
1	28.05	5553308	4207	50	4.81336
2	28.05	190718	1713	50	0.115936
1	28.1	5553308	4207	50	4.81336
2	28.1	190718	1713	50	0.115936
1	28.15	5553308	4207	50	4.81336
2	28.15	190718	1713	50	0.115936
1	28.2	5553308	4207	50	4.81336
2	28.2	190718	1713	50	0.115936
1	28.25	5553308	4207	50	4.81336
2	28.25	190718	1713	50	0.115936
1	28.3	5553308	4207	50	4.81336
2	28.3	190718	1713	50	0.115936
1	28.35	5553308	4207	50	4.81336
2	28.35	190718	1713	50	0.115936
1	28.4	5553308	4207	50	4.81336
2	28.4	190718	1713	50	0.115936
1	28.45	5553308	4207	50	4.81336
2	28.45	190718	1713	50	0.115936
1	28.5	5553308	4207	50	4.81336
2	28.5	190718	1713	50	0.115936
1	28.55	5553308	4207	50	4.81336
2	28.55	190718	1713	50	0.115936
1	28.6	5553308	4207	50	4.81336
2	28.6	190718	1713	50	0.115936
1	28.65	5553308	4207	50	4.81336
2	28.65	190718	1713	50	0.115936
1	28.7	5553308	4207	50	4.81336
2	28.7	190718	1713	50	0.115936
1	28.75	5553308	4207	50	4.81336
2	28.75	190718	1713	50	0.115936
1	28.8	5553308	4207	50	4.81336
2	28.8	190718	1713	50	0.115936
1	28.85	5553308	4207	50	4.81336
2	28.85	190718	1713	50	0.115936
1	28.9	5553308	4207	50	4.81336
2	28.9	190718	1713	50	0.115936
1	28.95	5553308	4207	50	4.81336
2	28.95	190718	1713	50	0.115936
1	29	5553308	4207	50	4.81336
2	29	190718	1713	50	0.115936
1	29.05	5553308	4207	50	4.81336
2	29.05	190718	1713	50	0.115936
1	29.1	5553308	4207	50	4.81336
2	29.1	190718	1713	50	0.115936
1	29.15	5553308	4207	50	4.81336
2	29.15	190718	1713	50	0.115936
1	29.2	5553308	4207	50	4.81336
2	29.2	190718	1713	50	0.115936
1	29.25	5553308	4207	50	4.81336
2	29.25	190718	1713	50	0.115936
1	29.3	5553308	4207	50	4.81336
2	29.3	190718	1713	50	0.115936
1	29.35	5553308	4207	50	4.81336
2	29.35	190718	1713	50	0.115936
1	29.4	5553308	4207	50	4.81336
2	29.4	190718	1713	50	0.115936
1	29.45	5553308	4207	50	4.81336
2	29.45	190718	1713	50	0.115936
1	29.5	5553308	4207	50	4.81336
2	29.5	190718	1713	50	0.115936
1	29.55	5553308	4207	50	4.81336
2	29.55	190718	1713	50	0.115936
1	29.6	5553308	4207	50	4.81336
2	29.6	190718	1713	50	0.115936
1	29.65	5553308	4207	50	4.81336
2	29.65	190718	1713	50	0.115936
1	29.7	5553308	4207	50	4.81336
2	29.7	190718	1713	50	0.115936
1	29.75	5553308	4207	50	4.81336
2	29.75	190718	1713	50	0.115936
1	29.8	5553308	4207	50	4.81336
2	29.8	190718	1713	50	0.115936
1	29.85	5553308	4207	50	4.81336
2	29.85	190718	1713	50	0.115936
1	29.9	5553308	4207	50	4.81336
2	29.9	190718	1713	50	0.115936
1	29.95	5553308	4207	50	4.81336
2	29.95	190718	1713	50	0.115936
