1	1.05	0	0	0	-nan
1	1.1	1260	1	52	-nan
2	1.1	0	0	0	-nan
1	1.15	1260	1	52	-nan
2	1.15	129	2	50	0
1	1.2	9838	7	52	0
2	1.2	129	2	50	0
1	1.25	9838	7	52	0
2	1.25	350	6	50	0
1	1.3	22026	16	54	0
2	1.3	408	7	50	0
1	1.35	22082	17	50	0
2	1.35	739	13	50	0
1	1.4	40346	30	59	0
2	1.4	797	14	50	0
1	1.45	46465	35	58	0
2	1.45	1076	19	50	0
1	1.5	60184	45	63	0
2	1.5	1242	22	50	0
1	1.55	93656	69	91	0
2	1.55	1517	27	50	0
1	1.6	104329	77	58	0
2	1.6	2074	37	50	0
1	1.65	134769	99	87	1.67746
2	1.65	2422	43	50	0
1	1.7	169698	123	112	1.54651
2	1.7	2875	51	50	0
1	1.75	204758	149	100	1.43473
2	1.75	3444	61	50	0
1	1.8	235198	171	129	1.34026
2	1.8	4124	73	50	0
1	1.85	265583	192	151	2.51396
2	1.85	4577	81	50	0
1	1.9	297535	215	177	2.36451
2	1.9	5089	90	50	0
1	1.95	335500	241	202	2.22857
2	1.95	5658	100	50	0
1	2	367483	264	227	2.11397
2	2	6227	110	50	0
1	2.05	401027	288	256	3.00933
2	2.05	6791	120	50	0
1	2.1	428434	307	280	2.86566
2	2.1	7360	130	50	0
1	2.15	461978	331	308	2.73433
2	2.15	7819	138	50	0
1	2.2	497046	356	323	2.61501
2	2.2	8307	146	50	0
1	2.25	532051	380	346	3.34113
2	2.25	8861	155	50	0
1	2.3	565592	404	373	3.20751
2	2.3	9354	163	50	0
1	2.35	602179	430	387	3.08592
2	2.35	9867	171	50	0
1	2.4	635723	454	415	2.971
2	2.4	10419	179	50	0
1	2.45	669209	477	446	3.58002
2	2.45	10976	187	50	0
1	2.5	701231	500	470	3.45765
2	2.5	11533	195	50	0
1	2.55	733255	523	494	3.34322
2	2.55	12085	203	50	0
1	2.6	769784	548	513	3.23218
2	2.6	12597	210	50	0
1	2.65	803270	571	537	3.75969
2	2.65	13291	219	50	0
1	2.7	836806	595	559	3.64289
2	2.7	13875	226	50	0
1	2.75	866577	629	251	3.53715
2	2.75	14575	234	50	0
1	2.8	901698	655	249	3.43686
2	2.8	15824	246	50	0
1	2.85	938352	682	242	3.8949
2	2.85	16733	254	50	0
1	2.9	973423	707	244	3.78864
2	2.9	17798	263	50	0
1	2.95	1002407	728	241	3.69118
2	2.95	18865	272	50	0
1	3	1034567	753	243	3.5962
2	3	19787	279	50	0
1	3.05	1068581	784	98	4.00761
2	3.05	20896	287	50	0
1	3.1	1103630	808	99	3.90929
2	3.1	22281	297	50	0
1	3.15	1138765	834	99	3.81596
2	3.15	23445	306	50	0
1	3.2	1175419	861	98	3.72469
2	3.2	24802	317	50	0
1	3.25	1210598	888	98	4.0963
2	3.25	26264	330	50	0
1	3.3	1241162	911	105	4.00815
2	3.3	27621	341	50	0
1	3.35	1273241	935	107	3.91891
2	3.35	28840	351	50	0
1	3.4	1306906	961	112	3.83544
2	3.4	30059	361	50	0
1	3.45	1340508	986	112	4.17319
2	3.45	31273	371	50	0
1	3.5	1374168	1012	106	4.08755
2	3.5	32630	382	50	0
1	3.55	1407774	1037	108	4.00545
2	3.55	33849	392	50	0
1	3.6	1438335	1060	110	3.92816
2	3.6	35206	403	50	0
1	3.65	1470476	1085	116	4.2347
2	3.65	36227	411	50	0
1	3.7	1501040	1108	118	4.15528
2	3.7	37584	422	50	0
1	3.75	1531604	1131	125	4.07875
2	3.75	38665	431	50	0
1	3.8	1568303	1159	116	4.00405
2	3.8	39884	441	50	0
1	3.85	1605001	1187	104	4.29012
2	3.85	41236	452	50	0
1	3.9	1637089	1211	102	4.21422
2	3.9	42731	464	50	0
1	3.95	1667653	1234	106	4.14389
2	3.95	43950	474	50	0
1	4	1699790	1259	113	4.07336
2	4	45031	483	50	0
1	4.05	1731873	1283	122	4.33921
2	4.05	46383	494	50	0
1	4.1	1765475	1308	118	4.26552
2	4.1	47602	504	50	0
1	4.15	1797621	1333	117	4.19744
2	4.15	48821	514	50	0
1	4.2	1831221	1358	113	4.12987
2	4.2	50040	524	50	0
1	4.25	1863360	1383	112	4.38016
2	4.25	51254	534	50	0
1	4.3	1898486	1409	108	4.31297
2	4.3	52611	545	50	0
1	4.35	1933665	1436	109	4.24788
2	4.35	53968	556	50	0
1	4.4	1968844	1463	106	4.48322
2	4.4	55325	567	50	0
1	4.45	2003966	1489	106	4.41706
2	4.45	56682	578	50	0
1	4.5	2037626	1515	111	4.35144
2	4.5	57896	588	50	0
1	4.55	2069709	1539	115	4.29037
2	4.55	59253	599	50	0
1	4.6	2106412	1567	112	4.51037
2	4.6	60472	609	50	0
1	4.65	2141529	1593	110	4.4492
2	4.65	61884	621	50	0
1	4.7	2175194	1619	107	4.38722
2	4.7	63241	632	50	0
1	4.75	2208796	1644	113	4.32683
2	4.75	64593	643	50	0
1	4.8	2242456	1670	112	4.53814
2	4.8	65812	653	50	0
1	4.85	2277578	1696	110	4.47821
2	4.85	67169	664	50	0
1	4.9	2314276	1724	107	4.4198
2	4.9	68388	674	50	0
1	4.95	2350979	1752	104	4.363
2	4.95	69883	686	50	0
1	5	2387677	1780	105	4.56015
2	5	71235	697	50	0
1	5.05	2422857	1807	105	4.50458
2	5.05	72647	709	50	0
1	5.1	2459497	1834	107	4.44694
2	5.1	74004	720	50	0
1	5.15	2494681	1861	108	4.63703
2	5.15	75361	731	50	0
1	5.2	2525245	1884	113	4.58206
2	5.2	76718	742	50	0
1	5.25	2555805	1907	119	4.52804
2	5.25	77932	752	50	0
1	5.3	2589465	1933	125	4.47394
2	5.3	79151	762	50	0
1	5.35	2623067	1958	127	4.65411
2	5.35	80370	772	50	0
1	5.4	2656732	1984	120	4.60092
2	5.4	81727	783	50	0
1	5.45	2690330	2009	120	4.54909
2	5.45	82941	793	50	0
1	5.5	2727033	2037	112	4.49781
2	5.5	84298	804	50	0
1	5.55	2763731	2065	108	4.67024
2	5.55	85655	815	50	0
1	5.6	2798857	2091	106	4.61892
2	5.6	87012	826	50	0
1	5.65	2834032	2118	108	4.56854
2	5.65	88369	837	50	0
1	5.7	2870735	2146	109	4.51836
2	5.7	89721	848	50	0
1	5.75	2905914	2173	108	4.68424
2	5.75	91133	860	50	0
1	5.8	2939516	2198	113	4.63399
2	5.8	92490	871	50	0
1	5.85	2971658	2223	119	4.58679
2	5.85	93847	882	50	0
1	5.9	3003741	2247	125	4.53891
2	5.9	95066	892	50	0
1	5.95	3035824	2271	130	4.69617
2	5.95	96280	902	50	0
1	6	3067965	2296	127	4.64981
2	6	97499	912	50	0
1	6.05	3101563	2321	126	4.60229
2	6.05	98663	921	50	0
1	6.1	3135228	2347	123	4.55717
2	6.1	100020	932	50	0
1	6.15	3168830	2372	120	4.70918
2	6.15	101234	942	50	0
1	6.2	3202490	2398	121	4.66401
2	6.2	102591	953	50	0
1	6.25	3237614	2424	120	4.61769
2	6.25	103865	964	50	0
1	6.3	3271272	2450	121	4.57497
2	6.3	105222	975	50	0
1	6.35	3306398	2476	120	4.71994
2	6.35	106579	986	50	0
1	6.4	3340058	2502	118	4.67627
2	6.4	107793	996	50	0
1	6.45	3375179	2528	117	4.63152
2	6.45	109150	1007	50	0
1	6.5	3405797	2552	126	4.59015
2	6.5	110369	1017	50	0
1	6.55	3437885	2576	126	4.72922
2	6.55	111726	1028	50	0
1	6.6	3473064	2603	128	4.68713
2	6.6	112802	1037	50	0
1	6.65	3508185	2629	123	4.646
2	6.65	114297	1049	50	0
1	6.7	3543365	2656	117	4.78205
2	6.7	115516	1059	50	0
1	6.75	3578486	2682	113	4.74019
2	6.75	116873	1070	50	0
1	6.8	3613670	2709	114	4.69875
2	6.8	118230	1081	50	0
1	6.85	3648849	2736	119	4.65808
2	6.85	119582	1092	50	0
1	6.9	3684029	2763	112	4.78972
2	6.9	120939	1103	50	0
1	6.95	3720669	2790	118	4.74786
2	6.95	122296	1114	50	0
1	7	3752810	2815	117	4.70815
2	7	123708	1126	50	0
1	7.05	3784898	2839	122	4.669
2	7.05	124927	1136	50	0
1	7.1	3816977	2863	129	4.79545
2	7.1	126141	1146	50	0
1	7.15	3849060	2887	133	4.7558
2	7.15	127305	1155	50	0
1	7.2	3882720	2913	132	4.71815
2	7.2	128524	1165	50	0
1	7.25	3917846	2939	128	4.67966
2	7.25	129881	1176	50	0
1	7.3	3953021	2966	122	4.80243
2	7.3	131288	1188	50	0.161363
1	7.35	3988205	2993	119	4.76447
2	7.35	132645	1199	50	0.160078
1	7.4	4023384	3020	116	4.7269
2	7.4	134002	1210	50	0.158813
1	7.45	4058505	3046	116	4.68998
2	7.45	135359	1221	50	0.157561
1	7.5	4092166	3072	121	4.80846
2	7.5	136578	1231	50	0.156436
1	7.55	4125768	3097	122	4.77118
2	7.55	137930	1242	50	0.155164
1	7.6	4159428	3123	126	4.73507
2	7.6	139149	1252	50	0.154014
1	7.65	4193035	3148	124	4.69959
2	7.65	140506	1263	50	0.152794
1	7.7	4226691	3174	126	4.8143
2	7.7	141725	1273	50	0.1517
1	7.75	4260293	3199	131	4.77799
2	7.75	143077	1284	50	0.150497
1	7.8	4292439	3224	134	4.74228
2	7.8	144296	1294	50	0.149412
1	7.85	4323003	3247	135	4.70867
2	7.85	145515	1304	50	0.1483
1	7.9	4355086	3271	138	4.81947
2	7.9	146734	1314	50	0.147249
1	7.95	4385646	3294	141	4.78532
2	7.95	147948	1324	50	0.146147
1	8	4422344	3322	135	4.74967
2	8	149167	1334	50	0.145057
1	8.05	4457528	3349	129	4.85909
2	8.05	150524	1345	50	0.144017
1	8.1	4492649	3375	123	4.8244
2	8.1	151881	1356	50	0.143001
1	8.15	4526310	3401	123	4.79157
2	8.15	153238	1367	50	0.141936
1	8.2	4563008	3429	126	4.7567
2	8.2	154590	1378	50	0.140926
1	8.25	4598134	3455	126	4.86266
2	8.25	155809	1388	50	0.140028
1	8.3	4633313	3482	123	4.8295
2	8.3	157166	1399	50	0.139056
1	8.35	4668430	3508	122	4.79687
2	8.35	158716	1412	50	0.137982
1	8.4	4705133	3536	121	4.76332
2	8.4	159935	1422	50	0.137094
1	8.45	4740312	3563	121	4.8668
2	8.45	161287	1433	50	0.13621
1	8.5	4775496	3590	122	4.8338
2	8.5	162782	1445	50	0.135187
1	8.55	4809094	3615	125	4.80268
2	8.55	164139	1456	50	0.13427
1	8.6	4845797	3643	121	4.76993
2	8.6	165358	1466	50	0.133445
1	8.65	4880976	3670	127	4.87067
2	8.65	166715	1477	50	0.132571
1	8.7	4914578	3695	124	4.8387
2	8.7	168067	1488	50	0.131675
1	8.75	4948239	3721	131	4.80709
2	8.75	169424	1499	50	0.130774
1	8.8	4984879	3748	130	4.90485
2	8.8	170643	1509	50	0.129958
1	8.85	5021582	3776	123	4.87321
2	8.85	172055	1521	50	0.12911
1	8.9	5053665	3800	126	4.8429
2	8.9	173412	1532	50	0.128343
1	8.95	5085802	3825	129	4.81276
2	8.95	174764	1543	50	0.127443
1	9	5119404	3850	136	4.90782
2	9	175983	1553	50	0.126687
1	9.05	5153069	3876	137	4.8766
2	9.05	177202	1563	50	0.125911
1	9.1	5186671	3901	138	4.84681
2	9.1	178559	1574	50	0.125075
1	9.15	5220327	3927	133	4.81739
2	9.15	179773	1584	50	0.124344
1	9.2	5253934	3952	136	4.90954
2	9.2	181130	1595	50	0.123556
1	9.25	5286075	3977	140	4.8798
2	9.25	182349	1605	50	0.122808
1	9.3	5318158	4001	142	4.85068
2	9.3	183706	1616	50	0.121993
1	9.35	5351756	4026	140	4.8206
2	9.35	184925	1626	50	0.121265
1	9.4	5385421	4052	141	4.9122
2	9.4	186139	1636	50	0.120547
1	9.45	5420542	4078	136	4.88247
2	9.45	187496	1647	50	0.119808
1	9.5	5454207	4104	132	4.85361
2	9.5	188715	1657	50	0.119145
1	9.55	5487807	4129	133	4.82511
2	9.55	190072	1668	50	0.118411
1	9.6	5522984	4156	132	4.91392
2	9.6	191286	1678	50	0.117747
1	9.65	5551625	4185	50	4.88769
2	9.65	192643	1689	50	0.117056
1	9.7	5551799	4188	50	4.86308
2	9.7	194138	1701	50	0.116446
1	9.75	5552299	4195	50	4.8343
2	9.75	194977	1707	50	0.11565
1	9.8	5552815	4201	50	4.80161
2	9.8	195623	1712	50	0.115104
1	9.85	5553245	4206	50	4.7792
2	9.85	195623	1712	50	0.115104
1	9.9	5553245	4206	50	4.7792
2	9.9	195623	1712	50	0.115104
1	9.95	5553245	4206	50	4.7792
2	9.95	195623	1712	50	0.115104
1	10	5553245	4206	50	4.7792
2	10	195623	1712	50	0.115104
1	10.05	5553245	4206	50	4.7792
2	10.05	195623	1712	50	0.115104
1	10.1	5553245	4206	50	4.7792
2	10.1	195623	1712	50	0.115104
1	10.15	5553245	4206	50	4.7792
2	10.15	195623	1712	50	0.115104
1	10.2	5553245	4206	50	4.7792
2	10.2	195623	1712	50	0.115104
1	10.25	5553245	4206	50	4.7792
2	10.25	195623	1712	50	0.115104
1	10.3	5553245	4206	50	4.7792
2	10.3	195623	1712	50	0.115104
1	10.35	5553245	4206	50	4.7792
2	10.35	195623	1712	50	0.115104
1	10.4	5553245	4206	50	4.7792
2	10.4	195623	1712	50	0.115104
1	10.45	5553245	4206	50	4.7792
2	10.45	195623	1712	50	0.115104
1	10.5	5553245	4206	50	4.7792
2	10.5	195623	1712	50	0.115104
1	10.55	5553245	4206	50	4.7792
2	10.55	195623	1712	50	0.115104
1	10.6	5553245	4206	50	4.7792
2	10.6	195623	1712	50	0.115104
1	10.65	5553245	4206	50	4.7792
2	10.65	195623	1712	50	0.115104
1	10.7	5553245	4206	50	4.7792
2	10.7	195623	1712	50	0.115104
1	10.75	5553245	4206	50	4.7792
2	10.75	195623	1712	50	0.115104
1	10.8	5553245	4206	50	4.7792
2	10.8	195623	1712	50	0.115104
1	10.85	5553245	4206	50	4.7792
2	10.85	195623	1712	50	0.115104
1	10.9	5553245	4206	50	4.7792
2	10.9	195623	1712	50	0.115104
1	10.95	5553245	4206	50	4.7792
2	10.95	195623	1712	50	0.115104
1	11	5553245	4206	50	4.7792
2	11	195623	1712	50	0.115104
1	11.05	5553245	4206	50	4.7792
2	11.05	195623	1712	50	0.115104
1	11.1	5553245	4206	50	4.7792
2	11.1	195623	1712	50	0.115104
1	11.15	5553245	4206	50	4.7792
2	11.15	195623	1712	50	0.115104
1	11.2	5553245	4206	50	4.7792
2	11.2	195623	1712	50	0.115104
1	11.25	5553245	4206	50	4.7792
2	11.25	195623	1712	50	0.115104
1	11.3	5553245	4206	50	4.7792
2	11.3	195623	1712	50	0.115104
1	11.35	5553245	4206	50	4.7792
2	11.35	195623	1712	50	0.115104
1	11.4	5553245	4206	50	4.7792
2	11.4	195623	1712	50	0.115104
1	11.45	5553245	4206	50	4.7792
2	11.45	195623	1712	50	0.115104
1	11.5	5553245	4206	50	4.7792
2	11.5	195623	1712	50	0.115104
1	11.55	5553245	4206	50	4.7792
2	11.55	195623	1712	50	0.115104
1	11.6	5553245	4206	50	4.7792
2	11.6	195623	1712	50	0.115104
1	11.65	5553245	4206	50	4.7792
2	11.65	195623	1712	50	0.115104
1	11.7	5553245	4206	50	4.7792
2	11.7	195623	1712	50	0.115104
1	11.75	5553245	4206	50	4.7792
2	11.75	195623	1712	50	0.115104
1	11.8	5553245	4206	50	4.7792
2	11.8	195623	1712	50	0.115104
1	11.85	5553245	4206	50	4.7792
2	11.85	195623	1712	50	0.115104
1	11.9	5553245	4206	50	4.7792
2	11.9	195623	1712	50	0.115104
1	11.95	5553245	4206	50	4.7792
2	11.95	195623	1712	50	0.115104
1	12	5553245	4206	50	4.7792
2	12	195623	1712	50	0.115104
1	12.05	5553245	4206	50	4.7792
2	12.05	195623	1712	50	0.115104
1	12.1	5553245	4206	50	4.7792
2	12.1	195623	1712	50	0.115104
1	12.15	5553245	4206	50	4.7792
2	12.15	195623	1712	50	0.115104
1	12.2	5553245	4206	50	4.7792
2	12.2	195623	1712	50	0.115104
1	12.25	5553245	4206	50	4.7792
2	12.25	195623	1712	50	0.115104
1	12.3	5553245	4206	50	4.7792
2	12.3	195623	1712	50	0.115104
1	12.35	5553245	4206	50	4.7792
2	12.35	195623	1712	50	0.115104
1	12.4	5553245	4206	50	4.7792
2	12.4	195623	1712	50	0.115104
1	12.45	5553245	4206	50	4.7792
2	12.45	195623	1712	50	0.115104
1	12.5	5553245	4206	50	4.7792
2	12.5	195623	1712	50	0.115104
1	12.55	5553245	4206	50	4.7792
2	12.55	195623	1712	50	0.115104
1	12.6	5553245	4206	50	4.7792
2	12.6	195623	1712	50	0.115104
1	12.65	5553245	4206	50	4.7792
2	12.65	195623	1712	50	0.115104
1	12.7	5553245	4206	50	4.7792
2	12.7	195623	1712	50	0.115104
1	12.75	5553245	4206	50	4.7792
2	12.75	195623	1712	50	0.115104
1	12.8	5553245	4206	50	4.7792
2	12.8	195623	1712	50	0.115104
1	12.85	5553245	4206	50	4.7792
2	12.85	195623	1712	50	0.115104
1	12.9	5553245	4206	50	4.7792
2	12.9	195623	1712	50	0.115104
1	12.95	5553245	4206	50	4.7792
2	12.95	195623	1712	50	0.115104
1	13	5553245	4206	50	4.7792
2	13	195623	1712	50	0.115104
1	13.05	5553245	4206	50	4.7792
2	13.05	195623	1712	50	0.115104
1	13.1	5553245	4206	50	4.7792
2	13.1	195623	1712	50	0.115104
1	13.15	5553245	4206	50	4.7792
2	13.15	195623	1712	50	0.115104
1	13.2	5553245	4206	50	4.7792
2	13.2	195623	1712	50	0.115104
1	13.25	5553245	4206	50	4.7792
2	13.25	195623	1712	50	0.115104
1	13.3	5553245	4206	50	4.7792
2	13.3	195623	1712	50	0.115104
1	13.35	5553245	4206	50	4.7792
2	13.35	195623	1712	50	0.115104
1	13.4	5553245	4206	50	4.7792
2	13.4	195623	1712	50	0.115104
1	13.45	5553245	4206	50	4.7792
2	13.45	195623	1712	50	0.115104
1	13.5	5553245	4206	50	4.7792
2	13.5	195623	1712	50	0.115104
1	13.55	5553245	4206	50	4.7792
2	13.55	195623	1712	50	0.115104
1	13.6	5553245	4206	50	4.7792
2	13.6	195623	1712	50	0.115104
1	13.65	5553245	4206	50	4.7792
2	13.65	195623	1712	50	0.115104
1	13.7	5553245	4206	50	4.7792
2	13.7	195623	1712	50	0.115104
1	13.75	5553245	4206	50	4.7792
2	13.75	195623	1712	50	0.115104
1	13.8	5553245	4206	50	4.7792
2	13.8	195623	1712	50	0.115104
1	13.85	5553245	4206	50	4.7792
2	13.85	195623	1712	50	0.115104
1	13.9	5553245	4206	50	4.7792
2	13.9	195623	1712	50	0.115104
1	13.95	5553245	4206	50	4.7792
2	13.95	195623	1712	50	0.115104
1	14	5553245	4206	50	4.7792
2	14	195623	1712	50	0.115104
1	14.05	5553245	4206	50	4.7792
2	14.05	195623	1712	50	0.115104
1	14.1	5553245	4206	50	4.7792
2	14.1	195623	1712	50	0.115104
1	14.15	5553245	4206	50	4.7792
2	14.15	195623	1712	50	0.115104
1	14.2	5553245	4206	50	4.7792
2	14.2	195623	1712	50	0.115104
1	14.25	5553245	4206	50	4.7792
2	14.25	195623	1712	50	0.115104
1	14.3	5553245	4206	50	4.7792
2	14.3	195623	1712	50	0.115104
1	14.35	5553245	4206	50	4.7792
2	14.35	195623	1712	50	0.115104
1	14.4	5553245	4206	50	4.7792
2	14.4	195623	1712	50	0.115104
1	14.45	5553245	4206	50	4.7792
2	14.45	195623	1712	50	0.115104
1	14.5	5553245	4206	50	4.7792
2	14.5	195623	1712	50	0.115104
1	14.55	5553245	4206	50	4.7792
2	14.55	195623	1712	50	0.115104
1	14.6	5553245	4206	50	4.7792
2	14.6	195623	1712	50	0.115104
1	14.65	5553245	4206	50	4.7792
2	14.65	195623	1712	50	0.115104
1	14.7	5553245	4206	50	4.7792
2	14.7	195623	1712	50	0.115104
1	14.75	5553245	4206	50	4.7792
2	14.75	195623	1712	50	0.115104
1	14.8	5553245	4206	50	4.7792
2	14.8	195623	1712	50	0.115104
1	14.85	5553245	4206	50	4.7792
2	14.85	195623	1712	50	0.115104
1	14.9	5553245	4206	50	4.7792
2	14.9	195623	1712	50	0.115104
1	14.95	5553245	4206	50	4.7792
2	14.95	195623	1712	50	0.115104
1	15	5553245	4206	50	4.7792
2	15	195623	1712	50	0.115104
1	15.05	5553245	4206	50	4.7792
2	15.05	195623	1712	50	0.115104
1	15.1	5553245	4206	50	4.7792
2	15.1	195623	1712	50	0.115104
1	15.15	5553245	4206	50	4.7792
2	15.15	195623	1712	50	0.115104
1	15.2	5553245	4206	50	4.7792
2	15.2	195623	1712	50	0.115104
1	15.25	5553245	4206	50	4.7792
2	15.25	195623	1712	50	0.115104
1	15.3	5553245	4206	50	4.7792
2	15.3	195623	1712	50	0.115104
1	15.35	5553245	4206	50	4.7792
2	15.35	195623	1712	50	0.115104
1	15.4	5553245	4206	50	4.7792
2	15.4	195623	1712	50	0.115104
1	15.45	5553245	4206	50	4.7792
2	15.45	195623	1712	50	0.115104
1	15.5	5553245	4206	50	4.7792
2	15.5	195623	1712	50	0.115104
1	15.55	5553245	4206	50	4.7792
2	15.55	195623	1712	50	0.115104
1	15.6	5553245	4206	50	4.7792
2	15.6	195623	1712	50	0.115104
1	15.65	5553245	4206	50	4.7792
2	15.65	195623	1712	50	0.115104
1	15.7	5553245	4206	50	4.7792
2	15.7	195623	1712	50	0.115104
1	15.75	5553245	4206	50	4.7792
2	15.75	195623	1712	50	0.115104
1	15.8	5553245	4206	50	4.7792
2	15.8	195623	1712	50	0.115104
1	15.85	5553245	4206	50	4.7792
2	15.85	195623	1712	50	0.115104
1	15.9	5553245	4206	50	4.7792
2	15.9	195623	1712	50	0.115104
1	15.95	5553245	4206	50	4.7792
2	15.95	195623	1712	50	0.115104
1	16	5553245	4206	50	4.7792
2	16	195623	1712	50	0.115104
1	16.05	5553245	4206	50	4.7792
2	16.05	195623	1712	50	0.115104
1	16.1	5553245	4206	50	4.7792
2	16.1	195623	1712	50	0.115104
1	16.15	5553245	4206	50	4.7792
2	16.15	195623	1712	50	0.115104
1	16.2	5553245	4206	50	4.7792
2	16.2	195623	1712	50	0.115104
1	16.25	5553245	4206	50	4.7792
2	16.25	195623	1712	50	0.115104
1	16.3	5553245	4206	50	4.7792
2	16.3	195623	1712	50	0.115104
1	16.35	5553245	4206	50	4.7792
2	16.35	195623	1712	50	0.115104
1	16.4	5553245	4206	50	4.7792
2	16.4	195623	1712	50	0.115104
1	16.45	5553245	4206	50	4.7792
2	16.45	195623	1712	50	0.115104
1	16.5	5553245	4206	50	4.7792
2	16.5	195623	1712	50	0.115104
1	16.55	5553245	4206	50	4.7792
2	16.55	195623	1712	50	0.115104
1	16.6	5553245	4206	50	4.7792
2	16.6	195623	1712	50	0.115104
1	16.65	5553245	4206	50	4.7792
2	16.65	195623	1712	50	0.115104
1	16.7	5553245	4206	50	4.7792
2	16.7	195623	1712	50	0.115104
1	16.75	5553245	4206	50	4.7792
2	16.75	195623	1712	50	0.115104
1	16.8	5553245	4206	50	4.7792
2	16.8	195623	1712	50	0.115104
1	16.85	5553245	4206	50	4.7792
2	16.85	195623	1712	50	0.115104
1	16.9	5553245	4206	50	4.7792
2	16.9	195623	1712	50	0.115104
1	16.95	5553245	4206	50	4.7792
2	16.95	195623	1712	50	0.115104
1	17	5553245	4206	50	4.7792
2	17	195623	1712	50	0.115104
1	17.05	5553245	4206	50	4.7792
2	17.05	195623	1712	50	0.115104
1	17.1	5553245	4206	50	4.7792
2	17.1	195623	1712	50	0.115104
1	17.15	5553245	4206	50	4.7792
2	17.15	195623	1712	50	0.115104
1	17.2	5553245	4206	50	4.7792
2	17.2	195623	1712	50	0.115104
1	17.25	5553245	4206	50	4.7792
2	17.25	195623	1712	50	0.115104
1	17.3	5553245	4206	50	4.7792
2	17.3	195623	1712	50	0.115104
1	17.35	5553245	4206	50	4.7792
2	17.35	195623	1712	50	0.115104
1	17.4	5553245	4206	50	4.7792
2	17.4	195623	1712	50	0.115104
1	17.45	5553245	4206	50	4.7792
2	17.45	195623	1712	50	0.115104
1	17.5	5553245	4206	50	4.7792
2	17.5	195623	1712	50	0.115104
1	17.55	5553245	4206	50	4.7792
2	17.55	195623	1712	50	0.115104
1	17.6	5553245	4206	50	4.7792
2	17.6	195623	1712	50	0.115104
1	17.65	5553245	4206	50	4.7792
2	17.65	195623	1712	50	0.115104
1	17.7	5553245	4206	50	4.7792
2	17.7	195623	1712	50	0.115104
1	17.75	5553245	4206	50	4.7792
2	17.75	195623	1712	50	0.115104
1	17.8	5553245	4206	50	4.7792
2	17.8	195623	1712	50	0.115104
1	17.85	5553245	4206	50	4.7792
2	17.85	195623	1712	50	0.115104
1	17.9	5553245	4206	50	4.7792
2	17.9	195623	1712	50	0.115104
1	17.95	5553245	4206	50	4.7792
2	17.95	195623	1712	50	0.115104
1	18	5553245	4206	50	4.7792
2	18	195623	1712	50	0.115104
1	18.05	5553245	4206	50	4.7792
2	18.05	195623	1712	50	0.115104
1	18.1	5553245	4206	50	4.7792
2	18.1	195623	1712	50	0.115104
1	18.15	5553245	4206	50	4.7792
2	18.15	195623	1712	50	0.115104
1	18.2	5553245	4206	50	4.7792
2	18.2	195623	1712	50	0.115104
1	18.25	5553245	4206	50	4.7792
2	18.25	195623	1712	50	0.115104
1	18.3	5553245	4206	50	4.7792
2	18.3	195623	1712	50	0.115104
1	18.35	5553245	4206	50	4.7792
2	18.35	195623	1712	50	0.115104
1	18.4	5553245	4206	50	4.7792
2	18.4	195623	1712	50	0.115104
1	18.45	5553245	4206	50	4.7792
2	18.45	195623	1712	50	0.115104
1	18.5	5553245	4206	50	4.7792
2	18.5	195623	1712	50	0.115104
1	18.55	5553245	4206	50	4.7792
2	18.55	195623	1712	50	0.115104
1	18.6	5553245	4206	50	4.7792
2	18.6	195623	1712	50	0.115104
1	18.65	5553245	4206	50	4.7792
2	18.65	195623	1712	50	0.115104
1	18.7	5553245	4206	50	4.7792
2	18.7	195623	1712	50	0.115104
1	18.75	5553245	4206	50	4.7792
2	18.75	195623	1712	50	0.115104
1	18.8	5553245	4206	50	4.7792
2	18.8	195623	1712	50	0.115104
1	18.85	5553245	4206	50	4.7792
2	18.85	195623	1712	50	0.115104
1	18.9	5553245	4206	50	4.7792
2	18.9	195623	1712	50	0.115104
1	18.95	5553245	4206	50	4.7792
2	18.95	195623	1712	50	0.115104
1	19	5553245	4206	50	4.7792
2	19	195623	1712	50	0.115104
1	19.05	5553245	4206	50	4.7792
2	19.05	195623	1712	50	0.115104
1	19.1	5553245	4206	50	4.7792
2	19.1	195623	1712	50	0.115104
1	19.15	5553245	4206	50	4.7792
2	19.15	195623	1712	50	0.115104
1	19.2	5553245	4206	50	4.7792
2	19.2	195623	1712	50	0.115104
1	19.25	5553245	4206	50	4.7792
2	19.25	195623	1712	50	0.115104
1	19.3	5553245	4206	50	4.7792
2	19.3	195623	1712	50	0.115104
1	19.35	5553245	4206	50	4.7792
2	19.35	195623	1712	50	0.115104
1	19.4	5553245	4206	50	4.7792
2	19.4	195623	1712	50	0.115104
1	19.45	5553245	4206	50	4.7792
2	19.45	195623	1712	50	0.115104
1	19.5	5553245	4206	50	4.7792
2	19.5	195623	1712	50	0.115104
1	19.55	5553245	4206	50	4.7792
2	19.55	195623	1712	50	0.115104
1	19.6	5553245	4206	50	4.7792
2	19.6	195623	1712	50	0.115104
1	19.65	5553245	4206	50	4.7792
2	19.65	195623	1712	50	0.115104
1	19.7	5553245	4206	50	4.7792
2	19.7	195623	1712	50	0.115104
1	19.75	5553245	4206	50	4.7792
2	19.75	195623	1712	50	0.115104
1	19.8	5553245	4206	50	4.7792
2	19.8	195623	1712	50	0.115104
1	19.85	5553245	4206	50	4.7792
2	19.85	195623	1712	50	0.115104
1	19.9	5553245	4206	50	4.7792
2	19.9	195623	1712	50	0.115104
1	19.95	5553245	4206	50	4.7792
2	19.95	195623	1712	50	0.115104
1	20	5553245	4206	50	4.7792
2	20	195623	1712	50	0.115104
1	20.05	5553245	4206	50	4.7792
2	20.05	195623	1712	50	0.115104
1	20.1	5553245	4206	50	4.7792
2	20.1	195623	1712	50	0.115104
1	20.15	5553245	4206	50	4.7792
2	20.15	195623	1712	50	0.115104
1	20.2	5553245	4206	50	4.7792
2	20.2	195623	1712	50	0.115104
1	20.25	5553245	4206	50	4.7792
2	20.25	195623	1712	50	0.115104
1	20.3	5553245	4206	50	4.7792
2	20.3	195623	1712	50	0.115104
1	20.35	5553245	4206	50	4.7792
2	20.35	195623	1712	50	0.115104
1	20.4	5553245	4206	50	4.7792
2	20.4	195623	1712	50	0.115104
1	20.45	5553245	4206	50	4.7792
2	20.45	195623	1712	50	0.115104
1	20.5	5553245	4206	50	4.7792
2	20.5	195623	1712	50	0.115104
1	20.55	5553245	4206	50	4.7792
2	20.55	195623	1712	50	0.115104
1	20.6	5553245	4206	50	4.7792
2	20.6	195623	1712	50	0.115104
1	20.65	5553245	4206	50	4.7792
2	20.65	195623	1712	50	0.115104
1	20.7	5553245	4206	50	4.7792
2	20.7	195623	1712	50	0.115104
1	20.75	5553245	4206	50	4.7792
2	20.75	195623	1712	50	0.115104
1	20.8	5553245	4206	50	4.7792
2	20.8	195623	1712	50	0.115104
1	20.85	5553245	4206	50	4.7792
2	20.85	195623	1712	50	0.115104
1	20.9	5553245	4206	50	4.7792
2	20.9	195623	1712	50	0.115104
1	20.95	5553245	4206	50	4.7792
2	20.95	195623	1712	50	0.115104
1	21	5553245	4206	50	4.7792
2	21	195623	1712	50	0.115104
1	21.05	5553245	4206	50	4.7792
2	21.05	195623	1712	50	0.115104
1	21.1	5553245	4206	50	4.7792
2	21.1	195623	1712	50	0.115104
1	21.15	5553245	4206	50	4.7792
2	21.15	195623	1712	50	0.115104
1	21.2	5553245	4206	50	4.7792
2	21.2	195623	1712	50	0.115104
1	21.25	5553245	4206	50	4.7792
2	21.25	195623	1712	50	0.115104
1	21.3	5553245	4206	50	4.7792
2	21.3	195623	1712	50	0.115104
1	21.35	5553245	4206	50	4.7792
2	21.35	195623	1712	50	0.115104
1	21.4	5553245	4206	50	4.7792
2	21.4	195623	1712	50	0.115104
1	21.45	5553245	4206	50	4.7792
2	21.45	195623	1712	50	0.115104
1	21.5	5553245	4206	50	4.7792
2	21.5	195623	1712	50	0.115104
1	21.55	5553245	4206	50	4.7792
2	21.55	195623	1712	50	0.115104
1	21.6	5553245	4206	50	4.7792
2	21.6	195623	1712	50	0.115104
1	21.65	5553245	4206	50	4.7792
2	21.65	195623	1712	50	0.115104
1	21.7	5553245	4206	50	4.7792
2	21.7	195623	1712	50	0.115104
1	21.75	5553245	4206	50	4.7792
2	21.75	195623	1712	50	0.115104
1	21.8	5553245	4206	50	4.7792
2	21.8	195623	1712	50	0.115104
1	21.85	5553245	4206	50	4.7792
2	21.85	195623	1712	50	0.115104
1	21.9	5553245	4206	50	4.7792
2	21.9	195623	1712	50	0.115104
1	21.95	5553245	4206	50	4.7792
2	21.95	195623	1712	50	0.115104
1	22	5553245	4206	50	4.7792
2	22	195623	1712	50	0.115104
1	22.05	5553245	4206	50	4.7792
2	22.05	195623	1712	50	0.115104
1	22.1	5553245	4206	50	4.7792
2	22.1	195623	1712	50	0.115104
1	22.15	5553245	4206	50	4.7792
2	22.15	195623	1712	50	0.115104
1	22.2	5553245	4206	50	4.7792
2	22.2	195623	1712	50	0.115104
1	22.25	5553245	4206	50	4.7792
2	22.25	195623	1712	50	0.115104
1	22.3	5553245	4206	50	4.7792
2	22.3	195623	1712	50	0.115104
1	22.35	5553245	4206	50	4.7792
2	22.35	195623	1712	50	0.115104
1	22.4	5553245	4206	50	4.7792
2	22.4	195623	1712	50	0.115104
1	22.45	5553245	4206	50	4.7792
2	22.45	195623	1712	50	0.115104
1	22.5	5553245	4206	50	4.7792
2	22.5	195623	1712	50	0.115104
1	22.55	5553245	4206	50	4.7792
2	22.55	195623	1712	50	0.115104
1	22.6	5553245	4206	50	4.7792
2	22.6	195623	1712	50	0.115104
1	22.65	5553245	4206	50	4.7792
2	22.65	195623	1712	50	0.115104
1	22.7	5553245	4206	50	4.7792
2	22.7	195623	1712	50	0.115104
1	22.75	5553245	4206	50	4.7792
2	22.75	195623	1712	50	0.115104
1	22.8	5553245	4206	50	4.7792
2	22.8	195623	1712	50	0.115104
1	22.85	5553245	4206	50	4.7792
2	22.85	195623	1712	50	0.115104
1	22.9	5553245	4206	50	4.7792
2	22.9	195623	1712	50	0.115104
1	22.95	5553245	4206	50	4.7792
2	22.95	195623	1712	50	0.115104
1	23	5553245	4206	50	4.7792
2	23	195623	1712	50	0.115104
1	23.05	5553245	4206	50	4.7792
2	23.05	195623	1712	50	0.115104
1	23.1	5553245	4206	50	4.7792
2	23.1	195623	1712	50	0.115104
1	23.15	5553245	4206	50	4.7792
2	23.15	195623	1712	50	0.115104
1	23.2	5553245	4206	50	4.7792
2	23.2	195623	1712	50	0.115104
1	23.25	5553245	4206	50	4.7792
2	23.25	195623	1712	50	0.115104
1	23.3	5553245	4206	50	4.7792
2	23.3	195623	1712	50	0.115104
1	23.35	5553245	4206	50	4.7792
2	23.35	195623	1712	50	0.115104
1	23.4	5553245	4206	50	4.7792
2	23.4	195623	1712	50	0.115104
1	23.45	5553245	4206	50	4.7792
2	23.45	195623	1712	50	0.115104
1	23.5	5553245	4206	50	4.7792
2	23.5	195623	1712	50	0.115104
1	23.55	5553245	4206	50	4.7792
2	23.55	195623	1712	50	0.115104
1	23.6	5553245	4206	50	4.7792
2	23.6	195623	1712	50	0.115104
1	23.65	5553245	4206	50	4.7792
2	23.65	195623	1712	50	0.115104
1	23.7	5553245	4206	50	4.7792
2	23.7	195623	1712	50	0.115104
1	23.75	5553245	4206	50	4.7792
2	23.75	195623	1712	50	0.115104
1	23.8	5553245	4206	50	4.7792
2	23.8	195623	1712	50	0.115104
1	23.85	5553245	4206	50	4.7792
2	23.85	195623	1712	50	0.115104
1	23.9	5553245	4206	50	4.7792
2	23.9	195623	1712	50	0.115104
1	23.95	5553245	4206	50	4.7792
2	23.95	195623	1712	50	0.115104
1	24	5553245	4206	50	4.7792
2	24	195623	1712	50	0.115104
1	24.05	5553245	4206	50	4.7792
2	24.05	195623	1712	50	0.115104
1	24.1	5553245	4206	50	4.7792
2	24.1	195623	1712	50	0.115104
1	24.15	5553245	4206	50	4.7792
2	24.15	195623	1712	50	0.115104
1	24.2	5553245	4206	50	4.7792
2	24.2	195623	1712	50	0.115104
1	24.25	5553245	4206	50	4.7792
2	24.25	195623	1712	50	0.115104
1	24.3	5553245	4206	50	4.7792
2	24.3	195623	1712	50	0.115104
1	24.35	5553245	4206	50	4.7792
2	24.35	195623	1712	50	0.115104
1	24.4	5553245	4206	50	4.7792
2	24.4	195623	1712	50	0.115104
1	24.45	5553245	4206	50	4.7792
2	24.45	195623	1712	50	0.115104
1	24.5	5553245	4206	50	4.7792
2	24.5	195623	1712	50	0.115104
1	24.55	5553245	4206	50	4.7792
2	24.55	195623	1712	50	0.115104
1	24.6	5553245	4206	50	4.7792
2	24.6	195623	1712	50	0.115104
1	24.65	5553245	4206	50	4.7792
2	24.65	195623	1712	50	0.115104
1	24.7	5553245	4206	50	4.7792
2	24.7	195623	1712	50	0.115104
1	24.75	5553245	4206	50	4.7792
2	24.75	195623	1712	50	0.115104
1	24.8	5553245	4206	50	4.7792
2	24.8	195623	1712	50	0.115104
1	24.85	5553245	4206	50	4.7792
2	24.85	195623	1712	50	0.115104
1	24.9	5553245	4206	50	4.7792
2	24.9	195623	1712	50	0.115104
1	24.95	5553245	4206	50	4.7792
2	24.95	195623	1712	50	0.115104
1	25	5553245	4206	50	4.7792
2	25	195623	1712	50	0.115104
1	25.05	5553245	4206	50	4.7792
2	25.05	195623	1712	50	0.115104
1	25.1	5553245	4206	50	4.7792
2	25.1	195623	1712	50	0.115104
1	25.15	5553245	4206	50	4.7792
2	25.15	195623	1712	50	0.115104
1	25.2	5553245	4206	50	4.7792
2	25.2	195623	1712	50	0.115104
1	25.25	5553245	4206	50	4.7792
2	25.25	195623	1712	50	0.115104
1	25.3	5553245	4206	50	4.7792
2	25.3	195623	1712	50	0.115104
1	25.35	5553245	4206	50	4.7792
2	25.35	195623	1712	50	0.115104
1	25.4	5553245	4206	50	4.7792
2	25.4	195623	1712	50	0.115104
1	25.45	5553245	4206	50	4.7792
2	25.45	195623	1712	50	0.115104
1	25.5	5553245	4206	50	4.7792
2	25.5	195623	1712	50	0.115104
1	25.55	5553245	4206	50	4.7792
2	25.55	195623	1712	50	0.115104
1	25.6	5553245	4206	50	4.7792
2	25.6	195623	1712	50	0.115104
1	25.65	5553245	4206	50	4.7792
2	25.65	195623	1712	50	0.115104
1	25.7	5553245	4206	50	4.7792
2	25.7	195623	1712	50	0.115104
1	25.75	5553245	4206	50	4.7792
2	25.75	195623	1712	50	0.115104
1	25.8	5553245	4206	50	4.7792
2	25.8	195623	1712	50	0.115104
1	25.85	5553245	4206	50	4.7792
2	25.85	195623	1712	50	0.115104
1	25.9	5553245	4206	50	4.7792
2	25.9	195623	1712	50	0.115104
1	25.95	5553245	4206	50	4.7792
2	25.95	195623	1712	50	0.115104
1	26	5553245	4206	50	4.7792
2	26	195623	1712	50	0.115104
1	26.05	5553245	4206	50	4.7792
2	26.05	195623	1712	50	0.115104
1	26.1	5553245	4206	50	4.7792
2	26.1	195623	1712	50	0.115104
1	26.15	5553245	4206	50	4.7792
2	26.15	195623	1712	50	0.115104
1	26.2	5553245	4206	50	4.7792
2	26.2	195623	1712	50	0.115104
1	26.25	5553245	4206	50	4.7792
2	26.25	195623	1712	50	0.115104
1	26.3	5553245	4206	50	4.7792
2	26.3	195623	1712	50	0.115104
1	26.35	5553245	4206	50	4.7792
2	26.35	195623	1712	50	0.115104
1	26.4	5553245	4206	50	4.7792
2	26.4	195623	1712	50	0.115104
1	26.45	5553245	4206	50	4.7792
2	26.45	195623	1712	50	0.115104
1	26.5	5553245	4206	50	4.7792
2	26.5	195623	1712	50	0.115104
1	26.55	5553245	4206	50	4.7792
2	26.55	195623	1712	50	0.115104
1	26.6	5553245	4206	50	4.7792
2	26.6	195623	1712	50	0.115104
1	26.65	5553245	4206	50	4.7792
2	26.65	195623	1712	50	0.115104
1	26.7	5553245	4206	50	4.7792
2	26.7	195623	1712	50	0.115104
1	26.75	5553245	4206	50	4.7792
2	26.75	195623	1712	50	0.115104
1	26.8	5553245	4206	50	4.7792
2	26.8	195623	1712	50	0.115104
1	26.85	5553245	4206	50	4.7792
2	26.85	195623	1712	50	0.115104
1	26.9	5553245	4206	50	4.7792
2	26.9	195623	1712	50	0.115104
1	26.95	5553245	4206	50	4.7792
2	26.95	195623	1712	50	0.115104
1	27	5553245	4206	50	4.7792
2	27	195623	1712	50	0.115104
1	27.05	5553245	4206	50	4.7792
2	27.05	195623	1712	50	0.115104
1	27.1	5553245	4206	50	4.7792
2	27.1	195623	1712	50	0.115104
1	27.15	5553245	4206	50	4.7792
2	27.15	195623	1712	50	0.115104
1	27.2	5553245	4206	50	4.7792
2	27.2	195623	1712	50	0.115104
1	27.25	5553245	4206	50	4.7792
2	27.25	195623	1712	50	0.115104
1	27.3	5553245	4206	50	4.7792
2	27.3	195623	1712	50	0.115104
1	27.35	5553245	4206	50	4.7792
2	27.35	195623	1712	50	0.115104
1	27.4	5553245	4206	50	4.7792
2	27.4	195623	1712	50	0.115104
1	27.45	5553245	4206	50	4.7792
2	27.45	195623	1712	50	0.115104
1	27.5	5553245	4206	50	4.7792
2	27.5	195623	1712	50	0.115104
1	27.55	5553245	4206	50	4.7792
2	27.55	195623	1712	50	0.115104
1	27.6	5553245	4206	50	4.7792
2	27.6	195623	1712	50	0.115104
1	27.65	5553245	4206	50	4.7792
2	27.65	195623	1712	50	0.115104
1	27.7	5553245	4206	50	4.7792
2	27.7	195623	1712	50	0.115104
1	27.75	5553245	4206	50	4.7792
2	27.75	195623	1712	50	0.115104
1	27.8	5553245	4206	50	4.7792
2	27.8	195623	1712	50	0.115104
1	27.85	5553245	4206	50	4.7792
2	27.85	195623	1712	50	0.115104
1	27.9	5553245	4206	50	4.7792
2	27.9	195623	1712	50	0.115104
1	27.95	5553245	4206	50	4.7792
2	27.95	195623	1712	50	0.115104
1	28	5553245	4206	50	4.7792
2	28	195623	1712	50	0.115104
1	28.05	5553245	4206	50	4.7792
2	28.05	195623	1712	50	0.115104
1	28.1	5553245	4206	50	4.7792
2	28.1	195623	1712	50	0.115104
1	28.15	5553245	4206	50	4.7792
2	28.15	195623	1712	50	0.115104
1	28.2	5553245	4206	50	4.7792
2	28.2	195623	1712	50	0.115104
1	28.25	5553245	4206	50	4.7792
2	28.25	195623	1712	50	0.115104
1	28.3	5553245	4206	50	4.7792
2	28.3	195623	1712	50	0.115104
1	28.35	5553245	4206	50	4.7792
2	28.35	195623	1712	50	0.115104
1	28.4	5553245	4206	50	4.7792
2	28.4	195623	1712	50	0.115104
1	28.45	5553245	4206	50	4.7792
2	28.45	195623	1712	50	0.115104
1	28.5	5553245	4206	50	4.7792
2	28.5	195623	1712	50	0.115104
1	28.55	5553245	4206	50	4.7792
2	28.55	195623	1712	50	0.115104
1	28.6	5553245	4206	50	4.7792
2	28.6	195623	1712	50	0.115104
1	28.65	5553245	4206	50	4.7792
2	28.65	195623	1712	50	0.115104
1	28.7	5553245	4206	50	4.7792
2	28.7	195623	1712	50	0.115104
1	28.75	5553245	4206	50	4.7792
2	28.75	195623	1712	50	0.115104
1	28.8	5553245	4206	50	4.7792
2	28.8	195623	1712	50	0.115104
1	28.85	5553245	4206	50	4.7792
2	28.85	195623	1712	50	0.115104
1	28.9	5553245	4206	50	4.7792
2	28.9	195623	1712	50	0.115104
1	28.95	5553245	4206	50	4.7792
2	28.95	195623	1712	50	0.115104
1	29	5553245	4206	50	4.7792
2	29	195623	1712	50	0.115104
1	29.05	5553245	4206	50	4.7792
2	29.05	195623	1712	50	0.115104
1	29.1	5553245	4206	50	4.7792
2	29.1	195623	1712	50	0.115104
1	29.15	5553245	4206	50	4.7792
2	29.15	195623	1712	50	0.115104
1	29.2	5553245	4206	50	4.7792
2	29.2	195623	1712	50	0.115104
1	29.25	5553245	4206	50	4.7792
2	29.25	195623	1712	50	0.115104
1	29.3	5553245	4206	50	4.7792
2	29.3	195623	1712	50	0.115104
1	29.35	5553245	4206	50	4.7792
2	29.35	195623	1712	50	0.115104
1	29.4	5553245	4206	50	4.7792
2	29.4	195623	1712	50	0.115104
1	29.45	5553245	4206	50	4.7792
2	29.45	195623	1712	50	0.115104
1	29.5	5553245	4206	50	4.7792
2	29.5	195623	1712	50	0.115104
1	29.55	5553245	4206	50	4.7792
2	29.55	195623	1712	50	0.115104
1	29.6	5553245	4206	50	4.7792
2	29.6	195623	1712	50	0.115104
1	29.65	5553245	4206	50	4.7792
2	29.65	195623	1712	50	0.115104
1	29.7	5553245	4206	50	4.7792
2	29.7	195623	1712	50	0.115104
1	29.75	5553245	4206	50	4.7792
2	29.75	195623	1712	50	0.115104
1	29.8	5553245	4206	50	4.7792
2	29.8	195623	1712	50	0.115104
1	29.85	5553245	4206	50	4.7792
2	29.85	195623	1712	50	0.115104
1	29.9	5553245	4206	50	4.7792
2	29.9	195623	1712	50	0.115104
1	29.95	5553245	4206	50	4.7792
2	29.95	195623	1712	50	0.115104
