1	1.05	0	0	0	-nan
1	1.1	1260	1	55	-nan
2	1.1	0	0	0	-nan
1	1.15	1260	1	55	-nan
2	1.15	129	2	53	0
1	1.2	9838	7	53	0
2	1.2	129	2	53	0
1	1.25	9838	7	53	0
2	1.25	350	6	51	0
1	1.3	22026	16	55	0
2	1.3	408	7	50	0
1	1.35	22082	17	50	0
2	1.35	627	11	50	0
1	1.4	31190	23	67	0
2	1.4	797	14	53	0
1	1.45	46465	35	62	0
2	1.45	857	15	53	0
1	1.5	48041	37	53	0
2	1.5	1242	22	51	0
1	1.55	78436	58	82	0
2	1.55	1356	24	51	0
1	1.6	95233	71	78	0
2	1.6	1854	33	54	0
1	1.65	118033	87	76	0
2	1.65	2248	40	54	0
1	1.7	149985	110	105	1.55231
2	1.7	2652	47	53	0
1	1.75	180425	132	126	1.4417
2	1.75	3164	56	53	0
1	1.8	210865	154	118	1.34561
2	1.8	3671	65	53	0
1	1.85	241250	175	141	1.26176
2	1.85	4240	75	53	0
1	1.9	271690	197	165	2.37241
2	1.9	4752	84	54	0
1	1.95	299039	216	196	2.23876
2	1.95	5259	93	54	0
1	2	330995	239	218	2.12089
2	2	5725	101	53	0
1	2.05	362929	261	242	2.01217
2	2.05	6157	108	53	0
1	2.1	394954	284	265	2.87188
2	2.1	6645	116	53	0
1	2.15	422414	304	294	2.74186
2	2.15	7077	123	53	0
1	2.2	452861	325	316	2.62375
2	2.2	7443	129	54	0
1	2.25	484886	348	338	2.51244
2	2.25	7992	137	54	0
1	2.3	516853	370	357	2.41425
2	2.3	8549	145	52	0
1	2.35	548878	393	389	3.09291
2	2.35	9037	152	52	0
1	2.4	579914	424	224	2.97775
2	2.4	9589	160	53	0
1	2.45	610509	447	175	2.87134
2	2.45	10077	167	53	0
1	2.5	642592	471	180	2.7706
2	2.5	10885	178	51	0
1	2.55	673098	493	175	3.3485
2	2.55	11401	185	51	0
1	2.6	703602	515	176	3.24103
2	2.6	11985	193	51	0
1	2.65	734236	539	183	3.13944
2	2.65	12578	201	51	0
1	2.7	766319	563	185	3.04007
2	2.7	13253	210	51	0
1	2.75	796825	585	179	3.54127
2	2.75	13792	217	51	0
1	2.8	825870	607	183	3.44347
2	2.8	14429	225	52	0
1	2.85	856738	635	68	3.34739
2	2.85	15001	232	52	0
1	2.9	887307	658	65	3.25534
2	2.9	15897	244	53	0
1	2.95	917871	681	60	3.69831
2	2.95	16653	254	53	0
1	3	951531	707	58	3.59985
2	3	17367	263	50	0
1	3.05	982095	730	63	3.51017
2	3.05	18279	275	50	0
1	3.1	1009617	751	73	3.42643
2	3.1	18908	283	54	0
1	3.15	1040239	775	66	3.34502
2	3.15	19597	292	54	0
1	3.2	1072264	798	64	3.73174
2	3.2	20368	302	53	0
1	3.25	1102886	822	62	3.64706
2	3.25	21139	312	53	0
1	3.3	1134970	846	65	3.56396
2	3.3	21905	322	52	0
1	3.35	1165534	869	63	3.48679
2	3.35	22621	331	52	0
1	3.4	1194579	891	68	3.84191
2	3.4	23310	340	53	0
1	3.45	1225201	915	64	3.76197
2	3.45	24076	350	53	0
1	3.5	1257284	939	63	3.68172
2	3.5	24847	360	53	0
1	3.55	1287844	962	68	3.60839
2	3.55	25536	369	53	0
1	3.6	1319927	986	68	3.93185
2	3.6	26389	380	50	0
1	3.65	1350491	1009	66	3.85652
2	3.65	27159	390	50	0
1	3.7	1381118	1033	75	3.78251
2	3.7	27848	399	51	0
1	3.75	1411679	1056	74	3.71268
2	3.75	28564	408	51	0
1	3.8	1442242	1079	70	4.00999
2	3.8	29330	418	51	0
1	3.85	1472806	1102	75	3.93865
2	3.85	30101	428	51	0
1	3.9	1504889	1126	74	3.86782
2	3.9	30790	437	50	0
1	3.95	1535453	1149	73	3.80141
2	3.95	31556	447	50	0
1	4	1566071	1173	74	3.73714
2	4	32327	457	50	0
1	4.05	1596635	1196	71	4.00921
2	4.05	33043	466	50	0
1	4.1	1627204	1219	77	3.94245
2	4.1	33814	476	51	0
1	4.15	1657768	1242	74	3.87913
2	4.15	34498	485	51	0
1	4.2	1688332	1265	78	3.81782
2	4.2	35269	495	51	0
1	4.25	1718892	1288	75	4.07162
2	4.25	36040	505	51	0
1	4.3	1749514	1312	75	4.00912
2	4.3	36724	514	51	0
1	4.35	1781597	1336	75	3.94566
2	4.35	37440	523	51	0
1	4.4	1812161	1359	72	3.88821
2	4.4	38211	533	50	0
1	4.45	1842779	1383	73	4.12596
2	4.45	38982	543	50	0
1	4.5	1871766	1404	78	4.06466
2	4.5	39666	552	54	0
1	4.55	1902330	1427	79	4.00687
2	4.55	40355	561	54	0
1	4.6	1932957	1451	72	3.95058
2	4.6	41071	570	54	0
1	4.65	1963521	1474	77	3.89602
2	4.65	41837	580	54	0
1	4.7	1997119	1499	71	4.11627
2	4.7	42608	590	50	0
1	4.75	2027741	1523	72	4.0608
2	4.75	43461	601	50	0
1	4.8	2056728	1544	81	4.00752
2	4.8	44145	610	52	0
1	4.85	2087350	1568	76	3.95492
2	4.85	44834	619	52	0
1	4.9	2117910	1591	81	4.16188
2	4.9	45605	629	54	0
1	4.95	2148474	1614	79	4.10878
2	4.95	46321	638	54	0
1	5	2179043	1637	73	4.05805
2	5	47087	648	53	0
1	5.05	2209607	1660	80	4.00755
2	5.05	47776	657	53	0
1	5.1	2241748	1685	80	4.20412
2	5.1	48547	667	52	0
1	5.15	2272308	1708	78	4.15304
2	5.15	49313	677	52	0
1	5.2	2302872	1731	80	4.10225
2	5.2	50084	687	53	0
1	5.25	2333436	1754	84	4.05366
2	5.25	50855	697	53	0
1	5.3	2364000	1777	80	4.24186
2	5.3	51539	706	53	0
1	5.35	2394562	1800	78	4.19277
2	5.35	52255	715	53	0
1	5.4	2426706	1825	76	4.14427
2	5.4	53026	725	51	0
1	5.45	2457270	1848	83	4.0974
2	5.45	53801	735	51	0
1	5.5	2489353	1872	84	4.05024
2	5.5	54567	745	50	0
1	5.55	2519975	1896	85	4.22795
2	5.55	55338	755	50	0
1	5.6	2547439	1916	88	4.18263
2	5.6	56027	764	54	0
1	5.65	2579522	1940	86	4.13516
2	5.65	56656	772	54	0
1	5.7	2611663	1965	79	4.09131
2	5.7	57427	782	51	0
1	5.75	2642227	1988	80	4.26106
2	5.75	58284	793	51	0
1	5.8	2672796	2011	87	4.21732
2	5.8	59055	803	50	0
1	5.85	2704933	2036	83	4.17136
2	5.85	59739	812	50	0
1	5.9	2733978	2058	88	4.12898
2	5.9	60510	822	52	0
1	5.95	2764542	2081	84	4.29142
2	5.95	61226	831	52	0
1	6	2796625	2105	88	4.24703
2	6	61992	841	51	0
1	6.05	2827185	2128	87	4.20479
2	6.05	62681	850	51	0
1	6.1	2857749	2151	87	4.16337
2	6.1	63452	860	51	0
1	6.15	2888371	2175	90	4.31905
2	6.15	64223	870	51	0
1	6.2	2918940	2198	90	4.27733
2	6.2	64907	879	51	0
1	6.25	2949504	2221	88	4.23636
2	6.25	65760	890	51	0
1	6.3	2981583	2245	87	4.19505
2	6.3	66449	899	50	0
1	6.35	3012147	2268	87	4.15568
2	6.35	67160	908	50	0
1	6.4	3039673	2289	96	4.30494
2	6.4	67849	917	54	0
1	6.45	3070237	2312	91	4.26528
2	6.45	68620	927	54	0
1	6.5	3102374	2337	87	4.22595
2	6.5	69386	937	52	0
1	6.55	3134457	2361	89	4.1858
2	6.55	70157	947	52	0
1	6.6	3163502	2383	88	4.3298
2	6.6	70791	955	53	0
1	6.65	3194066	2406	91	4.29134
2	6.65	71562	965	53	0
1	6.7	3226212	2431	89	4.25317
2	6.7	72328	975	51	0
1	6.75	3256772	2454	90	4.21601
2	6.75	73099	985	51	0
1	6.8	3288855	2478	92	4.35181
2	6.8	73870	995	51	0
1	6.85	3319419	2501	90	4.3145
2	6.85	74636	1005	51	0
1	6.9	3348464	2523	93	4.2789
2	6.9	75325	1014	52	0
1	6.95	3380544	2547	92	4.24105
2	6.95	76096	1024	52	0
1	7	3411165	2571	92	4.37376
2	7	76812	1033	52	0
1	7.05	3441734	2594	94	4.33751
2	7.05	77578	1043	52	0
1	7.1	3472298	2617	94	4.30185
2	7.1	78267	1052	52	0
1	7.15	3502862	2640	91	4.26678
2	7.15	79038	1062	52	0
1	7.2	3533422	2663	97	4.23159
2	7.2	79804	1072	53	0
1	7.25	3563986	2686	94	4.3591
2	7.25	80438	1080	53	0
1	7.3	3594608	2710	90	4.32504
2	7.3	81209	1090	52	0
1	7.35	3625172	2733	94	4.29089
2	7.35	81975	1100	52	0
1	7.4	3657255	2757	94	4.25629
2	7.4	82746	1110	51	0
1	7.45	3687878	2781	94	4.3796
2	7.45	83517	1120	51	0
1	7.5	3716860	2802	93	4.34618
2	7.5	84206	1129	53	0
1	7.55	3749006	2827	102	4.31125
2	7.55	84972	1139	53	0
1	7.6	3779570	2850	95	4.2798
2	7.6	85743	1149	51	0
1	7.65	3811649	2874	95	4.3976
2	7.65	86459	1158	51	0
1	7.7	3840694	2896	99	4.36568
2	7.7	87225	1168	52	0
1	7.75	3871316	2920	95	4.33325
2	7.75	87914	1177	52	0
1	7.8	3903399	2944	98	4.30102
2	7.8	88685	1187	50	0
1	7.85	3933963	2967	96	4.41675
2	7.85	89456	1197	50	0
1	7.9	3963004	2989	103	4.3837
2	7.9	90222	1207	54	0
1	7.95	3993573	3012	102	4.35211
2	7.95	90856	1215	54	0
1	8	4025656	3036	98	4.32129
2	8	91627	1225	51	0
1	8.05	4057797	3061	97	4.28902
2	8.05	92393	1235	51	0
1	8.1	4086838	3083	100	4.40168
2	8.1	93164	1245	52	0
1	8.15	4117402	3106	101	4.37082
2	8.15	93853	1254	52	0
1	8.2	4149485	3130	102	4.33892
2	8.2	94619	1264	52	0
1	8.25	4180049	3153	99	4.30895
2	8.25	95335	1273	52	0
1	8.3	4210676	3177	95	4.418
2	8.3	96106	1283	51	0
1	8.35	4241236	3200	100	4.38793
2	8.35	96877	1293	51	0
1	8.4	4270281	3222	107	4.35793
2	8.4	97561	1302	54	0
1	8.45	4300845	3245	105	4.32861
2	8.45	98250	1311	54	0
1	8.5	4332928	3269	101	4.43321
2	8.5	99021	1321	53	0
1	8.55	4363490	3292	96	4.40382
2	8.55	99732	1330	53	0
1	8.6	4394110	3316	100	4.37421
2	8.6	100503	1340	54	0
1	8.65	4424674	3339	104	4.34559
2	8.65	101192	1349	54	0
1	8.7	4456757	3363	100	4.44846
2	8.7	101958	1359	51	0
1	8.75	4487326	3386	96	4.41973
2	8.75	102815	1370	51	0
1	8.8	4517886	3409	106	4.39023
2	8.8	103504	1379	53	0
1	8.85	4548450	3432	107	4.36225
2	8.85	104220	1388	53	0
1	8.9	4579072	3456	104	4.33512
2	8.9	104986	1398	52	0
1	8.95	4609636	3479	104	4.43457
2	8.95	105757	1408	52	0
1	9	4640200	3502	107	4.40569
2	9	106446	1417	54	0
1	9.05	4670760	3525	106	4.37831
2	9.05	107212	1427	54	0
1	9.1	4702843	3549	102	4.35102
2	9.1	107983	1437	52	0
1	9.15	4733470	3573	100	4.44781
2	9.15	108754	1447	52	0
1	9.2	4762515	3595	106	4.42095
2	9.2	109388	1455	54	0
1	9.25	4793075	3618	111	4.39415
2	9.25	110154	1465	54	0
1	9.3	4823639	3641	109	4.36763
2	9.3	110843	1474	54	0
1	9.35	4855722	3665	107	4.46074
2	9.35	111614	1484	54	0
1	9.4	4887863	3690	104	4.43444
2	9.4	112380	1494	51	0
1	9.45	4918427	3713	101	4.40816
2	9.45	113155	1504	51	0
1	9.5	4947468	3735	109	4.3825
2	9.5	113926	1514	53	0
1	9.55	4978032	3758	109	4.35683
2	9.55	114555	1522	53	0
1	9.6	5011697	3784	102	4.4475
2	9.6	115408	1533	50	0
1	9.65	5042261	3807	105	4.42182
2	9.65	116183	1543	50	0
1	9.7	5071302	3829	112	4.39664
2	9.7	116872	1552	52	0
1	9.75	5101866	3852	113	4.37149
2	9.75	117638	1562	52	0
1	9.8	5132430	3875	113	4.46001
2	9.8	118354	1571	54	0
1	9.85	5162994	3898	113	4.43482
2	9.85	119043	1580	54	0
1	9.9	5193558	3921	110	4.4104
2	9.9	119809	1590	53	0
1	9.95	5224118	3944	106	4.38576
2	9.95	120580	1600	53	0
1	10	5256264	3969	107	4.47195
2	10	121269	1609	53	0
1	10.05	5286828	3992	108	4.44724
2	10.05	122040	1619	53	0
1	10.1	5317392	4015	109	4.4233
2	10.1	122806	1629	52	0
1	10.15	5347954	4038	109	4.39913
2	10.15	123522	1638	52	0
1	10.2	5378516	4061	108	4.48461
2	10.2	124293	1648	52	0
1	10.25	5410657	4086	109	4.45913
2	10.25	125059	1658	52	0
1	10.3	5441221	4109	114	4.43517
2	10.3	125830	1668	52	0
1	10.35	5471785	4132	114	4.41146
2	10.35	126519	1677	52	0
1	10.4	5502345	4155	111	4.38801
2	10.4	127290	1687	52	0
1	10.45	5532972	4179	109	4.47121
2	10.45	128056	1697	52	0
1	10.5	5552257	4198	52	4.45596
2	10.5	128772	1706	52	0
1	10.55	5552494	4202	52	4.42563
2	10.55	129462	1715	52	0
1	10.6	5552845	4207	50	4.40349
2	10.6	129876	1720	50	0
1	10.65	5553275	4212	50	4.38267
2	10.65	130298	1725	50	0
1	10.7	5553705	4217	50	4.36255
2	10.7	130298	1725	50	0
1	10.75	5553705	4217	50	4.36255
2	10.75	130298	1725	50	0
1	10.8	5553705	4217	50	4.36255
2	10.8	130298	1725	50	0
1	10.85	5553705	4217	50	4.36255
2	10.85	130298	1725	50	0
1	10.9	5553705	4217	50	4.36255
2	10.9	130298	1725	50	0
1	10.95	5553705	4217	50	4.36255
2	10.95	130298	1725	50	0
1	11	5553705	4217	50	4.36255
2	11	130298	1725	50	0
1	11.05	5553705	4217	50	4.36255
2	11.05	130298	1725	50	0
1	11.1	5553705	4217	50	4.36255
2	11.1	130298	1725	50	0
1	11.15	5553705	4217	50	4.36255
2	11.15	130298	1725	50	0
1	11.2	5553705	4217	50	4.36255
2	11.2	130298	1725	50	0
1	11.25	5553705	4217	50	4.36255
2	11.25	130298	1725	50	0
1	11.3	5553705	4217	50	4.36255
2	11.3	130298	1725	50	0
1	11.35	5553705	4217	50	4.36255
2	11.35	130298	1725	50	0
1	11.4	5553705	4217	50	4.36255
2	11.4	130298	1725	50	0
1	11.45	5553705	4217	50	4.36255
2	11.45	130298	1725	50	0
1	11.5	5553705	4217	50	4.36255
2	11.5	130298	1725	50	0
1	11.55	5553705	4217	50	4.36255
2	11.55	130298	1725	50	0
1	11.6	5553705	4217	50	4.36255
2	11.6	130298	1725	50	0
1	11.65	5553705	4217	50	4.36255
2	11.65	130298	1725	50	0
1	11.7	5553705	4217	50	4.36255
2	11.7	130298	1725	50	0
1	11.75	5553705	4217	50	4.36255
2	11.75	130298	1725	50	0
1	11.8	5553705	4217	50	4.36255
2	11.8	130298	1725	50	0
1	11.85	5553705	4217	50	4.36255
2	11.85	130298	1725	50	0
1	11.9	5553705	4217	50	4.36255
2	11.9	130298	1725	50	0
1	11.95	5553705	4217	50	4.36255
2	11.95	130298	1725	50	0
1	12	5553705	4217	50	4.36255
2	12	130298	1725	50	0
1	12.05	5553705	4217	50	4.36255
2	12.05	130298	1725	50	0
1	12.1	5553705	4217	50	4.36255
2	12.1	130298	1725	50	0
1	12.15	5553705	4217	50	4.36255
2	12.15	130298	1725	50	0
1	12.2	5553705	4217	50	4.36255
2	12.2	130298	1725	50	0
1	12.25	5553705	4217	50	4.36255
2	12.25	130298	1725	50	0
1	12.3	5553705	4217	50	4.36255
2	12.3	130298	1725	50	0
1	12.35	5553705	4217	50	4.36255
2	12.35	130298	1725	50	0
1	12.4	5553705	4217	50	4.36255
2	12.4	130298	1725	50	0
1	12.45	5553705	4217	50	4.36255
2	12.45	130298	1725	50	0
1	12.5	5553705	4217	50	4.36255
2	12.5	130298	1725	50	0
1	12.55	5553705	4217	50	4.36255
2	12.55	130298	1725	50	0
1	12.6	5553705	4217	50	4.36255
2	12.6	130298	1725	50	0
1	12.65	5553705	4217	50	4.36255
2	12.65	130298	1725	50	0
1	12.7	5553705	4217	50	4.36255
2	12.7	130298	1725	50	0
1	12.75	5553705	4217	50	4.36255
2	12.75	130298	1725	50	0
1	12.8	5553705	4217	50	4.36255
2	12.8	130298	1725	50	0
1	12.85	5553705	4217	50	4.36255
2	12.85	130298	1725	50	0
1	12.9	5553705	4217	50	4.36255
2	12.9	130298	1725	50	0
1	12.95	5553705	4217	50	4.36255
2	12.95	130298	1725	50	0
1	13	5553705	4217	50	4.36255
2	13	130298	1725	50	0
1	13.05	5553705	4217	50	4.36255
2	13.05	130298	1725	50	0
1	13.1	5553705	4217	50	4.36255
2	13.1	130298	1725	50	0
1	13.15	5553705	4217	50	4.36255
2	13.15	130298	1725	50	0
1	13.2	5553705	4217	50	4.36255
2	13.2	130298	1725	50	0
1	13.25	5553705	4217	50	4.36255
2	13.25	130298	1725	50	0
1	13.3	5553705	4217	50	4.36255
2	13.3	130298	1725	50	0
1	13.35	5553705	4217	50	4.36255
2	13.35	130298	1725	50	0
1	13.4	5553705	4217	50	4.36255
2	13.4	130298	1725	50	0
1	13.45	5553705	4217	50	4.36255
2	13.45	130298	1725	50	0
1	13.5	5553705	4217	50	4.36255
2	13.5	130298	1725	50	0
1	13.55	5553705	4217	50	4.36255
2	13.55	130298	1725	50	0
1	13.6	5553705	4217	50	4.36255
2	13.6	130298	1725	50	0
1	13.65	5553705	4217	50	4.36255
2	13.65	130298	1725	50	0
1	13.7	5553705	4217	50	4.36255
2	13.7	130298	1725	50	0
1	13.75	5553705	4217	50	4.36255
2	13.75	130298	1725	50	0
1	13.8	5553705	4217	50	4.36255
2	13.8	130298	1725	50	0
1	13.85	5553705	4217	50	4.36255
2	13.85	130298	1725	50	0
1	13.9	5553705	4217	50	4.36255
2	13.9	130298	1725	50	0
1	13.95	5553705	4217	50	4.36255
2	13.95	130298	1725	50	0
1	14	5553705	4217	50	4.36255
2	14	130298	1725	50	0
1	14.05	5553705	4217	50	4.36255
2	14.05	130298	1725	50	0
1	14.1	5553705	4217	50	4.36255
2	14.1	130298	1725	50	0
1	14.15	5553705	4217	50	4.36255
2	14.15	130298	1725	50	0
1	14.2	5553705	4217	50	4.36255
2	14.2	130298	1725	50	0
1	14.25	5553705	4217	50	4.36255
2	14.25	130298	1725	50	0
1	14.3	5553705	4217	50	4.36255
2	14.3	130298	1725	50	0
1	14.35	5553705	4217	50	4.36255
2	14.35	130298	1725	50	0
1	14.4	5553705	4217	50	4.36255
2	14.4	130298	1725	50	0
1	14.45	5553705	4217	50	4.36255
2	14.45	130298	1725	50	0
1	14.5	5553705	4217	50	4.36255
2	14.5	130298	1725	50	0
1	14.55	5553705	4217	50	4.36255
2	14.55	130298	1725	50	0
1	14.6	5553705	4217	50	4.36255
2	14.6	130298	1725	50	0
1	14.65	5553705	4217	50	4.36255
2	14.65	130298	1725	50	0
1	14.7	5553705	4217	50	4.36255
2	14.7	130298	1725	50	0
1	14.75	5553705	4217	50	4.36255
2	14.75	130298	1725	50	0
1	14.8	5553705	4217	50	4.36255
2	14.8	130298	1725	50	0
1	14.85	5553705	4217	50	4.36255
2	14.85	130298	1725	50	0
1	14.9	5553705	4217	50	4.36255
2	14.9	130298	1725	50	0
1	14.95	5553705	4217	50	4.36255
2	14.95	130298	1725	50	0
1	15	5553705	4217	50	4.36255
2	15	130298	1725	50	0
1	15.05	5553705	4217	50	4.36255
2	15.05	130298	1725	50	0
1	15.1	5553705	4217	50	4.36255
2	15.1	130298	1725	50	0
1	15.15	5553705	4217	50	4.36255
2	15.15	130298	1725	50	0
1	15.2	5553705	4217	50	4.36255
2	15.2	130298	1725	50	0
1	15.25	5553705	4217	50	4.36255
2	15.25	130298	1725	50	0
1	15.3	5553705	4217	50	4.36255
2	15.3	130298	1725	50	0
1	15.35	5553705	4217	50	4.36255
2	15.35	130298	1725	50	0
1	15.4	5553705	4217	50	4.36255
2	15.4	130298	1725	50	0
1	15.45	5553705	4217	50	4.36255
2	15.45	130298	1725	50	0
1	15.5	5553705	4217	50	4.36255
2	15.5	130298	1725	50	0
1	15.55	5553705	4217	50	4.36255
2	15.55	130298	1725	50	0
1	15.6	5553705	4217	50	4.36255
2	15.6	130298	1725	50	0
1	15.65	5553705	4217	50	4.36255
2	15.65	130298	1725	50	0
1	15.7	5553705	4217	50	4.36255
2	15.7	130298	1725	50	0
1	15.75	5553705	4217	50	4.36255
2	15.75	130298	1725	50	0
1	15.8	5553705	4217	50	4.36255
2	15.8	130298	1725	50	0
1	15.85	5553705	4217	50	4.36255
2	15.85	130298	1725	50	0
1	15.9	5553705	4217	50	4.36255
2	15.9	130298	1725	50	0
1	15.95	5553705	4217	50	4.36255
2	15.95	130298	1725	50	0
1	16	5553705	4217	50	4.36255
2	16	130298	1725	50	0
1	16.05	5553705	4217	50	4.36255
2	16.05	130298	1725	50	0
1	16.1	5553705	4217	50	4.36255
2	16.1	130298	1725	50	0
1	16.15	5553705	4217	50	4.36255
2	16.15	130298	1725	50	0
1	16.2	5553705	4217	50	4.36255
2	16.2	130298	1725	50	0
1	16.25	5553705	4217	50	4.36255
2	16.25	130298	1725	50	0
1	16.3	5553705	4217	50	4.36255
2	16.3	130298	1725	50	0
1	16.35	5553705	4217	50	4.36255
2	16.35	130298	1725	50	0
1	16.4	5553705	4217	50	4.36255
2	16.4	130298	1725	50	0
1	16.45	5553705	4217	50	4.36255
2	16.45	130298	1725	50	0
1	16.5	5553705	4217	50	4.36255
2	16.5	130298	1725	50	0
1	16.55	5553705	4217	50	4.36255
2	16.55	130298	1725	50	0
1	16.6	5553705	4217	50	4.36255
2	16.6	130298	1725	50	0
1	16.65	5553705	4217	50	4.36255
2	16.65	130298	1725	50	0
1	16.7	5553705	4217	50	4.36255
2	16.7	130298	1725	50	0
1	16.75	5553705	4217	50	4.36255
2	16.75	130298	1725	50	0
1	16.8	5553705	4217	50	4.36255
2	16.8	130298	1725	50	0
1	16.85	5553705	4217	50	4.36255
2	16.85	130298	1725	50	0
1	16.9	5553705	4217	50	4.36255
2	16.9	130298	1725	50	0
1	16.95	5553705	4217	50	4.36255
2	16.95	130298	1725	50	0
1	17	5553705	4217	50	4.36255
2	17	130298	1725	50	0
1	17.05	5553705	4217	50	4.36255
2	17.05	130298	1725	50	0
1	17.1	5553705	4217	50	4.36255
2	17.1	130298	1725	50	0
1	17.15	5553705	4217	50	4.36255
2	17.15	130298	1725	50	0
1	17.2	5553705	4217	50	4.36255
2	17.2	130298	1725	50	0
1	17.25	5553705	4217	50	4.36255
2	17.25	130298	1725	50	0
1	17.3	5553705	4217	50	4.36255
2	17.3	130298	1725	50	0
1	17.35	5553705	4217	50	4.36255
2	17.35	130298	1725	50	0
1	17.4	5553705	4217	50	4.36255
2	17.4	130298	1725	50	0
1	17.45	5553705	4217	50	4.36255
2	17.45	130298	1725	50	0
1	17.5	5553705	4217	50	4.36255
2	17.5	130298	1725	50	0
1	17.55	5553705	4217	50	4.36255
2	17.55	130298	1725	50	0
1	17.6	5553705	4217	50	4.36255
2	17.6	130298	1725	50	0
1	17.65	5553705	4217	50	4.36255
2	17.65	130298	1725	50	0
1	17.7	5553705	4217	50	4.36255
2	17.7	130298	1725	50	0
1	17.75	5553705	4217	50	4.36255
2	17.75	130298	1725	50	0
1	17.8	5553705	4217	50	4.36255
2	17.8	130298	1725	50	0
1	17.85	5553705	4217	50	4.36255
2	17.85	130298	1725	50	0
1	17.9	5553705	4217	50	4.36255
2	17.9	130298	1725	50	0
1	17.95	5553705	4217	50	4.36255
2	17.95	130298	1725	50	0
1	18	5553705	4217	50	4.36255
2	18	130298	1725	50	0
1	18.05	5553705	4217	50	4.36255
2	18.05	130298	1725	50	0
1	18.1	5553705	4217	50	4.36255
2	18.1	130298	1725	50	0
1	18.15	5553705	4217	50	4.36255
2	18.15	130298	1725	50	0
1	18.2	5553705	4217	50	4.36255
2	18.2	130298	1725	50	0
1	18.25	5553705	4217	50	4.36255
2	18.25	130298	1725	50	0
1	18.3	5553705	4217	50	4.36255
2	18.3	130298	1725	50	0
1	18.35	5553705	4217	50	4.36255
2	18.35	130298	1725	50	0
1	18.4	5553705	4217	50	4.36255
2	18.4	130298	1725	50	0
1	18.45	5553705	4217	50	4.36255
2	18.45	130298	1725	50	0
1	18.5	5553705	4217	50	4.36255
2	18.5	130298	1725	50	0
1	18.55	5553705	4217	50	4.36255
2	18.55	130298	1725	50	0
1	18.6	5553705	4217	50	4.36255
2	18.6	130298	1725	50	0
1	18.65	5553705	4217	50	4.36255
2	18.65	130298	1725	50	0
1	18.7	5553705	4217	50	4.36255
2	18.7	130298	1725	50	0
1	18.75	5553705	4217	50	4.36255
2	18.75	130298	1725	50	0
1	18.8	5553705	4217	50	4.36255
2	18.8	130298	1725	50	0
1	18.85	5553705	4217	50	4.36255
2	18.85	130298	1725	50	0
1	18.9	5553705	4217	50	4.36255
2	18.9	130298	1725	50	0
1	18.95	5553705	4217	50	4.36255
2	18.95	130298	1725	50	0
1	19	5553705	4217	50	4.36255
2	19	130298	1725	50	0
1	19.05	5553705	4217	50	4.36255
2	19.05	130298	1725	50	0
1	19.1	5553705	4217	50	4.36255
2	19.1	130298	1725	50	0
1	19.15	5553705	4217	50	4.36255
2	19.15	130298	1725	50	0
1	19.2	5553705	4217	50	4.36255
2	19.2	130298	1725	50	0
1	19.25	5553705	4217	50	4.36255
2	19.25	130298	1725	50	0
1	19.3	5553705	4217	50	4.36255
2	19.3	130298	1725	50	0
1	19.35	5553705	4217	50	4.36255
2	19.35	130298	1725	50	0
1	19.4	5553705	4217	50	4.36255
2	19.4	130298	1725	50	0
1	19.45	5553705	4217	50	4.36255
2	19.45	130298	1725	50	0
1	19.5	5553705	4217	50	4.36255
2	19.5	130298	1725	50	0
1	19.55	5553705	4217	50	4.36255
2	19.55	130298	1725	50	0
1	19.6	5553705	4217	50	4.36255
2	19.6	130298	1725	50	0
1	19.65	5553705	4217	50	4.36255
2	19.65	130298	1725	50	0
1	19.7	5553705	4217	50	4.36255
2	19.7	130298	1725	50	0
1	19.75	5553705	4217	50	4.36255
2	19.75	130298	1725	50	0
1	19.8	5553705	4217	50	4.36255
2	19.8	130298	1725	50	0
1	19.85	5553705	4217	50	4.36255
2	19.85	130298	1725	50	0
1	19.9	5553705	4217	50	4.36255
2	19.9	130298	1725	50	0
1	19.95	5553705	4217	50	4.36255
2	19.95	130298	1725	50	0
1	20	5553705	4217	50	4.36255
2	20	130298	1725	50	0
1	20.05	5553705	4217	50	4.36255
2	20.05	130298	1725	50	0
1	20.1	5553705	4217	50	4.36255
2	20.1	130298	1725	50	0
1	20.15	5553705	4217	50	4.36255
2	20.15	130298	1725	50	0
1	20.2	5553705	4217	50	4.36255
2	20.2	130298	1725	50	0
1	20.25	5553705	4217	50	4.36255
2	20.25	130298	1725	50	0
1	20.3	5553705	4217	50	4.36255
2	20.3	130298	1725	50	0
1	20.35	5553705	4217	50	4.36255
2	20.35	130298	1725	50	0
1	20.4	5553705	4217	50	4.36255
2	20.4	130298	1725	50	0
1	20.45	5553705	4217	50	4.36255
2	20.45	130298	1725	50	0
1	20.5	5553705	4217	50	4.36255
2	20.5	130298	1725	50	0
1	20.55	5553705	4217	50	4.36255
2	20.55	130298	1725	50	0
1	20.6	5553705	4217	50	4.36255
2	20.6	130298	1725	50	0
1	20.65	5553705	4217	50	4.36255
2	20.65	130298	1725	50	0
1	20.7	5553705	4217	50	4.36255
2	20.7	130298	1725	50	0
1	20.75	5553705	4217	50	4.36255
2	20.75	130298	1725	50	0
1	20.8	5553705	4217	50	4.36255
2	20.8	130298	1725	50	0
1	20.85	5553705	4217	50	4.36255
2	20.85	130298	1725	50	0
1	20.9	5553705	4217	50	4.36255
2	20.9	130298	1725	50	0
1	20.95	5553705	4217	50	4.36255
2	20.95	130298	1725	50	0
1	21	5553705	4217	50	4.36255
2	21	130298	1725	50	0
1	21.05	5553705	4217	50	4.36255
2	21.05	130298	1725	50	0
1	21.1	5553705	4217	50	4.36255
2	21.1	130298	1725	50	0
1	21.15	5553705	4217	50	4.36255
2	21.15	130298	1725	50	0
1	21.2	5553705	4217	50	4.36255
2	21.2	130298	1725	50	0
1	21.25	5553705	4217	50	4.36255
2	21.25	130298	1725	50	0
1	21.3	5553705	4217	50	4.36255
2	21.3	130298	1725	50	0
1	21.35	5553705	4217	50	4.36255
2	21.35	130298	1725	50	0
1	21.4	5553705	4217	50	4.36255
2	21.4	130298	1725	50	0
1	21.45	5553705	4217	50	4.36255
2	21.45	130298	1725	50	0
1	21.5	5553705	4217	50	4.36255
2	21.5	130298	1725	50	0
1	21.55	5553705	4217	50	4.36255
2	21.55	130298	1725	50	0
1	21.6	5553705	4217	50	4.36255
2	21.6	130298	1725	50	0
1	21.65	5553705	4217	50	4.36255
2	21.65	130298	1725	50	0
1	21.7	5553705	4217	50	4.36255
2	21.7	130298	1725	50	0
1	21.75	5553705	4217	50	4.36255
2	21.75	130298	1725	50	0
1	21.8	5553705	4217	50	4.36255
2	21.8	130298	1725	50	0
1	21.85	5553705	4217	50	4.36255
2	21.85	130298	1725	50	0
1	21.9	5553705	4217	50	4.36255
2	21.9	130298	1725	50	0
1	21.95	5553705	4217	50	4.36255
2	21.95	130298	1725	50	0
1	22	5553705	4217	50	4.36255
2	22	130298	1725	50	0
1	22.05	5553705	4217	50	4.36255
2	22.05	130298	1725	50	0
1	22.1	5553705	4217	50	4.36255
2	22.1	130298	1725	50	0
1	22.15	5553705	4217	50	4.36255
2	22.15	130298	1725	50	0
1	22.2	5553705	4217	50	4.36255
2	22.2	130298	1725	50	0
1	22.25	5553705	4217	50	4.36255
2	22.25	130298	1725	50	0
1	22.3	5553705	4217	50	4.36255
2	22.3	130298	1725	50	0
1	22.35	5553705	4217	50	4.36255
2	22.35	130298	1725	50	0
1	22.4	5553705	4217	50	4.36255
2	22.4	130298	1725	50	0
1	22.45	5553705	4217	50	4.36255
2	22.45	130298	1725	50	0
1	22.5	5553705	4217	50	4.36255
2	22.5	130298	1725	50	0
1	22.55	5553705	4217	50	4.36255
2	22.55	130298	1725	50	0
1	22.6	5553705	4217	50	4.36255
2	22.6	130298	1725	50	0
1	22.65	5553705	4217	50	4.36255
2	22.65	130298	1725	50	0
1	22.7	5553705	4217	50	4.36255
2	22.7	130298	1725	50	0
1	22.75	5553705	4217	50	4.36255
2	22.75	130298	1725	50	0
1	22.8	5553705	4217	50	4.36255
2	22.8	130298	1725	50	0
1	22.85	5553705	4217	50	4.36255
2	22.85	130298	1725	50	0
1	22.9	5553705	4217	50	4.36255
2	22.9	130298	1725	50	0
1	22.95	5553705	4217	50	4.36255
2	22.95	130298	1725	50	0
1	23	5553705	4217	50	4.36255
2	23	130298	1725	50	0
1	23.05	5553705	4217	50	4.36255
2	23.05	130298	1725	50	0
1	23.1	5553705	4217	50	4.36255
2	23.1	130298	1725	50	0
1	23.15	5553705	4217	50	4.36255
2	23.15	130298	1725	50	0
1	23.2	5553705	4217	50	4.36255
2	23.2	130298	1725	50	0
1	23.25	5553705	4217	50	4.36255
2	23.25	130298	1725	50	0
1	23.3	5553705	4217	50	4.36255
2	23.3	130298	1725	50	0
1	23.35	5553705	4217	50	4.36255
2	23.35	130298	1725	50	0
1	23.4	5553705	4217	50	4.36255
2	23.4	130298	1725	50	0
1	23.45	5553705	4217	50	4.36255
2	23.45	130298	1725	50	0
1	23.5	5553705	4217	50	4.36255
2	23.5	130298	1725	50	0
1	23.55	5553705	4217	50	4.36255
2	23.55	130298	1725	50	0
1	23.6	5553705	4217	50	4.36255
2	23.6	130298	1725	50	0
1	23.65	5553705	4217	50	4.36255
2	23.65	130298	1725	50	0
1	23.7	5553705	4217	50	4.36255
2	23.7	130298	1725	50	0
1	23.75	5553705	4217	50	4.36255
2	23.75	130298	1725	50	0
1	23.8	5553705	4217	50	4.36255
2	23.8	130298	1725	50	0
1	23.85	5553705	4217	50	4.36255
2	23.85	130298	1725	50	0
1	23.9	5553705	4217	50	4.36255
2	23.9	130298	1725	50	0
1	23.95	5553705	4217	50	4.36255
2	23.95	130298	1725	50	0
1	24	5553705	4217	50	4.36255
2	24	130298	1725	50	0
1	24.05	5553705	4217	50	4.36255
2	24.05	130298	1725	50	0
1	24.1	5553705	4217	50	4.36255
2	24.1	130298	1725	50	0
1	24.15	5553705	4217	50	4.36255
2	24.15	130298	1725	50	0
1	24.2	5553705	4217	50	4.36255
2	24.2	130298	1725	50	0
1	24.25	5553705	4217	50	4.36255
2	24.25	130298	1725	50	0
1	24.3	5553705	4217	50	4.36255
2	24.3	130298	1725	50	0
1	24.35	5553705	4217	50	4.36255
2	24.35	130298	1725	50	0
1	24.4	5553705	4217	50	4.36255
2	24.4	130298	1725	50	0
1	24.45	5553705	4217	50	4.36255
2	24.45	130298	1725	50	0
1	24.5	5553705	4217	50	4.36255
2	24.5	130298	1725	50	0
1	24.55	5553705	4217	50	4.36255
2	24.55	130298	1725	50	0
1	24.6	5553705	4217	50	4.36255
2	24.6	130298	1725	50	0
1	24.65	5553705	4217	50	4.36255
2	24.65	130298	1725	50	0
1	24.7	5553705	4217	50	4.36255
2	24.7	130298	1725	50	0
1	24.75	5553705	4217	50	4.36255
2	24.75	130298	1725	50	0
1	24.8	5553705	4217	50	4.36255
2	24.8	130298	1725	50	0
1	24.85	5553705	4217	50	4.36255
2	24.85	130298	1725	50	0
1	24.9	5553705	4217	50	4.36255
2	24.9	130298	1725	50	0
1	24.95	5553705	4217	50	4.36255
2	24.95	130298	1725	50	0
1	25	5553705	4217	50	4.36255
2	25	130298	1725	50	0
1	25.05	5553705	4217	50	4.36255
2	25.05	130298	1725	50	0
1	25.1	5553705	4217	50	4.36255
2	25.1	130298	1725	50	0
1	25.15	5553705	4217	50	4.36255
2	25.15	130298	1725	50	0
1	25.2	5553705	4217	50	4.36255
2	25.2	130298	1725	50	0
1	25.25	5553705	4217	50	4.36255
2	25.25	130298	1725	50	0
1	25.3	5553705	4217	50	4.36255
2	25.3	130298	1725	50	0
1	25.35	5553705	4217	50	4.36255
2	25.35	130298	1725	50	0
1	25.4	5553705	4217	50	4.36255
2	25.4	130298	1725	50	0
1	25.45	5553705	4217	50	4.36255
2	25.45	130298	1725	50	0
1	25.5	5553705	4217	50	4.36255
2	25.5	130298	1725	50	0
1	25.55	5553705	4217	50	4.36255
2	25.55	130298	1725	50	0
1	25.6	5553705	4217	50	4.36255
2	25.6	130298	1725	50	0
1	25.65	5553705	4217	50	4.36255
2	25.65	130298	1725	50	0
1	25.7	5553705	4217	50	4.36255
2	25.7	130298	1725	50	0
1	25.75	5553705	4217	50	4.36255
2	25.75	130298	1725	50	0
1	25.8	5553705	4217	50	4.36255
2	25.8	130298	1725	50	0
1	25.85	5553705	4217	50	4.36255
2	25.85	130298	1725	50	0
1	25.9	5553705	4217	50	4.36255
2	25.9	130298	1725	50	0
1	25.95	5553705	4217	50	4.36255
2	25.95	130298	1725	50	0
1	26	5553705	4217	50	4.36255
2	26	130298	1725	50	0
1	26.05	5553705	4217	50	4.36255
2	26.05	130298	1725	50	0
1	26.1	5553705	4217	50	4.36255
2	26.1	130298	1725	50	0
1	26.15	5553705	4217	50	4.36255
2	26.15	130298	1725	50	0
1	26.2	5553705	4217	50	4.36255
2	26.2	130298	1725	50	0
1	26.25	5553705	4217	50	4.36255
2	26.25	130298	1725	50	0
1	26.3	5553705	4217	50	4.36255
2	26.3	130298	1725	50	0
1	26.35	5553705	4217	50	4.36255
2	26.35	130298	1725	50	0
1	26.4	5553705	4217	50	4.36255
2	26.4	130298	1725	50	0
1	26.45	5553705	4217	50	4.36255
2	26.45	130298	1725	50	0
1	26.5	5553705	4217	50	4.36255
2	26.5	130298	1725	50	0
1	26.55	5553705	4217	50	4.36255
2	26.55	130298	1725	50	0
1	26.6	5553705	4217	50	4.36255
2	26.6	130298	1725	50	0
1	26.65	5553705	4217	50	4.36255
2	26.65	130298	1725	50	0
1	26.7	5553705	4217	50	4.36255
2	26.7	130298	1725	50	0
1	26.75	5553705	4217	50	4.36255
2	26.75	130298	1725	50	0
1	26.8	5553705	4217	50	4.36255
2	26.8	130298	1725	50	0
1	26.85	5553705	4217	50	4.36255
2	26.85	130298	1725	50	0
1	26.9	5553705	4217	50	4.36255
2	26.9	130298	1725	50	0
1	26.95	5553705	4217	50	4.36255
2	26.95	130298	1725	50	0
1	27	5553705	4217	50	4.36255
2	27	130298	1725	50	0
1	27.05	5553705	4217	50	4.36255
2	27.05	130298	1725	50	0
1	27.1	5553705	4217	50	4.36255
2	27.1	130298	1725	50	0
1	27.15	5553705	4217	50	4.36255
2	27.15	130298	1725	50	0
1	27.2	5553705	4217	50	4.36255
2	27.2	130298	1725	50	0
1	27.25	5553705	4217	50	4.36255
2	27.25	130298	1725	50	0
1	27.3	5553705	4217	50	4.36255
2	27.3	130298	1725	50	0
1	27.35	5553705	4217	50	4.36255
2	27.35	130298	1725	50	0
1	27.4	5553705	4217	50	4.36255
2	27.4	130298	1725	50	0
1	27.45	5553705	4217	50	4.36255
2	27.45	130298	1725	50	0
1	27.5	5553705	4217	50	4.36255
2	27.5	130298	1725	50	0
1	27.55	5553705	4217	50	4.36255
2	27.55	130298	1725	50	0
1	27.6	5553705	4217	50	4.36255
2	27.6	130298	1725	50	0
1	27.65	5553705	4217	50	4.36255
2	27.65	130298	1725	50	0
1	27.7	5553705	4217	50	4.36255
2	27.7	130298	1725	50	0
1	27.75	5553705	4217	50	4.36255
2	27.75	130298	1725	50	0
1	27.8	5553705	4217	50	4.36255
2	27.8	130298	1725	50	0
1	27.85	5553705	4217	50	4.36255
2	27.85	130298	1725	50	0
1	27.9	5553705	4217	50	4.36255
2	27.9	130298	1725	50	0
1	27.95	5553705	4217	50	4.36255
2	27.95	130298	1725	50	0
1	28	5553705	4217	50	4.36255
2	28	130298	1725	50	0
1	28.05	5553705	4217	50	4.36255
2	28.05	130298	1725	50	0
1	28.1	5553705	4217	50	4.36255
2	28.1	130298	1725	50	0
1	28.15	5553705	4217	50	4.36255
2	28.15	130298	1725	50	0
1	28.2	5553705	4217	50	4.36255
2	28.2	130298	1725	50	0
1	28.25	5553705	4217	50	4.36255
2	28.25	130298	1725	50	0
1	28.3	5553705	4217	50	4.36255
2	28.3	130298	1725	50	0
1	28.35	5553705	4217	50	4.36255
2	28.35	130298	1725	50	0
1	28.4	5553705	4217	50	4.36255
2	28.4	130298	1725	50	0
1	28.45	5553705	4217	50	4.36255
2	28.45	130298	1725	50	0
1	28.5	5553705	4217	50	4.36255
2	28.5	130298	1725	50	0
1	28.55	5553705	4217	50	4.36255
2	28.55	130298	1725	50	0
1	28.6	5553705	4217	50	4.36255
2	28.6	130298	1725	50	0
1	28.65	5553705	4217	50	4.36255
2	28.65	130298	1725	50	0
1	28.7	5553705	4217	50	4.36255
2	28.7	130298	1725	50	0
1	28.75	5553705	4217	50	4.36255
2	28.75	130298	1725	50	0
1	28.8	5553705	4217	50	4.36255
2	28.8	130298	1725	50	0
1	28.85	5553705	4217	50	4.36255
2	28.85	130298	1725	50	0
1	28.9	5553705	4217	50	4.36255
2	28.9	130298	1725	50	0
1	28.95	5553705	4217	50	4.36255
2	28.95	130298	1725	50	0
1	29	5553705	4217	50	4.36255
2	29	130298	1725	50	0
1	29.05	5553705	4217	50	4.36255
2	29.05	130298	1725	50	0
1	29.1	5553705	4217	50	4.36255
2	29.1	130298	1725	50	0
1	29.15	5553705	4217	50	4.36255
2	29.15	130298	1725	50	0
1	29.2	5553705	4217	50	4.36255
2	29.2	130298	1725	50	0
1	29.25	5553705	4217	50	4.36255
2	29.25	130298	1725	50	0
1	29.3	5553705	4217	50	4.36255
2	29.3	130298	1725	50	0
1	29.35	5553705	4217	50	4.36255
2	29.35	130298	1725	50	0
1	29.4	5553705	4217	50	4.36255
2	29.4	130298	1725	50	0
1	29.45	5553705	4217	50	4.36255
2	29.45	130298	1725	50	0
1	29.5	5553705	4217	50	4.36255
2	29.5	130298	1725	50	0
1	29.55	5553705	4217	50	4.36255
2	29.55	130298	1725	50	0
1	29.6	5553705	4217	50	4.36255
2	29.6	130298	1725	50	0
1	29.65	5553705	4217	50	4.36255
2	29.65	130298	1725	50	0
1	29.7	5553705	4217	50	4.36255
2	29.7	130298	1725	50	0
1	29.75	5553705	4217	50	4.36255
2	29.75	130298	1725	50	0
1	29.8	5553705	4217	50	4.36255
2	29.8	130298	1725	50	0
1	29.85	5553705	4217	50	4.36255
2	29.85	130298	1725	50	0
1	29.9	5553705	4217	50	4.36255
2	29.9	130298	1725	50	0
1	29.95	5553705	4217	50	4.36255
2	29.95	130298	1725	50	0
