1	1.05	0	0	0	-nan
1	1.1	1260	1	52	-nan
2	1.1	0	0	0	-nan
1	1.15	1260	1	52	-nan
2	1.15	129	2	50	0
1	1.2	9838	7	52	0
2	1.2	129	2	50	0
1	1.25	9838	7	52	0
2	1.25	408	7	50	0
1	1.3	22026	16	54	0
2	1.3	408	7	50	0
1	1.35	22082	17	50	0
2	1.35	739	13	50	0
1	1.4	40346	30	58	0
2	1.4	797	14	50	0
1	1.45	46465	35	57	0
2	1.45	1076	19	50	0
1	1.5	60184	45	64	0
2	1.5	1242	22	50	0
1	1.55	92140	68	92	0
2	1.55	1517	27	50	0
1	1.6	105845	78	58	0
2	1.6	2074	37	50	0
1	1.65	140833	103	80	1.67569
2	1.65	2422	43	50	0
1	1.7	174306	127	103	1.54844
2	1.7	2986	53	50	0
1	1.75	209294	152	102	1.43445
2	1.75	3555	63	50	0
1	1.8	239734	174	127	1.33984
2	1.8	4181	74	50	0
1	1.85	270174	196	153	2.5131
2	1.85	4693	83	50	0
1	1.9	300555	217	187	2.36006
2	1.9	5200	92	50	0
1	1.95	333972	240	209	2.23188
2	1.95	5666	100	50	0
1	2	367474	264	234	2.11385
2	2	6159	108	50	0
1	2.05	401018	288	262	3.01018
2	2.05	6647	116	50	0
1	2.1	429945	308	286	2.86825
2	2.1	7140	124	50	0
1	2.15	463494	332	307	2.73483
2	2.15	7580	131	50	0
1	2.2	500076	358	331	2.61396
2	2.2	8108	139	50	0
1	2.25	535139	383	347	3.34421
2	2.25	8665	147	50	0
1	2.3	568679	407	371	3.20756
2	2.3	9291	156	50	0
1	2.35	601311	440	164	3.08297
2	2.35	9848	164	50	0
1	2.4	636388	465	164	2.96785
2	2.4	10612	175	50	0
1	2.45	669990	490	167	3.58072
2	2.45	11380	187	50	0
1	2.5	703591	515	167	3.45778
2	2.5	12045	197	50	0
1	2.55	738772	542	161	3.33879
2	2.55	12729	207	50	0
1	2.6	772432	568	164	3.23264
2	2.6	13391	216	50	0
1	2.65	806034	593	165	3.75894
2	2.65	13975	224	50	0
1	2.7	841160	619	163	3.64153
2	2.7	14637	233	50	0
1	2.75	875178	651	57	3.53565
2	2.75	15226	241	50	0
1	2.8	908722	675	53	3.43546
2	2.8	16142	254	50	0
1	2.85	942382	701	55	3.8973
2	2.85	16847	264	50	0
1	2.9	977566	728	58	3.79108
2	2.9	17628	275	50	0
1	2.95	1012741	755	57	3.69077
2	2.95	18404	286	50	0
1	3	1047867	781	54	3.59596
2	3	19185	297	50	0
1	3.05	1083046	808	54	4.00624
2	3.05	19892	307	50	0
1	3.1	1115129	832	60	3.90981
2	3.1	20673	318	50	0
1	3.15	1147266	857	63	3.81751
2	3.15	21375	328	50	0
1	3.2	1180873	882	66	4.19321
2	3.2	22156	339	50	0
1	3.25	1214475	907	62	4.09674
2	3.25	22863	349	50	0
1	3.3	1246616	932	64	4.00431
2	3.3	23570	359	50	0
1	3.35	1277176	955	64	3.92002
2	3.35	24351	370	50	0
1	3.4	1313879	983	60	4.2625
2	3.4	24979	379	50	0
1	3.45	1350519	1010	54	4.17041
2	3.45	25834	391	50	0
1	3.5	1382665	1035	61	4.08612
2	3.5	26596	402	50	0
1	3.55	1414744	1059	67	4.00504
2	3.55	27322	412	50	0
1	3.6	1445308	1082	67	4.32059
2	3.6	28024	422	50	0
1	3.65	1477449	1107	71	4.23455
2	3.65	28731	432	50	0
1	3.7	1509532	1131	70	4.15614
2	3.7	29438	442	50	0
1	3.75	1543197	1157	65	4.07722
2	3.75	30145	452	50	0
1	3.8	1578314	1183	63	4.36993
2	3.8	30847	462	50	0
1	3.85	1615017	1211	59	4.29181
2	3.85	31628	473	50	0
1	3.9	1650138	1237	59	4.21416
2	3.9	32483	485	50	0
1	3.95	1683798	1263	65	4.14209
2	3.95	33245	496	50	0
1	4	1718978	1290	66	4.40981
2	4	34026	507	50	0
1	4.05	1752580	1315	62	4.33817
2	4.05	34728	517	50	0
1	4.1	1787764	1342	59	4.26687
2	4.1	35509	528	50	0
1	4.15	1822885	1368	65	4.19804
2	4.15	36290	539	50	0
1	4.2	1855022	1393	69	4.44906
2	4.2	37071	550	50	0
1	4.25	1887105	1417	74	4.37909
2	4.25	37773	560	50	0
1	4.3	1919193	1441	70	4.31303
2	4.3	38480	570	50	0
1	4.35	1952853	1467	71	4.24591
2	4.35	39187	580	50	0
1	4.4	1989547	1495	67	4.48068
2	4.4	39968	591	50	0
1	4.45	2026192	1522	64	4.41445
2	4.45	40749	602	50	0
1	4.5	2056756	1545	67	4.35242
2	4.5	41525	613	50	0
1	4.55	2088897	1570	74	4.2886
2	4.55	42232	623	50	0
1	4.6	2119457	1593	78	4.5121
2	4.6	42939	633	50	0
1	4.65	2151545	1617	78	4.44841
2	4.65	43646	643	50	0
1	4.7	2183686	1642	77	4.38658
2	4.7	44348	653	50	0
1	4.75	2214250	1665	77	4.32938
2	4.75	45055	663	50	0
1	4.8	2249429	1692	75	4.53703
2	4.8	45707	672	50	0
1	4.85	2283032	1717	71	4.47859
2	4.85	46543	684	50	0
1	4.9	2318211	1744	67	4.41923
2	4.9	47245	694	50	0
1	4.95	2353332	1770	71	4.36153
2	4.95	48026	705	50	0
1	5	2388516	1797	69	4.56049
2	5	48807	716	50	0
1	5.05	2423691	1824	68	4.50448
2	5.05	49588	727	50	0
1	5.1	2455779	1848	74	4.44679
2	5.1	50369	738	50	0
1	5.15	2486343	1871	79	4.39289
2	5.15	51071	748	50	0
1	5.2	2518426	1895	83	4.58236
2	5.2	51778	758	50	0
1	5.25	2552082	1921	81	4.52666
2	5.25	52485	768	50	0
1	5.3	2584165	1945	80	4.47344
2	5.3	53187	778	50	0
1	5.35	2616311	1970	80	4.42135
2	5.35	53894	788	50	0
1	5.4	2651432	1996	78	4.60002
2	5.4	54675	799	50	0
1	5.45	2685088	2022	72	4.54966
2	5.45	55382	809	50	0
1	5.5	2720214	2048	74	4.49779
2	5.5	56163	820	50	0
1	5.55	2755393	2075	75	4.66934
2	5.55	56939	831	50	0
1	5.6	2787476	2099	78	4.61868
2	5.6	57720	842	50	0
1	5.65	2819618	2124	81	4.56892
2	5.65	58427	852	50	0
1	5.7	2851701	2148	80	4.51897
2	5.7	59134	862	50	0
1	5.75	2883784	2172	82	4.68295
2	5.75	59836	872	50	0
1	5.8	2915867	2196	82	4.63565
2	5.8	60543	882	50	0
1	5.85	2949532	2222	81	4.58717
2	5.85	61250	892	50	0
1	5.9	2981611	2246	81	4.53982
2	5.9	62031	903	50	0
1	5.95	3013694	2270	84	4.49333
2	5.95	62733	913	50	0
1	6	3045835	2295	89	4.64931
2	6	63385	922	50	0
1	6.05	3077918	2319	89	4.60209
2	6.05	64092	932	50	0
1	6.1	3110060	2344	88	4.55772
2	6.1	64799	942	50	0
1	6.15	3143662	2369	83	4.51223
2	6.15	65501	952	50	0
1	6.2	3178841	2396	83	4.66259
2	6.2	66282	963	50	0
1	6.25	3213967	2422	80	4.61773
2	6.25	67063	974	50	0
1	6.3	3249142	2449	77	4.57463
2	6.3	67825	985	50	0
1	6.35	3285845	2477	75	4.71937
2	6.35	68601	996	50	0
1	6.4	3317928	2501	74	4.6766
2	6.4	69456	1008	50	0
1	6.45	3351530	2526	81	4.63252
2	6.45	70163	1018	50	0
1	6.5	3386710	2553	80	4.59035
2	6.5	70870	1028	50	0
1	6.55	3423408	2581	78	4.7292
2	6.55	71651	1039	50	0
1	6.6	3457073	2607	81	4.68639
2	6.6	72427	1050	50	0
1	6.65	3489156	2631	84	4.6461
2	6.65	73134	1060	50	0
1	6.7	3525850	2659	77	4.60481
2	6.7	73915	1071	50	0
1	6.75	3562495	2686	75	4.74001
2	6.75	74696	1082	50	0
1	6.8	3596155	2712	80	4.69731
2	6.8	75477	1093	50	0
1	6.85	3628238	2736	86	4.65712
2	6.85	76253	1104	50	0
1	6.9	3660382	2761	92	4.61842
2	6.9	76960	1114	50	0
1	6.95	3693982	2786	87	4.74819
2	6.95	77667	1124	50	0
1	7	3726065	2810	89	4.70896
2	7	78448	1135	50	0
1	7.05	3759725	2836	92	4.66848
2	7.05	79150	1145	50	0
1	7.1	3793332	2861	88	4.63048
2	7.1	79857	1155	50	0
1	7.15	3826988	2887	88	4.75715
2	7.15	80638	1166	50	0
1	7.2	3863691	2915	79	4.71769
2	7.2	81345	1176	50	0
1	7.25	3900331	2942	78	4.67902
2	7.25	82255	1189	50	0
1	7.3	3932472	2967	81	4.80252
2	7.3	82957	1199	50	0
1	7.35	3966075	2992	90	4.76343
2	7.35	83738	1210	50	0
1	7.4	3998216	3017	94	4.72638
2	7.4	84445	1220	50	0
1	7.45	4030299	3041	95	4.68988
2	7.45	85226	1231	50	0
1	7.5	4063901	3066	90	4.80919
2	7.5	85928	1241	50	0
1	7.55	4099081	3093	88	4.77113
2	7.55	86635	1251	50	0
1	7.6	4131164	3117	87	4.73579
2	7.6	87416	1262	50	0
1	7.65	4164824	3143	91	4.6992
2	7.65	88123	1272	50	0
1	7.7	4198431	3168	94	4.81478
2	7.7	88904	1283	50	0
1	7.75	4233606	3195	92	4.77769
2	7.75	89606	1293	50	0
1	7.8	4268727	3221	85	4.74325
2	7.8	90387	1304	50	0
1	7.85	4305488	3250	80	4.70787
2	7.85	91168	1315	50	0
1	7.9	4339090	3275	84	4.81949
2	7.9	91949	1326	50	0
1	7.95	4372751	3301	86	4.78442
2	7.95	92730	1337	50	0
1	8	4403315	3324	96	4.75073
2	8	93432	1347	50	0
1	8.05	4435398	3348	100	4.71572
2	8.05	94139	1357	50	0
1	8.1	4470519	3374	96	4.82496
2	8.1	94846	1367	50	0
1	8.15	4507218	3402	88	4.79053
2	8.15	95627	1378	50	0
1	8.2	4543916	3430	84	4.75703
2	8.2	96403	1389	50	0
1	8.25	4580619	3458	79	4.72402
2	8.25	97184	1400	50	0
1	8.3	4611183	3481	90	4.83021
2	8.3	98094	1413	50	0
1	8.35	4643323	3506	98	4.79603
2	8.35	98727	1422	50	0
1	8.4	4678446	3532	100	4.76334
2	8.4	99453	1432	50	0
1	8.45	4713625	3559	94	4.73127
2	8.45	100210	1443	50	0
1	8.5	4748746	3585	85	4.83467
2	8.5	100991	1454	50	0
1	8.55	4785447	3613	86	4.80194
2	8.55	101772	1465	50	0
1	8.6	4816009	3636	89	4.77097
2	8.6	102553	1476	50	0
1	8.65	4848150	3661	96	4.73862
2	8.65	103255	1486	50	0
1	8.7	4884795	3688	98	4.83794
2	8.7	103962	1496	50	0
1	8.75	4919974	3715	90	4.80753
2	8.75	104743	1507	50	0
1	8.8	4956673	3743	84	4.7762
2	8.8	105524	1518	50	0
1	8.85	4993371	3771	86	4.87352
2	8.85	106379	1530	50	0
1	8.9	5023935	3794	90	4.8434
2	8.9	107160	1541	50	0
1	8.95	5056023	3818	100	4.81196
2	8.95	107862	1551	50	0
1	9	5089679	3844	105	4.78179
2	9	108569	1561	50	0
1	9.05	5123281	3869	100	4.87713
2	9.05	109276	1571	50	0
1	9.1	5156946	3895	99	4.84659
2	9.1	110057	1582	50	0
1	9.15	5190548	3920	98	4.8164
2	9.15	110759	1592	50	0
1	9.2	5225723	3947	96	4.78655
2	9.2	111540	1603	50	0
1	9.25	5259330	3972	96	4.88044
2	9.25	112321	1614	50	0
1	9.3	5296028	4000	95	4.84969
2	9.3	113028	1624	50	0
1	9.35	5331212	4027	93	4.82059
2	9.35	113859	1636	50	0
1	9.4	5361772	4050	97	4.7929
2	9.4	114640	1647	50	0
1	9.45	5393855	4074	102	4.88312
2	9.45	115347	1657	50	0
1	9.5	5427515	4100	108	4.85327
2	9.5	116054	1667	50	0
1	9.55	5459598	4124	108	4.82513
2	9.55	116756	1677	50	0
1	9.6	5491682	4148	102	4.79744
2	9.6	117537	1688	50	0
1	9.65	5525342	4174	104	4.88505
2	9.65	118189	1697	50	0
1	9.7	5552285	4199	50	4.86141
2	9.7	118896	1707	50	0
1	9.75	5552464	4202	50	4.83785
2	9.75	119677	1718	50	0
1	9.8	5552873	4208	50	4.80563
2	9.8	120052	1723	50	0
1	9.85	5553303	4213	50	4.77717
2	9.85	120517	1729	50	0
1	9.9	5553819	4219	50	4.75333
2	9.9	120517	1729	50	0
1	9.95	5553819	4219	50	4.75333
2	9.95	120517	1729	50	0
1	10	5553819	4219	50	4.75333
2	10	120517	1729	50	0
1	10.05	5553819	4219	50	4.75333
2	10.05	120517	1729	50	0
1	10.1	5553819	4219	50	4.75333
2	10.1	120517	1729	50	0
1	10.15	5553819	4219	50	4.75333
2	10.15	120517	1729	50	0
1	10.2	5553819	4219	50	4.75333
2	10.2	120517	1729	50	0
1	10.25	5553819	4219	50	4.75333
2	10.25	120517	1729	50	0
1	10.3	5553819	4219	50	4.75333
2	10.3	120517	1729	50	0
1	10.35	5553819	4219	50	4.75333
2	10.35	120517	1729	50	0
1	10.4	5553819	4219	50	4.75333
2	10.4	120517	1729	50	0
1	10.45	5553819	4219	50	4.75333
2	10.45	120517	1729	50	0
1	10.5	5553819	4219	50	4.75333
2	10.5	120517	1729	50	0
1	10.55	5553819	4219	50	4.75333
2	10.55	120517	1729	50	0
1	10.6	5553819	4219	50	4.75333
2	10.6	120517	1729	50	0
1	10.65	5553819	4219	50	4.75333
2	10.65	120517	1729	50	0
1	10.7	5553819	4219	50	4.75333
2	10.7	120517	1729	50	0
1	10.75	5553819	4219	50	4.75333
2	10.75	120517	1729	50	0
1	10.8	5553819	4219	50	4.75333
2	10.8	120517	1729	50	0
1	10.85	5553819	4219	50	4.75333
2	10.85	120517	1729	50	0
1	10.9	5553819	4219	50	4.75333
2	10.9	120517	1729	50	0
1	10.95	5553819	4219	50	4.75333
2	10.95	120517	1729	50	0
1	11	5553819	4219	50	4.75333
2	11	120517	1729	50	0
1	11.05	5553819	4219	50	4.75333
2	11.05	120517	1729	50	0
1	11.1	5553819	4219	50	4.75333
2	11.1	120517	1729	50	0
1	11.15	5553819	4219	50	4.75333
2	11.15	120517	1729	50	0
1	11.2	5553819	4219	50	4.75333
2	11.2	120517	1729	50	0
1	11.25	5553819	4219	50	4.75333
2	11.25	120517	1729	50	0
1	11.3	5553819	4219	50	4.75333
2	11.3	120517	1729	50	0
1	11.35	5553819	4219	50	4.75333
2	11.35	120517	1729	50	0
1	11.4	5553819	4219	50	4.75333
2	11.4	120517	1729	50	0
1	11.45	5553819	4219	50	4.75333
2	11.45	120517	1729	50	0
1	11.5	5553819	4219	50	4.75333
2	11.5	120517	1729	50	0
1	11.55	5553819	4219	50	4.75333
2	11.55	120517	1729	50	0
1	11.6	5553819	4219	50	4.75333
2	11.6	120517	1729	50	0
1	11.65	5553819	4219	50	4.75333
2	11.65	120517	1729	50	0
1	11.7	5553819	4219	50	4.75333
2	11.7	120517	1729	50	0
1	11.75	5553819	4219	50	4.75333
2	11.75	120517	1729	50	0
1	11.8	5553819	4219	50	4.75333
2	11.8	120517	1729	50	0
1	11.85	5553819	4219	50	4.75333
2	11.85	120517	1729	50	0
1	11.9	5553819	4219	50	4.75333
2	11.9	120517	1729	50	0
1	11.95	5553819	4219	50	4.75333
2	11.95	120517	1729	50	0
1	12	5553819	4219	50	4.75333
2	12	120517	1729	50	0
1	12.05	5553819	4219	50	4.75333
2	12.05	120517	1729	50	0
1	12.1	5553819	4219	50	4.75333
2	12.1	120517	1729	50	0
1	12.15	5553819	4219	50	4.75333
2	12.15	120517	1729	50	0
1	12.2	5553819	4219	50	4.75333
2	12.2	120517	1729	50	0
1	12.25	5553819	4219	50	4.75333
2	12.25	120517	1729	50	0
1	12.3	5553819	4219	50	4.75333
2	12.3	120517	1729	50	0
1	12.35	5553819	4219	50	4.75333
2	12.35	120517	1729	50	0
1	12.4	5553819	4219	50	4.75333
2	12.4	120517	1729	50	0
1	12.45	5553819	4219	50	4.75333
2	12.45	120517	1729	50	0
1	12.5	5553819	4219	50	4.75333
2	12.5	120517	1729	50	0
1	12.55	5553819	4219	50	4.75333
2	12.55	120517	1729	50	0
1	12.6	5553819	4219	50	4.75333
2	12.6	120517	1729	50	0
1	12.65	5553819	4219	50	4.75333
2	12.65	120517	1729	50	0
1	12.7	5553819	4219	50	4.75333
2	12.7	120517	1729	50	0
1	12.75	5553819	4219	50	4.75333
2	12.75	120517	1729	50	0
1	12.8	5553819	4219	50	4.75333
2	12.8	120517	1729	50	0
1	12.85	5553819	4219	50	4.75333
2	12.85	120517	1729	50	0
1	12.9	5553819	4219	50	4.75333
2	12.9	120517	1729	50	0
1	12.95	5553819	4219	50	4.75333
2	12.95	120517	1729	50	0
1	13	5553819	4219	50	4.75333
2	13	120517	1729	50	0
1	13.05	5553819	4219	50	4.75333
2	13.05	120517	1729	50	0
1	13.1	5553819	4219	50	4.75333
2	13.1	120517	1729	50	0
1	13.15	5553819	4219	50	4.75333
2	13.15	120517	1729	50	0
1	13.2	5553819	4219	50	4.75333
2	13.2	120517	1729	50	0
1	13.25	5553819	4219	50	4.75333
2	13.25	120517	1729	50	0
1	13.3	5553819	4219	50	4.75333
2	13.3	120517	1729	50	0
1	13.35	5553819	4219	50	4.75333
2	13.35	120517	1729	50	0
1	13.4	5553819	4219	50	4.75333
2	13.4	120517	1729	50	0
1	13.45	5553819	4219	50	4.75333
2	13.45	120517	1729	50	0
1	13.5	5553819	4219	50	4.75333
2	13.5	120517	1729	50	0
1	13.55	5553819	4219	50	4.75333
2	13.55	120517	1729	50	0
1	13.6	5553819	4219	50	4.75333
2	13.6	120517	1729	50	0
1	13.65	5553819	4219	50	4.75333
2	13.65	120517	1729	50	0
1	13.7	5553819	4219	50	4.75333
2	13.7	120517	1729	50	0
1	13.75	5553819	4219	50	4.75333
2	13.75	120517	1729	50	0
1	13.8	5553819	4219	50	4.75333
2	13.8	120517	1729	50	0
1	13.85	5553819	4219	50	4.75333
2	13.85	120517	1729	50	0
1	13.9	5553819	4219	50	4.75333
2	13.9	120517	1729	50	0
1	13.95	5553819	4219	50	4.75333
2	13.95	120517	1729	50	0
1	14	5553819	4219	50	4.75333
2	14	120517	1729	50	0
1	14.05	5553819	4219	50	4.75333
2	14.05	120517	1729	50	0
1	14.1	5553819	4219	50	4.75333
2	14.1	120517	1729	50	0
1	14.15	5553819	4219	50	4.75333
2	14.15	120517	1729	50	0
1	14.2	5553819	4219	50	4.75333
2	14.2	120517	1729	50	0
1	14.25	5553819	4219	50	4.75333
2	14.25	120517	1729	50	0
1	14.3	5553819	4219	50	4.75333
2	14.3	120517	1729	50	0
1	14.35	5553819	4219	50	4.75333
2	14.35	120517	1729	50	0
1	14.4	5553819	4219	50	4.75333
2	14.4	120517	1729	50	0
1	14.45	5553819	4219	50	4.75333
2	14.45	120517	1729	50	0
1	14.5	5553819	4219	50	4.75333
2	14.5	120517	1729	50	0
1	14.55	5553819	4219	50	4.75333
2	14.55	120517	1729	50	0
1	14.6	5553819	4219	50	4.75333
2	14.6	120517	1729	50	0
1	14.65	5553819	4219	50	4.75333
2	14.65	120517	1729	50	0
1	14.7	5553819	4219	50	4.75333
2	14.7	120517	1729	50	0
1	14.75	5553819	4219	50	4.75333
2	14.75	120517	1729	50	0
1	14.8	5553819	4219	50	4.75333
2	14.8	120517	1729	50	0
1	14.85	5553819	4219	50	4.75333
2	14.85	120517	1729	50	0
1	14.9	5553819	4219	50	4.75333
2	14.9	120517	1729	50	0
1	14.95	5553819	4219	50	4.75333
2	14.95	120517	1729	50	0
1	15	5553819	4219	50	4.75333
2	15	120517	1729	50	0
1	15.05	5553819	4219	50	4.75333
2	15.05	120517	1729	50	0
1	15.1	5553819	4219	50	4.75333
2	15.1	120517	1729	50	0
1	15.15	5553819	4219	50	4.75333
2	15.15	120517	1729	50	0
1	15.2	5553819	4219	50	4.75333
2	15.2	120517	1729	50	0
1	15.25	5553819	4219	50	4.75333
2	15.25	120517	1729	50	0
1	15.3	5553819	4219	50	4.75333
2	15.3	120517	1729	50	0
1	15.35	5553819	4219	50	4.75333
2	15.35	120517	1729	50	0
1	15.4	5553819	4219	50	4.75333
2	15.4	120517	1729	50	0
1	15.45	5553819	4219	50	4.75333
2	15.45	120517	1729	50	0
1	15.5	5553819	4219	50	4.75333
2	15.5	120517	1729	50	0
1	15.55	5553819	4219	50	4.75333
2	15.55	120517	1729	50	0
1	15.6	5553819	4219	50	4.75333
2	15.6	120517	1729	50	0
1	15.65	5553819	4219	50	4.75333
2	15.65	120517	1729	50	0
1	15.7	5553819	4219	50	4.75333
2	15.7	120517	1729	50	0
1	15.75	5553819	4219	50	4.75333
2	15.75	120517	1729	50	0
1	15.8	5553819	4219	50	4.75333
2	15.8	120517	1729	50	0
1	15.85	5553819	4219	50	4.75333
2	15.85	120517	1729	50	0
1	15.9	5553819	4219	50	4.75333
2	15.9	120517	1729	50	0
1	15.95	5553819	4219	50	4.75333
2	15.95	120517	1729	50	0
1	16	5553819	4219	50	4.75333
2	16	120517	1729	50	0
1	16.05	5553819	4219	50	4.75333
2	16.05	120517	1729	50	0
1	16.1	5553819	4219	50	4.75333
2	16.1	120517	1729	50	0
1	16.15	5553819	4219	50	4.75333
2	16.15	120517	1729	50	0
1	16.2	5553819	4219	50	4.75333
2	16.2	120517	1729	50	0
1	16.25	5553819	4219	50	4.75333
2	16.25	120517	1729	50	0
1	16.3	5553819	4219	50	4.75333
2	16.3	120517	1729	50	0
1	16.35	5553819	4219	50	4.75333
2	16.35	120517	1729	50	0
1	16.4	5553819	4219	50	4.75333
2	16.4	120517	1729	50	0
1	16.45	5553819	4219	50	4.75333
2	16.45	120517	1729	50	0
1	16.5	5553819	4219	50	4.75333
2	16.5	120517	1729	50	0
1	16.55	5553819	4219	50	4.75333
2	16.55	120517	1729	50	0
1	16.6	5553819	4219	50	4.75333
2	16.6	120517	1729	50	0
1	16.65	5553819	4219	50	4.75333
2	16.65	120517	1729	50	0
1	16.7	5553819	4219	50	4.75333
2	16.7	120517	1729	50	0
1	16.75	5553819	4219	50	4.75333
2	16.75	120517	1729	50	0
1	16.8	5553819	4219	50	4.75333
2	16.8	120517	1729	50	0
1	16.85	5553819	4219	50	4.75333
2	16.85	120517	1729	50	0
1	16.9	5553819	4219	50	4.75333
2	16.9	120517	1729	50	0
1	16.95	5553819	4219	50	4.75333
2	16.95	120517	1729	50	0
1	17	5553819	4219	50	4.75333
2	17	120517	1729	50	0
1	17.05	5553819	4219	50	4.75333
2	17.05	120517	1729	50	0
1	17.1	5553819	4219	50	4.75333
2	17.1	120517	1729	50	0
1	17.15	5553819	4219	50	4.75333
2	17.15	120517	1729	50	0
1	17.2	5553819	4219	50	4.75333
2	17.2	120517	1729	50	0
1	17.25	5553819	4219	50	4.75333
2	17.25	120517	1729	50	0
1	17.3	5553819	4219	50	4.75333
2	17.3	120517	1729	50	0
1	17.35	5553819	4219	50	4.75333
2	17.35	120517	1729	50	0
1	17.4	5553819	4219	50	4.75333
2	17.4	120517	1729	50	0
1	17.45	5553819	4219	50	4.75333
2	17.45	120517	1729	50	0
1	17.5	5553819	4219	50	4.75333
2	17.5	120517	1729	50	0
1	17.55	5553819	4219	50	4.75333
2	17.55	120517	1729	50	0
1	17.6	5553819	4219	50	4.75333
2	17.6	120517	1729	50	0
1	17.65	5553819	4219	50	4.75333
2	17.65	120517	1729	50	0
1	17.7	5553819	4219	50	4.75333
2	17.7	120517	1729	50	0
1	17.75	5553819	4219	50	4.75333
2	17.75	120517	1729	50	0
1	17.8	5553819	4219	50	4.75333
2	17.8	120517	1729	50	0
1	17.85	5553819	4219	50	4.75333
2	17.85	120517	1729	50	0
1	17.9	5553819	4219	50	4.75333
2	17.9	120517	1729	50	0
1	17.95	5553819	4219	50	4.75333
2	17.95	120517	1729	50	0
1	18	5553819	4219	50	4.75333
2	18	120517	1729	50	0
1	18.05	5553819	4219	50	4.75333
2	18.05	120517	1729	50	0
1	18.1	5553819	4219	50	4.75333
2	18.1	120517	1729	50	0
1	18.15	5553819	4219	50	4.75333
2	18.15	120517	1729	50	0
1	18.2	5553819	4219	50	4.75333
2	18.2	120517	1729	50	0
1	18.25	5553819	4219	50	4.75333
2	18.25	120517	1729	50	0
1	18.3	5553819	4219	50	4.75333
2	18.3	120517	1729	50	0
1	18.35	5553819	4219	50	4.75333
2	18.35	120517	1729	50	0
1	18.4	5553819	4219	50	4.75333
2	18.4	120517	1729	50	0
1	18.45	5553819	4219	50	4.75333
2	18.45	120517	1729	50	0
1	18.5	5553819	4219	50	4.75333
2	18.5	120517	1729	50	0
1	18.55	5553819	4219	50	4.75333
2	18.55	120517	1729	50	0
1	18.6	5553819	4219	50	4.75333
2	18.6	120517	1729	50	0
1	18.65	5553819	4219	50	4.75333
2	18.65	120517	1729	50	0
1	18.7	5553819	4219	50	4.75333
2	18.7	120517	1729	50	0
1	18.75	5553819	4219	50	4.75333
2	18.75	120517	1729	50	0
1	18.8	5553819	4219	50	4.75333
2	18.8	120517	1729	50	0
1	18.85	5553819	4219	50	4.75333
2	18.85	120517	1729	50	0
1	18.9	5553819	4219	50	4.75333
2	18.9	120517	1729	50	0
1	18.95	5553819	4219	50	4.75333
2	18.95	120517	1729	50	0
1	19	5553819	4219	50	4.75333
2	19	120517	1729	50	0
1	19.05	5553819	4219	50	4.75333
2	19.05	120517	1729	50	0
1	19.1	5553819	4219	50	4.75333
2	19.1	120517	1729	50	0
1	19.15	5553819	4219	50	4.75333
2	19.15	120517	1729	50	0
1	19.2	5553819	4219	50	4.75333
2	19.2	120517	1729	50	0
1	19.25	5553819	4219	50	4.75333
2	19.25	120517	1729	50	0
1	19.3	5553819	4219	50	4.75333
2	19.3	120517	1729	50	0
1	19.35	5553819	4219	50	4.75333
2	19.35	120517	1729	50	0
1	19.4	5553819	4219	50	4.75333
2	19.4	120517	1729	50	0
1	19.45	5553819	4219	50	4.75333
2	19.45	120517	1729	50	0
1	19.5	5553819	4219	50	4.75333
2	19.5	120517	1729	50	0
1	19.55	5553819	4219	50	4.75333
2	19.55	120517	1729	50	0
1	19.6	5553819	4219	50	4.75333
2	19.6	120517	1729	50	0
1	19.65	5553819	4219	50	4.75333
2	19.65	120517	1729	50	0
1	19.7	5553819	4219	50	4.75333
2	19.7	120517	1729	50	0
1	19.75	5553819	4219	50	4.75333
2	19.75	120517	1729	50	0
1	19.8	5553819	4219	50	4.75333
2	19.8	120517	1729	50	0
1	19.85	5553819	4219	50	4.75333
2	19.85	120517	1729	50	0
1	19.9	5553819	4219	50	4.75333
2	19.9	120517	1729	50	0
1	19.95	5553819	4219	50	4.75333
2	19.95	120517	1729	50	0
1	20	5553819	4219	50	4.75333
2	20	120517	1729	50	0
1	20.05	5553819	4219	50	4.75333
2	20.05	120517	1729	50	0
1	20.1	5553819	4219	50	4.75333
2	20.1	120517	1729	50	0
1	20.15	5553819	4219	50	4.75333
2	20.15	120517	1729	50	0
1	20.2	5553819	4219	50	4.75333
2	20.2	120517	1729	50	0
1	20.25	5553819	4219	50	4.75333
2	20.25	120517	1729	50	0
1	20.3	5553819	4219	50	4.75333
2	20.3	120517	1729	50	0
1	20.35	5553819	4219	50	4.75333
2	20.35	120517	1729	50	0
1	20.4	5553819	4219	50	4.75333
2	20.4	120517	1729	50	0
1	20.45	5553819	4219	50	4.75333
2	20.45	120517	1729	50	0
1	20.5	5553819	4219	50	4.75333
2	20.5	120517	1729	50	0
1	20.55	5553819	4219	50	4.75333
2	20.55	120517	1729	50	0
1	20.6	5553819	4219	50	4.75333
2	20.6	120517	1729	50	0
1	20.65	5553819	4219	50	4.75333
2	20.65	120517	1729	50	0
1	20.7	5553819	4219	50	4.75333
2	20.7	120517	1729	50	0
1	20.75	5553819	4219	50	4.75333
2	20.75	120517	1729	50	0
1	20.8	5553819	4219	50	4.75333
2	20.8	120517	1729	50	0
1	20.85	5553819	4219	50	4.75333
2	20.85	120517	1729	50	0
1	20.9	5553819	4219	50	4.75333
2	20.9	120517	1729	50	0
1	20.95	5553819	4219	50	4.75333
2	20.95	120517	1729	50	0
1	21	5553819	4219	50	4.75333
2	21	120517	1729	50	0
1	21.05	5553819	4219	50	4.75333
2	21.05	120517	1729	50	0
1	21.1	5553819	4219	50	4.75333
2	21.1	120517	1729	50	0
1	21.15	5553819	4219	50	4.75333
2	21.15	120517	1729	50	0
1	21.2	5553819	4219	50	4.75333
2	21.2	120517	1729	50	0
1	21.25	5553819	4219	50	4.75333
2	21.25	120517	1729	50	0
1	21.3	5553819	4219	50	4.75333
2	21.3	120517	1729	50	0
1	21.35	5553819	4219	50	4.75333
2	21.35	120517	1729	50	0
1	21.4	5553819	4219	50	4.75333
2	21.4	120517	1729	50	0
1	21.45	5553819	4219	50	4.75333
2	21.45	120517	1729	50	0
1	21.5	5553819	4219	50	4.75333
2	21.5	120517	1729	50	0
1	21.55	5553819	4219	50	4.75333
2	21.55	120517	1729	50	0
1	21.6	5553819	4219	50	4.75333
2	21.6	120517	1729	50	0
1	21.65	5553819	4219	50	4.75333
2	21.65	120517	1729	50	0
1	21.7	5553819	4219	50	4.75333
2	21.7	120517	1729	50	0
1	21.75	5553819	4219	50	4.75333
2	21.75	120517	1729	50	0
1	21.8	5553819	4219	50	4.75333
2	21.8	120517	1729	50	0
1	21.85	5553819	4219	50	4.75333
2	21.85	120517	1729	50	0
1	21.9	5553819	4219	50	4.75333
2	21.9	120517	1729	50	0
1	21.95	5553819	4219	50	4.75333
2	21.95	120517	1729	50	0
1	22	5553819	4219	50	4.75333
2	22	120517	1729	50	0
1	22.05	5553819	4219	50	4.75333
2	22.05	120517	1729	50	0
1	22.1	5553819	4219	50	4.75333
2	22.1	120517	1729	50	0
1	22.15	5553819	4219	50	4.75333
2	22.15	120517	1729	50	0
1	22.2	5553819	4219	50	4.75333
2	22.2	120517	1729	50	0
1	22.25	5553819	4219	50	4.75333
2	22.25	120517	1729	50	0
1	22.3	5553819	4219	50	4.75333
2	22.3	120517	1729	50	0
1	22.35	5553819	4219	50	4.75333
2	22.35	120517	1729	50	0
1	22.4	5553819	4219	50	4.75333
2	22.4	120517	1729	50	0
1	22.45	5553819	4219	50	4.75333
2	22.45	120517	1729	50	0
1	22.5	5553819	4219	50	4.75333
2	22.5	120517	1729	50	0
1	22.55	5553819	4219	50	4.75333
2	22.55	120517	1729	50	0
1	22.6	5553819	4219	50	4.75333
2	22.6	120517	1729	50	0
1	22.65	5553819	4219	50	4.75333
2	22.65	120517	1729	50	0
1	22.7	5553819	4219	50	4.75333
2	22.7	120517	1729	50	0
1	22.75	5553819	4219	50	4.75333
2	22.75	120517	1729	50	0
1	22.8	5553819	4219	50	4.75333
2	22.8	120517	1729	50	0
1	22.85	5553819	4219	50	4.75333
2	22.85	120517	1729	50	0
1	22.9	5553819	4219	50	4.75333
2	22.9	120517	1729	50	0
1	22.95	5553819	4219	50	4.75333
2	22.95	120517	1729	50	0
1	23	5553819	4219	50	4.75333
2	23	120517	1729	50	0
1	23.05	5553819	4219	50	4.75333
2	23.05	120517	1729	50	0
1	23.1	5553819	4219	50	4.75333
2	23.1	120517	1729	50	0
1	23.15	5553819	4219	50	4.75333
2	23.15	120517	1729	50	0
1	23.2	5553819	4219	50	4.75333
2	23.2	120517	1729	50	0
1	23.25	5553819	4219	50	4.75333
2	23.25	120517	1729	50	0
1	23.3	5553819	4219	50	4.75333
2	23.3	120517	1729	50	0
1	23.35	5553819	4219	50	4.75333
2	23.35	120517	1729	50	0
1	23.4	5553819	4219	50	4.75333
2	23.4	120517	1729	50	0
1	23.45	5553819	4219	50	4.75333
2	23.45	120517	1729	50	0
1	23.5	5553819	4219	50	4.75333
2	23.5	120517	1729	50	0
1	23.55	5553819	4219	50	4.75333
2	23.55	120517	1729	50	0
1	23.6	5553819	4219	50	4.75333
2	23.6	120517	1729	50	0
1	23.65	5553819	4219	50	4.75333
2	23.65	120517	1729	50	0
1	23.7	5553819	4219	50	4.75333
2	23.7	120517	1729	50	0
1	23.75	5553819	4219	50	4.75333
2	23.75	120517	1729	50	0
1	23.8	5553819	4219	50	4.75333
2	23.8	120517	1729	50	0
1	23.85	5553819	4219	50	4.75333
2	23.85	120517	1729	50	0
1	23.9	5553819	4219	50	4.75333
2	23.9	120517	1729	50	0
1	23.95	5553819	4219	50	4.75333
2	23.95	120517	1729	50	0
1	24	5553819	4219	50	4.75333
2	24	120517	1729	50	0
1	24.05	5553819	4219	50	4.75333
2	24.05	120517	1729	50	0
1	24.1	5553819	4219	50	4.75333
2	24.1	120517	1729	50	0
1	24.15	5553819	4219	50	4.75333
2	24.15	120517	1729	50	0
1	24.2	5553819	4219	50	4.75333
2	24.2	120517	1729	50	0
1	24.25	5553819	4219	50	4.75333
2	24.25	120517	1729	50	0
1	24.3	5553819	4219	50	4.75333
2	24.3	120517	1729	50	0
1	24.35	5553819	4219	50	4.75333
2	24.35	120517	1729	50	0
1	24.4	5553819	4219	50	4.75333
2	24.4	120517	1729	50	0
1	24.45	5553819	4219	50	4.75333
2	24.45	120517	1729	50	0
1	24.5	5553819	4219	50	4.75333
2	24.5	120517	1729	50	0
1	24.55	5553819	4219	50	4.75333
2	24.55	120517	1729	50	0
1	24.6	5553819	4219	50	4.75333
2	24.6	120517	1729	50	0
1	24.65	5553819	4219	50	4.75333
2	24.65	120517	1729	50	0
1	24.7	5553819	4219	50	4.75333
2	24.7	120517	1729	50	0
1	24.75	5553819	4219	50	4.75333
2	24.75	120517	1729	50	0
1	24.8	5553819	4219	50	4.75333
2	24.8	120517	1729	50	0
1	24.85	5553819	4219	50	4.75333
2	24.85	120517	1729	50	0
1	24.9	5553819	4219	50	4.75333
2	24.9	120517	1729	50	0
1	24.95	5553819	4219	50	4.75333
2	24.95	120517	1729	50	0
1	25	5553819	4219	50	4.75333
2	25	120517	1729	50	0
1	25.05	5553819	4219	50	4.75333
2	25.05	120517	1729	50	0
1	25.1	5553819	4219	50	4.75333
2	25.1	120517	1729	50	0
1	25.15	5553819	4219	50	4.75333
2	25.15	120517	1729	50	0
1	25.2	5553819	4219	50	4.75333
2	25.2	120517	1729	50	0
1	25.25	5553819	4219	50	4.75333
2	25.25	120517	1729	50	0
1	25.3	5553819	4219	50	4.75333
2	25.3	120517	1729	50	0
1	25.35	5553819	4219	50	4.75333
2	25.35	120517	1729	50	0
1	25.4	5553819	4219	50	4.75333
2	25.4	120517	1729	50	0
1	25.45	5553819	4219	50	4.75333
2	25.45	120517	1729	50	0
1	25.5	5553819	4219	50	4.75333
2	25.5	120517	1729	50	0
1	25.55	5553819	4219	50	4.75333
2	25.55	120517	1729	50	0
1	25.6	5553819	4219	50	4.75333
2	25.6	120517	1729	50	0
1	25.65	5553819	4219	50	4.75333
2	25.65	120517	1729	50	0
1	25.7	5553819	4219	50	4.75333
2	25.7	120517	1729	50	0
1	25.75	5553819	4219	50	4.75333
2	25.75	120517	1729	50	0
1	25.8	5553819	4219	50	4.75333
2	25.8	120517	1729	50	0
1	25.85	5553819	4219	50	4.75333
2	25.85	120517	1729	50	0
1	25.9	5553819	4219	50	4.75333
2	25.9	120517	1729	50	0
1	25.95	5553819	4219	50	4.75333
2	25.95	120517	1729	50	0
1	26	5553819	4219	50	4.75333
2	26	120517	1729	50	0
1	26.05	5553819	4219	50	4.75333
2	26.05	120517	1729	50	0
1	26.1	5553819	4219	50	4.75333
2	26.1	120517	1729	50	0
1	26.15	5553819	4219	50	4.75333
2	26.15	120517	1729	50	0
1	26.2	5553819	4219	50	4.75333
2	26.2	120517	1729	50	0
1	26.25	5553819	4219	50	4.75333
2	26.25	120517	1729	50	0
1	26.3	5553819	4219	50	4.75333
2	26.3	120517	1729	50	0
1	26.35	5553819	4219	50	4.75333
2	26.35	120517	1729	50	0
1	26.4	5553819	4219	50	4.75333
2	26.4	120517	1729	50	0
1	26.45	5553819	4219	50	4.75333
2	26.45	120517	1729	50	0
1	26.5	5553819	4219	50	4.75333
2	26.5	120517	1729	50	0
1	26.55	5553819	4219	50	4.75333
2	26.55	120517	1729	50	0
1	26.6	5553819	4219	50	4.75333
2	26.6	120517	1729	50	0
1	26.65	5553819	4219	50	4.75333
2	26.65	120517	1729	50	0
1	26.7	5553819	4219	50	4.75333
2	26.7	120517	1729	50	0
1	26.75	5553819	4219	50	4.75333
2	26.75	120517	1729	50	0
1	26.8	5553819	4219	50	4.75333
2	26.8	120517	1729	50	0
1	26.85	5553819	4219	50	4.75333
2	26.85	120517	1729	50	0
1	26.9	5553819	4219	50	4.75333
2	26.9	120517	1729	50	0
1	26.95	5553819	4219	50	4.75333
2	26.95	120517	1729	50	0
1	27	5553819	4219	50	4.75333
2	27	120517	1729	50	0
1	27.05	5553819	4219	50	4.75333
2	27.05	120517	1729	50	0
1	27.1	5553819	4219	50	4.75333
2	27.1	120517	1729	50	0
1	27.15	5553819	4219	50	4.75333
2	27.15	120517	1729	50	0
1	27.2	5553819	4219	50	4.75333
2	27.2	120517	1729	50	0
1	27.25	5553819	4219	50	4.75333
2	27.25	120517	1729	50	0
1	27.3	5553819	4219	50	4.75333
2	27.3	120517	1729	50	0
1	27.35	5553819	4219	50	4.75333
2	27.35	120517	1729	50	0
1	27.4	5553819	4219	50	4.75333
2	27.4	120517	1729	50	0
1	27.45	5553819	4219	50	4.75333
2	27.45	120517	1729	50	0
1	27.5	5553819	4219	50	4.75333
2	27.5	120517	1729	50	0
1	27.55	5553819	4219	50	4.75333
2	27.55	120517	1729	50	0
1	27.6	5553819	4219	50	4.75333
2	27.6	120517	1729	50	0
1	27.65	5553819	4219	50	4.75333
2	27.65	120517	1729	50	0
1	27.7	5553819	4219	50	4.75333
2	27.7	120517	1729	50	0
1	27.75	5553819	4219	50	4.75333
2	27.75	120517	1729	50	0
1	27.8	5553819	4219	50	4.75333
2	27.8	120517	1729	50	0
1	27.85	5553819	4219	50	4.75333
2	27.85	120517	1729	50	0
1	27.9	5553819	4219	50	4.75333
2	27.9	120517	1729	50	0
1	27.95	5553819	4219	50	4.75333
2	27.95	120517	1729	50	0
1	28	5553819	4219	50	4.75333
2	28	120517	1729	50	0
1	28.05	5553819	4219	50	4.75333
2	28.05	120517	1729	50	0
1	28.1	5553819	4219	50	4.75333
2	28.1	120517	1729	50	0
1	28.15	5553819	4219	50	4.75333
2	28.15	120517	1729	50	0
1	28.2	5553819	4219	50	4.75333
2	28.2	120517	1729	50	0
1	28.25	5553819	4219	50	4.75333
2	28.25	120517	1729	50	0
1	28.3	5553819	4219	50	4.75333
2	28.3	120517	1729	50	0
1	28.35	5553819	4219	50	4.75333
2	28.35	120517	1729	50	0
1	28.4	5553819	4219	50	4.75333
2	28.4	120517	1729	50	0
1	28.45	5553819	4219	50	4.75333
2	28.45	120517	1729	50	0
1	28.5	5553819	4219	50	4.75333
2	28.5	120517	1729	50	0
1	28.55	5553819	4219	50	4.75333
2	28.55	120517	1729	50	0
1	28.6	5553819	4219	50	4.75333
2	28.6	120517	1729	50	0
1	28.65	5553819	4219	50	4.75333
2	28.65	120517	1729	50	0
1	28.7	5553819	4219	50	4.75333
2	28.7	120517	1729	50	0
1	28.75	5553819	4219	50	4.75333
2	28.75	120517	1729	50	0
1	28.8	5553819	4219	50	4.75333
2	28.8	120517	1729	50	0
1	28.85	5553819	4219	50	4.75333
2	28.85	120517	1729	50	0
1	28.9	5553819	4219	50	4.75333
2	28.9	120517	1729	50	0
1	28.95	5553819	4219	50	4.75333
2	28.95	120517	1729	50	0
1	29	5553819	4219	50	4.75333
2	29	120517	1729	50	0
1	29.05	5553819	4219	50	4.75333
2	29.05	120517	1729	50	0
1	29.1	5553819	4219	50	4.75333
2	29.1	120517	1729	50	0
1	29.15	5553819	4219	50	4.75333
2	29.15	120517	1729	50	0
1	29.2	5553819	4219	50	4.75333
2	29.2	120517	1729	50	0
1	29.25	5553819	4219	50	4.75333
2	29.25	120517	1729	50	0
1	29.3	5553819	4219	50	4.75333
2	29.3	120517	1729	50	0
1	29.35	5553819	4219	50	4.75333
2	29.35	120517	1729	50	0
1	29.4	5553819	4219	50	4.75333
2	29.4	120517	1729	50	0
1	29.45	5553819	4219	50	4.75333
2	29.45	120517	1729	50	0
1	29.5	5553819	4219	50	4.75333
2	29.5	120517	1729	50	0
1	29.55	5553819	4219	50	4.75333
2	29.55	120517	1729	50	0
1	29.6	5553819	4219	50	4.75333
2	29.6	120517	1729	50	0
1	29.65	5553819	4219	50	4.75333
2	29.65	120517	1729	50	0
1	29.7	5553819	4219	50	4.75333
2	29.7	120517	1729	50	0
1	29.75	5553819	4219	50	4.75333
2	29.75	120517	1729	50	0
1	29.8	5553819	4219	50	4.75333
2	29.8	120517	1729	50	0
1	29.85	5553819	4219	50	4.75333
2	29.85	120517	1729	50	0
1	29.9	5553819	4219	50	4.75333
2	29.9	120517	1729	50	0
1	29.95	5553819	4219	50	4.75333
2	29.95	120517	1729	50	0
