1	1.05	0	0	0	-nan
1	1.1	1260	1	52	-nan
2	1.1	0	0	0	-nan
1	1.15	1260	1	52	-nan
2	1.15	129	2	50	0
1	1.2	9838	7	52	0
2	1.2	129	2	50	0
1	1.25	9838	7	52	0
2	1.25	408	7	50	0
1	1.3	22026	16	57	0
2	1.3	408	7	50	0
1	1.35	22082	17	53	0
2	1.35	627	11	53	0
1	1.4	35738	26	65	0
2	1.4	797	14	52	0
1	1.45	46465	35	59	0
2	1.45	912	16	52	0
1	1.5	52600	40	59	0
2	1.5	1242	22	51	0
1	1.55	87537	64	87	0
2	1.55	1411	25	51	0
1	1.6	96749	72	52	0
2	1.6	2018	36	50	0
1	1.65	130221	96	83	0
2	1.65	2315	41	50	0
1	1.7	162118	118	108	1.54783
2	1.7	2879	51	52	0
1	1.75	195650	143	91	1.43727
2	1.75	3391	60	52	0
1	1.8	227614	166	117	1.33998
2	1.8	4017	71	51	0
1	1.85	257999	187	148	1.25683
2	1.85	4524	80	51	0
1	1.9	289951	210	170	2.37067
2	1.9	5036	89	53	0
1	1.95	324939	235	197	2.22867
2	1.95	5605	99	53	0
1	2	361420	260	222	2.11343
2	2	6169	109	52	0
1	2.05	398002	286	243	3.01222
2	2.05	6738	119	52	0
1	2.1	430024	309	267	2.86316
2	2.1	7364	130	52	0
1	2.15	462049	332	286	2.73684
2	2.15	7937	140	52	0
1	2.2	498578	357	309	2.61711
2	2.2	8364	147	52	0
1	2.25	535218	384	327	3.3444
2	2.25	8918	156	52	0
1	2.3	568638	406	352	3.20823
2	2.3	9411	164	52	0
1	2.35	605225	432	374	3.08544
2	2.35	9920	172	52	0
1	2.4	644845	460	395	2.96827
2	2.4	10541	181	50	0
1	2.45	681432	486	423	3.58004
2	2.45	11167	190	50	0
1	2.5	713395	508	448	3.455
2	2.5	11793	199	52	0
1	2.55	745420	531	474	3.34203
2	2.55	12281	206	52	0
1	2.6	782002	557	503	3.2321
2	2.6	12869	214	50	0
1	2.65	817070	582	523	3.75611
2	2.65	13575	223	50	0
1	2.7	849927	619	243	3.64743
2	2.7	14248	231	50	0
1	2.75	884990	644	241	3.5371
2	2.75	15341	243	50	0
1	2.8	917082	668	239	3.43693
2	2.8	16182	251	53	0
1	2.85	952159	693	245	3.89623
2	2.85	17030	259	53	0
1	2.9	985766	718	248	3.79295
2	2.9	17984	268	51	0
1	2.95	1013185	737	250	3.69214
2	2.95	18837	276	51	0
1	3	1046801	762	252	3.59755
2	3	19570	282	53	0
1	3.05	1086841	796	96	4.00468
2	3.05	20622	290	53	0
1	3.1	1121881	820	90	3.90647
2	3.1	22389	304	52	0
1	3.15	1155488	845	94	3.81493
2	3.15	23553	313	52	0
1	3.2	1187634	870	104	4.19018
2	3.2	24717	322	53	0
1	3.25	1218140	892	111	4.09916
2	3.25	25936	332	53	0
1	3.3	1251742	917	107	4.00628
2	3.3	27150	342	51	0
1	3.35	1283879	942	110	3.91795
2	3.35	28507	353	51	0
1	3.4	1315978	966	115	4.26291
2	3.4	29588	362	54	0
1	3.45	1352681	994	112	4.17062
2	3.45	30945	373	54	0
1	3.5	1384764	1018	101	4.08874
2	3.5	32297	384	52	0
1	3.55	1416843	1042	102	4.00614
2	3.55	33516	394	52	0
1	3.6	1452027	1069	109	4.32055
2	3.6	34735	404	50	0
1	3.65	1487206	1096	109	4.23504
2	3.65	36092	415	50	0
1	3.7	1516251	1118	111	4.15661
2	3.7	37504	427	52	0
1	3.75	1546815	1141	120	4.08005
2	3.75	38525	435	52	0
1	3.8	1585033	1170	112	4.36853
2	3.8	39744	445	50	0
1	3.85	1621673	1197	103	4.29054
2	3.85	41239	457	50	0
1	3.9	1655338	1223	97	4.21547
2	3.9	42651	469	52	0
1	3.95	1690515	1250	105	4.14271
2	3.95	43865	479	52	0
1	4	1725697	1277	101	4.40996
2	4	45222	490	54	0
1	4.05	1760818	1303	104	4.33768
2	4.05	46579	501	54	0
1	4.1	1797516	1331	100	4.26591
2	4.1	47936	512	54	0
1	4.15	1834215	1359	95	4.19662
2	4.15	49293	523	54	0
1	4.2	1870855	1386	93	4.44922
2	4.2	50788	535	50	0
1	4.25	1906039	1413	96	4.37805
2	4.25	52195	547	50	0
1	4.3	1939641	1438	104	4.31254
2	4.3	53552	558	50	0
1	4.35	1974821	1465	109	4.54932
2	4.35	54771	568	50	0
1	4.4	2003866	1487	117	4.48074
2	4.4	56128	579	54	0
1	4.45	2034430	1510	122	4.41591
2	4.45	57149	587	54	0
1	4.5	2072647	1539	115	4.35174
2	4.5	58368	597	51	0
1	4.55	2109350	1567	102	4.57564
2	4.55	59918	610	51	0
1	4.6	2143006	1593	103	4.51087
2	4.6	61275	621	50	0
1	4.65	2175089	1617	110	4.44883
2	4.65	62632	632	50	0
1	4.7	2207177	1641	118	4.38769
2	4.7	63846	642	53	0
1	4.75	2240837	1667	117	4.59973
2	4.75	65065	652	53	0
1	4.8	2274435	1692	117	4.538
2	4.8	66284	662	54	0
1	4.85	2309619	1719	111	4.47634
2	4.85	67503	672	54	0
1	4.9	2343221	1744	107	4.42029
2	4.9	68993	684	52	0
1	4.95	2376881	1770	109	4.61984
2	4.95	70212	694	52	0
1	5	2408965	1794	116	4.56117
2	5	71569	705	53	0
1	5.05	2441106	1819	120	4.50491
2	5.05	72788	715	53	0
1	5.1	2476285	1846	110	4.449
2	5.1	74002	725	52	0
1	5.15	2511411	1872	111	4.63794
2	5.15	75359	736	52	0
1	5.2	2545067	1898	107	4.58277
2	5.2	76716	747	52	0
1	5.25	2580188	1924	112	4.52637
2	5.25	77935	757	52	0
1	5.3	2615372	1951	111	4.47311
2	5.3	79292	768	51	0
1	5.35	2648974	1976	113	4.65526
2	5.35	80644	779	51	0
1	5.4	2684154	2003	114	4.59993
2	5.4	81863	789	53	0
1	5.45	2719333	2030	114	4.54814
2	5.45	83220	800	53	0
1	5.5	2754454	2056	108	4.7228
2	5.5	84577	811	54	0
1	5.55	2791157	2084	106	4.67021
2	5.55	85989	823	54	0
1	5.6	2824755	2109	109	4.61893
2	5.6	87484	835	51	0
1	5.65	2855377	2133	115	4.56949
2	5.65	88698	845	51	0
1	5.7	2890503	2159	120	4.73341
2	5.7	89779	854	53	0
1	5.75	2925682	2186	121	4.6835
2	5.75	91136	865	53	0
1	5.8	2959280	2211	116	4.6358
2	5.8	92493	876	52	0
1	5.85	2994464	2238	113	4.58567
2	5.85	93845	887	52	0
1	5.9	3028066	2263	112	4.74479
2	5.9	95064	897	54	0
1	5.95	3063250	2290	112	4.6964
2	5.95	96421	908	54	0
1	6	3098426	2317	114	4.64855
2	6	97778	919	53	0
1	6.05	3132027	2342	110	4.60255
2	6.05	98992	929	53	0
1	6.1	3168730	2370	110	4.75634
2	6.1	100487	941	50	0
1	6.15	3205428	2398	112	4.70832
2	6.15	101899	953	50	0
1	6.2	3240550	2424	110	4.66334
2	6.2	103256	964	50	0
1	6.25	3275729	2451	112	4.61913
2	6.25	104613	975	50	0
1	6.3	3312432	2479	113	4.76551
2	6.3	105970	986	50	0
1	6.35	3349130	2507	112	4.72046
2	6.35	107322	997	50	0
1	6.4	3382733	2532	114	4.67528
2	6.4	108679	1008	54	0
1	6.45	3417912	2559	115	4.81779
2	6.45	109898	1018	54	0
1	6.5	3449995	2583	116	4.77447
2	6.5	111448	1031	53	0
1	6.55	3482078	2607	120	4.73036
2	6.55	112612	1040	53	0
1	6.6	3517261	2634	119	4.68821
2	6.6	113826	1050	52	0
1	6.65	3553956	2662	120	4.82326
2	6.65	115238	1062	52	0
1	6.7	3586044	2686	119	4.78142
2	6.7	116595	1073	50	0
1	6.75	3616666	2710	121	4.74035
2	6.75	117814	1083	50	0
1	6.8	3648749	2734	129	4.69768
2	6.8	119028	1093	50	0
1	6.85	3679309	2757	141	4.83023
2	6.85	120247	1103	50	0
1	6.9	3712911	2782	135	4.7886
2	6.9	121411	1112	52	0
1	6.95	3748095	2809	129	4.74768
2	6.95	122630	1122	52	0
1	7	3778659	2832	131	4.70918
2	7	123982	1133	54	0
1	7.05	3812315	2858	123	4.83574
2	7.05	125201	1143	54	0
1	7.1	3847441	2884	121	4.79568
2	7.1	126420	1153	54	0
1	7.15	3882620	2911	122	4.75661
2	7.15	127777	1164	54	0
1	7.2	3919323	2939	114	4.71776
2	7.2	129134	1175	54	0
1	7.25	3956017	2967	110	4.8411
2	7.25	130541	1187	54	0
1	7.3	3989619	2992	110	4.80286
2	7.3	132036	1199	51	0.161395
1	7.35	4021765	3017	116	4.76392
2	7.35	133255	1209	51	0.16019
1	7.4	4050810	3039	131	4.72673
2	7.4	134474	1219	54	0.158818
1	7.45	4081372	3062	143	4.84691
2	7.45	135550	1228	54	0.157582
1	7.5	4119587	3091	132	4.80787
2	7.5	136907	1239	50	0.156348
1	7.55	4153194	3116	127	4.77196
2	7.55	138264	1250	50	0.155197
1	7.6	4186854	3142	125	4.73529
2	7.6	139483	1260	53	0.154017
1	7.65	4221973	3168	124	4.8515
2	7.65	140840	1271	53	0.152779
1	7.7	4255636	3194	126	4.81379
2	7.7	142192	1282	52	0.15161
1	7.75	4286200	3217	126	4.77885
2	7.75	143411	1292	52	0.150548
1	7.8	4319860	3243	128	4.74332
2	7.8	144630	1302	54	0.149356
1	7.85	4354986	3269	132	4.85579
2	7.85	145849	1312	54	0.148282
1	7.9	4390161	3296	125	4.81962
2	7.9	147339	1324	50	0.147143
1	7.95	4422244	3320	127	4.78407
2	7.95	148696	1335	50	0.146047
1	8	4452808	3343	134	4.7511
2	8	149777	1344	50	0.145073
1	8.05	4484896	3367	142	4.85995
2	8.05	150996	1354	50	0.144069
1	8.1	4521648	3396	137	4.82474
2	8.1	152210	1364	51	0.143014
1	8.15	4558293	3423	129	4.79095
2	8.15	153567	1375	51	0.142006
1	8.2	4588857	3446	127	4.89802
2	8.2	155062	1387	52	0.140909
1	8.25	4620998	3471	131	4.86312
2	8.25	156143	1396	52	0.140045
1	8.3	4656115	3497	130	4.82975
2	8.3	157500	1407	51	0.138971
1	8.35	4691299	3524	130	4.79645
2	8.35	158714	1417	51	0.138096
1	8.4	4721863	3547	129	4.90092
2	8.4	160071	1428	52	0.137124
1	8.45	4754004	3572	134	4.86772
2	8.45	161290	1438	52	0.136185
1	8.5	4787602	3597	135	4.83498
2	8.5	162647	1449	52	0.135176
1	8.55	4822786	3624	135	4.80137
2	8.55	163861	1459	52	0.134308
1	8.6	4856388	3649	134	4.90272
2	8.6	165080	1469	53	0.133438
1	8.65	4891572	3676	130	4.87037
2	8.65	166437	1480	53	0.132527
1	8.7	4928266	3704	125	4.83872
2	8.7	167794	1491	50	0.131706
1	8.75	4963392	3730	123	4.80692
2	8.75	169289	1503	50	0.130774
1	8.8	4994014	3754	131	4.90563
2	8.8	170503	1513	53	0.129938
1	8.85	5027616	3779	132	4.87374
2	8.85	171722	1523	53	0.129082
1	8.9	5064318	3807	128	4.84308
2	8.9	172941	1533	52	0.128336
1	8.95	5100955	3834	124	4.8125
2	8.95	174436	1545	52	0.127449
1	9	5133096	3859	126	4.90818
2	9	175848	1557	51	0.12666
1	9.05	5165179	3883	132	4.87659
2	9.05	177062	1567	51	0.125874
1	9.1	5195748	3906	141	4.84655
2	9.1	178226	1576	54	0.125053
1	9.15	5227885	3931	146	4.81731
2	9.15	179307	1585	54	0.12435
1	9.2	5267626	3961	132	4.90957
2	9.2	180659	1596	50	0.123556
1	9.25	5302747	3987	120	4.88049
2	9.25	182209	1609	50	0.12277
1	9.3	5337926	4014	122	4.84972
2	9.3	183428	1619	54	0.122075
1	9.35	5373106	4041	127	4.82172
2	9.35	184785	1630	54	0.121275
1	9.4	5408227	4067	127	4.91143
2	9.4	186142	1641	54	0.120574
1	9.45	5440368	4092	127	4.88326
2	9.45	187499	1652	54	0.11983
1	9.5	5477071	4120	129	4.85405
2	9.5	188851	1663	52	0.119106
1	9.55	5512188	4146	131	4.94316
2	9.55	190208	1674	52	0.118393
1	9.6	5547372	4173	129	4.91372
2	9.6	191565	1685	52	0.117695
1	9.65	5551554	4185	52	4.89062
2	9.65	192922	1696	52	0.116994
1	9.7	5551786	4189	50	4.85935
2	9.7	193807	1703	50	0.116454
1	9.75	5552340	4196	50	4.83463
2	9.75	194646	1709	50	0.115748
1	9.8	5552856	4202	51	4.8051
2	9.8	194875	1711	51	0.115547
1	9.85	5553028	4204	51	4.79683
2	9.85	194875	1711	51	0.115547
1	9.9	5553028	4204	51	4.79683
2	9.9	194875	1711	51	0.115547
1	9.95	5553028	4204	51	4.79683
2	9.95	194875	1711	51	0.115547
1	10	5553028	4204	51	4.79683
2	10	194875	1711	51	0.115547
1	10.05	5553028	4204	51	4.79683
2	10.05	194875	1711	51	0.115547
1	10.1	5553028	4204	51	4.79683
2	10.1	194875	1711	51	0.115547
1	10.15	5553028	4204	51	4.79683
2	10.15	194875	1711	51	0.115547
1	10.2	5553028	4204	51	4.79683
2	10.2	194875	1711	51	0.115547
1	10.25	5553028	4204	51	4.79683
2	10.25	194875	1711	51	0.115547
1	10.3	5553028	4204	51	4.79683
2	10.3	194875	1711	51	0.115547
1	10.35	5553028	4204	51	4.79683
2	10.35	194875	1711	51	0.115547
1	10.4	5553028	4204	51	4.79683
2	10.4	194875	1711	51	0.115547
1	10.45	5553028	4204	51	4.79683
2	10.45	194875	1711	51	0.115547
1	10.5	5553028	4204	51	4.79683
2	10.5	194875	1711	51	0.115547
1	10.55	5553028	4204	51	4.79683
2	10.55	194875	1711	51	0.115547
1	10.6	5553028	4204	51	4.79683
2	10.6	194875	1711	51	0.115547
1	10.65	5553028	4204	51	4.79683
2	10.65	194875	1711	51	0.115547
1	10.7	5553028	4204	51	4.79683
2	10.7	194875	1711	51	0.115547
1	10.75	5553028	4204	51	4.79683
2	10.75	194875	1711	51	0.115547
1	10.8	5553028	4204	51	4.79683
2	10.8	194875	1711	51	0.115547
1	10.85	5553028	4204	51	4.79683
2	10.85	194875	1711	51	0.115547
1	10.9	5553028	4204	51	4.79683
2	10.9	194875	1711	51	0.115547
1	10.95	5553028	4204	51	4.79683
2	10.95	194875	1711	51	0.115547
1	11	5553028	4204	51	4.79683
2	11	194875	1711	51	0.115547
1	11.05	5553028	4204	51	4.79683
2	11.05	194875	1711	51	0.115547
1	11.1	5553028	4204	51	4.79683
2	11.1	194875	1711	51	0.115547
1	11.15	5553028	4204	51	4.79683
2	11.15	194875	1711	51	0.115547
1	11.2	5553028	4204	51	4.79683
2	11.2	194875	1711	51	0.115547
1	11.25	5553028	4204	51	4.79683
2	11.25	194875	1711	51	0.115547
1	11.3	5553028	4204	51	4.79683
2	11.3	194875	1711	51	0.115547
1	11.35	5553028	4204	51	4.79683
2	11.35	194875	1711	51	0.115547
1	11.4	5553028	4204	51	4.79683
2	11.4	194875	1711	51	0.115547
1	11.45	5553028	4204	51	4.79683
2	11.45	194875	1711	51	0.115547
1	11.5	5553028	4204	51	4.79683
2	11.5	194875	1711	51	0.115547
1	11.55	5553028	4204	51	4.79683
2	11.55	194875	1711	51	0.115547
1	11.6	5553028	4204	51	4.79683
2	11.6	194875	1711	51	0.115547
1	11.65	5553028	4204	51	4.79683
2	11.65	194875	1711	51	0.115547
1	11.7	5553028	4204	51	4.79683
2	11.7	194875	1711	51	0.115547
1	11.75	5553028	4204	51	4.79683
2	11.75	194875	1711	51	0.115547
1	11.8	5553028	4204	51	4.79683
2	11.8	194875	1711	51	0.115547
1	11.85	5553028	4204	51	4.79683
2	11.85	194875	1711	51	0.115547
1	11.9	5553028	4204	51	4.79683
2	11.9	194875	1711	51	0.115547
1	11.95	5553028	4204	51	4.79683
2	11.95	194875	1711	51	0.115547
1	12	5553028	4204	51	4.79683
2	12	194875	1711	51	0.115547
1	12.05	5553028	4204	51	4.79683
2	12.05	194875	1711	51	0.115547
1	12.1	5553028	4204	51	4.79683
2	12.1	194875	1711	51	0.115547
1	12.15	5553028	4204	51	4.79683
2	12.15	194875	1711	51	0.115547
1	12.2	5553028	4204	51	4.79683
2	12.2	194875	1711	51	0.115547
1	12.25	5553028	4204	51	4.79683
2	12.25	194875	1711	51	0.115547
1	12.3	5553028	4204	51	4.79683
2	12.3	194875	1711	51	0.115547
1	12.35	5553028	4204	51	4.79683
2	12.35	194875	1711	51	0.115547
1	12.4	5553028	4204	51	4.79683
2	12.4	194875	1711	51	0.115547
1	12.45	5553028	4204	51	4.79683
2	12.45	194875	1711	51	0.115547
1	12.5	5553028	4204	51	4.79683
2	12.5	194875	1711	51	0.115547
1	12.55	5553028	4204	51	4.79683
2	12.55	194875	1711	51	0.115547
1	12.6	5553028	4204	51	4.79683
2	12.6	194875	1711	51	0.115547
1	12.65	5553028	4204	51	4.79683
2	12.65	194875	1711	51	0.115547
1	12.7	5553028	4204	51	4.79683
2	12.7	194875	1711	51	0.115547
1	12.75	5553028	4204	51	4.79683
2	12.75	194875	1711	51	0.115547
1	12.8	5553028	4204	51	4.79683
2	12.8	194875	1711	51	0.115547
1	12.85	5553028	4204	51	4.79683
2	12.85	194875	1711	51	0.115547
1	12.9	5553028	4204	51	4.79683
2	12.9	194875	1711	51	0.115547
1	12.95	5553028	4204	51	4.79683
2	12.95	194875	1711	51	0.115547
1	13	5553028	4204	51	4.79683
2	13	194875	1711	51	0.115547
1	13.05	5553028	4204	51	4.79683
2	13.05	194875	1711	51	0.115547
1	13.1	5553028	4204	51	4.79683
2	13.1	194875	1711	51	0.115547
1	13.15	5553028	4204	51	4.79683
2	13.15	194875	1711	51	0.115547
1	13.2	5553028	4204	51	4.79683
2	13.2	194875	1711	51	0.115547
1	13.25	5553028	4204	51	4.79683
2	13.25	194875	1711	51	0.115547
1	13.3	5553028	4204	51	4.79683
2	13.3	194875	1711	51	0.115547
1	13.35	5553028	4204	51	4.79683
2	13.35	194875	1711	51	0.115547
1	13.4	5553028	4204	51	4.79683
2	13.4	194875	1711	51	0.115547
1	13.45	5553028	4204	51	4.79683
2	13.45	194875	1711	51	0.115547
1	13.5	5553028	4204	51	4.79683
2	13.5	194875	1711	51	0.115547
1	13.55	5553028	4204	51	4.79683
2	13.55	194875	1711	51	0.115547
1	13.6	5553028	4204	51	4.79683
2	13.6	194875	1711	51	0.115547
1	13.65	5553028	4204	51	4.79683
2	13.65	194875	1711	51	0.115547
1	13.7	5553028	4204	51	4.79683
2	13.7	194875	1711	51	0.115547
1	13.75	5553028	4204	51	4.79683
2	13.75	194875	1711	51	0.115547
1	13.8	5553028	4204	51	4.79683
2	13.8	194875	1711	51	0.115547
1	13.85	5553028	4204	51	4.79683
2	13.85	194875	1711	51	0.115547
1	13.9	5553028	4204	51	4.79683
2	13.9	194875	1711	51	0.115547
1	13.95	5553028	4204	51	4.79683
2	13.95	194875	1711	51	0.115547
1	14	5553028	4204	51	4.79683
2	14	194875	1711	51	0.115547
1	14.05	5553028	4204	51	4.79683
2	14.05	194875	1711	51	0.115547
1	14.1	5553028	4204	51	4.79683
2	14.1	194875	1711	51	0.115547
1	14.15	5553028	4204	51	4.79683
2	14.15	194875	1711	51	0.115547
1	14.2	5553028	4204	51	4.79683
2	14.2	194875	1711	51	0.115547
1	14.25	5553028	4204	51	4.79683
2	14.25	194875	1711	51	0.115547
1	14.3	5553028	4204	51	4.79683
2	14.3	194875	1711	51	0.115547
1	14.35	5553028	4204	51	4.79683
2	14.35	194875	1711	51	0.115547
1	14.4	5553028	4204	51	4.79683
2	14.4	194875	1711	51	0.115547
1	14.45	5553028	4204	51	4.79683
2	14.45	194875	1711	51	0.115547
1	14.5	5553028	4204	51	4.79683
2	14.5	194875	1711	51	0.115547
1	14.55	5553028	4204	51	4.79683
2	14.55	194875	1711	51	0.115547
1	14.6	5553028	4204	51	4.79683
2	14.6	194875	1711	51	0.115547
1	14.65	5553028	4204	51	4.79683
2	14.65	194875	1711	51	0.115547
1	14.7	5553028	4204	51	4.79683
2	14.7	194875	1711	51	0.115547
1	14.75	5553028	4204	51	4.79683
2	14.75	194875	1711	51	0.115547
1	14.8	5553028	4204	51	4.79683
2	14.8	194875	1711	51	0.115547
1	14.85	5553028	4204	51	4.79683
2	14.85	194875	1711	51	0.115547
1	14.9	5553028	4204	51	4.79683
2	14.9	194875	1711	51	0.115547
1	14.95	5553028	4204	51	4.79683
2	14.95	194875	1711	51	0.115547
1	15	5553028	4204	51	4.79683
2	15	194875	1711	51	0.115547
1	15.05	5553028	4204	51	4.79683
2	15.05	194875	1711	51	0.115547
1	15.1	5553028	4204	51	4.79683
2	15.1	194875	1711	51	0.115547
1	15.15	5553028	4204	51	4.79683
2	15.15	194875	1711	51	0.115547
1	15.2	5553028	4204	51	4.79683
2	15.2	194875	1711	51	0.115547
1	15.25	5553028	4204	51	4.79683
2	15.25	194875	1711	51	0.115547
1	15.3	5553028	4204	51	4.79683
2	15.3	194875	1711	51	0.115547
1	15.35	5553028	4204	51	4.79683
2	15.35	194875	1711	51	0.115547
1	15.4	5553028	4204	51	4.79683
2	15.4	194875	1711	51	0.115547
1	15.45	5553028	4204	51	4.79683
2	15.45	194875	1711	51	0.115547
1	15.5	5553028	4204	51	4.79683
2	15.5	194875	1711	51	0.115547
1	15.55	5553028	4204	51	4.79683
2	15.55	194875	1711	51	0.115547
1	15.6	5553028	4204	51	4.79683
2	15.6	194875	1711	51	0.115547
1	15.65	5553028	4204	51	4.79683
2	15.65	194875	1711	51	0.115547
1	15.7	5553028	4204	51	4.79683
2	15.7	194875	1711	51	0.115547
1	15.75	5553028	4204	51	4.79683
2	15.75	194875	1711	51	0.115547
1	15.8	5553028	4204	51	4.79683
2	15.8	194875	1711	51	0.115547
1	15.85	5553028	4204	51	4.79683
2	15.85	194875	1711	51	0.115547
1	15.9	5553028	4204	51	4.79683
2	15.9	194875	1711	51	0.115547
1	15.95	5553028	4204	51	4.79683
2	15.95	194875	1711	51	0.115547
1	16	5553028	4204	51	4.79683
2	16	194875	1711	51	0.115547
1	16.05	5553028	4204	51	4.79683
2	16.05	194875	1711	51	0.115547
1	16.1	5553028	4204	51	4.79683
2	16.1	194875	1711	51	0.115547
1	16.15	5553028	4204	51	4.79683
2	16.15	194875	1711	51	0.115547
1	16.2	5553028	4204	51	4.79683
2	16.2	194875	1711	51	0.115547
1	16.25	5553028	4204	51	4.79683
2	16.25	194875	1711	51	0.115547
1	16.3	5553028	4204	51	4.79683
2	16.3	194875	1711	51	0.115547
1	16.35	5553028	4204	51	4.79683
2	16.35	194875	1711	51	0.115547
1	16.4	5553028	4204	51	4.79683
2	16.4	194875	1711	51	0.115547
1	16.45	5553028	4204	51	4.79683
2	16.45	194875	1711	51	0.115547
1	16.5	5553028	4204	51	4.79683
2	16.5	194875	1711	51	0.115547
1	16.55	5553028	4204	51	4.79683
2	16.55	194875	1711	51	0.115547
1	16.6	5553028	4204	51	4.79683
2	16.6	194875	1711	51	0.115547
1	16.65	5553028	4204	51	4.79683
2	16.65	194875	1711	51	0.115547
1	16.7	5553028	4204	51	4.79683
2	16.7	194875	1711	51	0.115547
1	16.75	5553028	4204	51	4.79683
2	16.75	194875	1711	51	0.115547
1	16.8	5553028	4204	51	4.79683
2	16.8	194875	1711	51	0.115547
1	16.85	5553028	4204	51	4.79683
2	16.85	194875	1711	51	0.115547
1	16.9	5553028	4204	51	4.79683
2	16.9	194875	1711	51	0.115547
1	16.95	5553028	4204	51	4.79683
2	16.95	194875	1711	51	0.115547
1	17	5553028	4204	51	4.79683
2	17	194875	1711	51	0.115547
1	17.05	5553028	4204	51	4.79683
2	17.05	194875	1711	51	0.115547
1	17.1	5553028	4204	51	4.79683
2	17.1	194875	1711	51	0.115547
1	17.15	5553028	4204	51	4.79683
2	17.15	194875	1711	51	0.115547
1	17.2	5553028	4204	51	4.79683
2	17.2	194875	1711	51	0.115547
1	17.25	5553028	4204	51	4.79683
2	17.25	194875	1711	51	0.115547
1	17.3	5553028	4204	51	4.79683
2	17.3	194875	1711	51	0.115547
1	17.35	5553028	4204	51	4.79683
2	17.35	194875	1711	51	0.115547
1	17.4	5553028	4204	51	4.79683
2	17.4	194875	1711	51	0.115547
1	17.45	5553028	4204	51	4.79683
2	17.45	194875	1711	51	0.115547
1	17.5	5553028	4204	51	4.79683
2	17.5	194875	1711	51	0.115547
1	17.55	5553028	4204	51	4.79683
2	17.55	194875	1711	51	0.115547
1	17.6	5553028	4204	51	4.79683
2	17.6	194875	1711	51	0.115547
1	17.65	5553028	4204	51	4.79683
2	17.65	194875	1711	51	0.115547
1	17.7	5553028	4204	51	4.79683
2	17.7	194875	1711	51	0.115547
1	17.75	5553028	4204	51	4.79683
2	17.75	194875	1711	51	0.115547
1	17.8	5553028	4204	51	4.79683
2	17.8	194875	1711	51	0.115547
1	17.85	5553028	4204	51	4.79683
2	17.85	194875	1711	51	0.115547
1	17.9	5553028	4204	51	4.79683
2	17.9	194875	1711	51	0.115547
1	17.95	5553028	4204	51	4.79683
2	17.95	194875	1711	51	0.115547
1	18	5553028	4204	51	4.79683
2	18	194875	1711	51	0.115547
1	18.05	5553028	4204	51	4.79683
2	18.05	194875	1711	51	0.115547
1	18.1	5553028	4204	51	4.79683
2	18.1	194875	1711	51	0.115547
1	18.15	5553028	4204	51	4.79683
2	18.15	194875	1711	51	0.115547
1	18.2	5553028	4204	51	4.79683
2	18.2	194875	1711	51	0.115547
1	18.25	5553028	4204	51	4.79683
2	18.25	194875	1711	51	0.115547
1	18.3	5553028	4204	51	4.79683
2	18.3	194875	1711	51	0.115547
1	18.35	5553028	4204	51	4.79683
2	18.35	194875	1711	51	0.115547
1	18.4	5553028	4204	51	4.79683
2	18.4	194875	1711	51	0.115547
1	18.45	5553028	4204	51	4.79683
2	18.45	194875	1711	51	0.115547
1	18.5	5553028	4204	51	4.79683
2	18.5	194875	1711	51	0.115547
1	18.55	5553028	4204	51	4.79683
2	18.55	194875	1711	51	0.115547
1	18.6	5553028	4204	51	4.79683
2	18.6	194875	1711	51	0.115547
1	18.65	5553028	4204	51	4.79683
2	18.65	194875	1711	51	0.115547
1	18.7	5553028	4204	51	4.79683
2	18.7	194875	1711	51	0.115547
1	18.75	5553028	4204	51	4.79683
2	18.75	194875	1711	51	0.115547
1	18.8	5553028	4204	51	4.79683
2	18.8	194875	1711	51	0.115547
1	18.85	5553028	4204	51	4.79683
2	18.85	194875	1711	51	0.115547
1	18.9	5553028	4204	51	4.79683
2	18.9	194875	1711	51	0.115547
1	18.95	5553028	4204	51	4.79683
2	18.95	194875	1711	51	0.115547
1	19	5553028	4204	51	4.79683
2	19	194875	1711	51	0.115547
1	19.05	5553028	4204	51	4.79683
2	19.05	194875	1711	51	0.115547
1	19.1	5553028	4204	51	4.79683
2	19.1	194875	1711	51	0.115547
1	19.15	5553028	4204	51	4.79683
2	19.15	194875	1711	51	0.115547
1	19.2	5553028	4204	51	4.79683
2	19.2	194875	1711	51	0.115547
1	19.25	5553028	4204	51	4.79683
2	19.25	194875	1711	51	0.115547
1	19.3	5553028	4204	51	4.79683
2	19.3	194875	1711	51	0.115547
1	19.35	5553028	4204	51	4.79683
2	19.35	194875	1711	51	0.115547
1	19.4	5553028	4204	51	4.79683
2	19.4	194875	1711	51	0.115547
1	19.45	5553028	4204	51	4.79683
2	19.45	194875	1711	51	0.115547
1	19.5	5553028	4204	51	4.79683
2	19.5	194875	1711	51	0.115547
1	19.55	5553028	4204	51	4.79683
2	19.55	194875	1711	51	0.115547
1	19.6	5553028	4204	51	4.79683
2	19.6	194875	1711	51	0.115547
1	19.65	5553028	4204	51	4.79683
2	19.65	194875	1711	51	0.115547
1	19.7	5553028	4204	51	4.79683
2	19.7	194875	1711	51	0.115547
1	19.75	5553028	4204	51	4.79683
2	19.75	194875	1711	51	0.115547
1	19.8	5553028	4204	51	4.79683
2	19.8	194875	1711	51	0.115547
1	19.85	5553028	4204	51	4.79683
2	19.85	194875	1711	51	0.115547
1	19.9	5553028	4204	51	4.79683
2	19.9	194875	1711	51	0.115547
1	19.95	5553028	4204	51	4.79683
2	19.95	194875	1711	51	0.115547
1	20	5553028	4204	51	4.79683
2	20	194875	1711	51	0.115547
1	20.05	5553028	4204	51	4.79683
2	20.05	194875	1711	51	0.115547
1	20.1	5553028	4204	51	4.79683
2	20.1	194875	1711	51	0.115547
1	20.15	5553028	4204	51	4.79683
2	20.15	194875	1711	51	0.115547
1	20.2	5553028	4204	51	4.79683
2	20.2	194875	1711	51	0.115547
1	20.25	5553028	4204	51	4.79683
2	20.25	194875	1711	51	0.115547
1	20.3	5553028	4204	51	4.79683
2	20.3	194875	1711	51	0.115547
1	20.35	5553028	4204	51	4.79683
2	20.35	194875	1711	51	0.115547
1	20.4	5553028	4204	51	4.79683
2	20.4	194875	1711	51	0.115547
1	20.45	5553028	4204	51	4.79683
2	20.45	194875	1711	51	0.115547
1	20.5	5553028	4204	51	4.79683
2	20.5	194875	1711	51	0.115547
1	20.55	5553028	4204	51	4.79683
2	20.55	194875	1711	51	0.115547
1	20.6	5553028	4204	51	4.79683
2	20.6	194875	1711	51	0.115547
1	20.65	5553028	4204	51	4.79683
2	20.65	194875	1711	51	0.115547
1	20.7	5553028	4204	51	4.79683
2	20.7	194875	1711	51	0.115547
1	20.75	5553028	4204	51	4.79683
2	20.75	194875	1711	51	0.115547
1	20.8	5553028	4204	51	4.79683
2	20.8	194875	1711	51	0.115547
1	20.85	5553028	4204	51	4.79683
2	20.85	194875	1711	51	0.115547
1	20.9	5553028	4204	51	4.79683
2	20.9	194875	1711	51	0.115547
1	20.95	5553028	4204	51	4.79683
2	20.95	194875	1711	51	0.115547
1	21	5553028	4204	51	4.79683
2	21	194875	1711	51	0.115547
1	21.05	5553028	4204	51	4.79683
2	21.05	194875	1711	51	0.115547
1	21.1	5553028	4204	51	4.79683
2	21.1	194875	1711	51	0.115547
1	21.15	5553028	4204	51	4.79683
2	21.15	194875	1711	51	0.115547
1	21.2	5553028	4204	51	4.79683
2	21.2	194875	1711	51	0.115547
1	21.25	5553028	4204	51	4.79683
2	21.25	194875	1711	51	0.115547
1	21.3	5553028	4204	51	4.79683
2	21.3	194875	1711	51	0.115547
1	21.35	5553028	4204	51	4.79683
2	21.35	194875	1711	51	0.115547
1	21.4	5553028	4204	51	4.79683
2	21.4	194875	1711	51	0.115547
1	21.45	5553028	4204	51	4.79683
2	21.45	194875	1711	51	0.115547
1	21.5	5553028	4204	51	4.79683
2	21.5	194875	1711	51	0.115547
1	21.55	5553028	4204	51	4.79683
2	21.55	194875	1711	51	0.115547
1	21.6	5553028	4204	51	4.79683
2	21.6	194875	1711	51	0.115547
1	21.65	5553028	4204	51	4.79683
2	21.65	194875	1711	51	0.115547
1	21.7	5553028	4204	51	4.79683
2	21.7	194875	1711	51	0.115547
1	21.75	5553028	4204	51	4.79683
2	21.75	194875	1711	51	0.115547
1	21.8	5553028	4204	51	4.79683
2	21.8	194875	1711	51	0.115547
1	21.85	5553028	4204	51	4.79683
2	21.85	194875	1711	51	0.115547
1	21.9	5553028	4204	51	4.79683
2	21.9	194875	1711	51	0.115547
1	21.95	5553028	4204	51	4.79683
2	21.95	194875	1711	51	0.115547
1	22	5553028	4204	51	4.79683
2	22	194875	1711	51	0.115547
1	22.05	5553028	4204	51	4.79683
2	22.05	194875	1711	51	0.115547
1	22.1	5553028	4204	51	4.79683
2	22.1	194875	1711	51	0.115547
1	22.15	5553028	4204	51	4.79683
2	22.15	194875	1711	51	0.115547
1	22.2	5553028	4204	51	4.79683
2	22.2	194875	1711	51	0.115547
1	22.25	5553028	4204	51	4.79683
2	22.25	194875	1711	51	0.115547
1	22.3	5553028	4204	51	4.79683
2	22.3	194875	1711	51	0.115547
1	22.35	5553028	4204	51	4.79683
2	22.35	194875	1711	51	0.115547
1	22.4	5553028	4204	51	4.79683
2	22.4	194875	1711	51	0.115547
1	22.45	5553028	4204	51	4.79683
2	22.45	194875	1711	51	0.115547
1	22.5	5553028	4204	51	4.79683
2	22.5	194875	1711	51	0.115547
1	22.55	5553028	4204	51	4.79683
2	22.55	194875	1711	51	0.115547
1	22.6	5553028	4204	51	4.79683
2	22.6	194875	1711	51	0.115547
1	22.65	5553028	4204	51	4.79683
2	22.65	194875	1711	51	0.115547
1	22.7	5553028	4204	51	4.79683
2	22.7	194875	1711	51	0.115547
1	22.75	5553028	4204	51	4.79683
2	22.75	194875	1711	51	0.115547
1	22.8	5553028	4204	51	4.79683
2	22.8	194875	1711	51	0.115547
1	22.85	5553028	4204	51	4.79683
2	22.85	194875	1711	51	0.115547
1	22.9	5553028	4204	51	4.79683
2	22.9	194875	1711	51	0.115547
1	22.95	5553028	4204	51	4.79683
2	22.95	194875	1711	51	0.115547
1	23	5553028	4204	51	4.79683
2	23	194875	1711	51	0.115547
1	23.05	5553028	4204	51	4.79683
2	23.05	194875	1711	51	0.115547
1	23.1	5553028	4204	51	4.79683
2	23.1	194875	1711	51	0.115547
1	23.15	5553028	4204	51	4.79683
2	23.15	194875	1711	51	0.115547
1	23.2	5553028	4204	51	4.79683
2	23.2	194875	1711	51	0.115547
1	23.25	5553028	4204	51	4.79683
2	23.25	194875	1711	51	0.115547
1	23.3	5553028	4204	51	4.79683
2	23.3	194875	1711	51	0.115547
1	23.35	5553028	4204	51	4.79683
2	23.35	194875	1711	51	0.115547
1	23.4	5553028	4204	51	4.79683
2	23.4	194875	1711	51	0.115547
1	23.45	5553028	4204	51	4.79683
2	23.45	194875	1711	51	0.115547
1	23.5	5553028	4204	51	4.79683
2	23.5	194875	1711	51	0.115547
1	23.55	5553028	4204	51	4.79683
2	23.55	194875	1711	51	0.115547
1	23.6	5553028	4204	51	4.79683
2	23.6	194875	1711	51	0.115547
1	23.65	5553028	4204	51	4.79683
2	23.65	194875	1711	51	0.115547
1	23.7	5553028	4204	51	4.79683
2	23.7	194875	1711	51	0.115547
1	23.75	5553028	4204	51	4.79683
2	23.75	194875	1711	51	0.115547
1	23.8	5553028	4204	51	4.79683
2	23.8	194875	1711	51	0.115547
1	23.85	5553028	4204	51	4.79683
2	23.85	194875	1711	51	0.115547
1	23.9	5553028	4204	51	4.79683
2	23.9	194875	1711	51	0.115547
1	23.95	5553028	4204	51	4.79683
2	23.95	194875	1711	51	0.115547
1	24	5553028	4204	51	4.79683
2	24	194875	1711	51	0.115547
1	24.05	5553028	4204	51	4.79683
2	24.05	194875	1711	51	0.115547
1	24.1	5553028	4204	51	4.79683
2	24.1	194875	1711	51	0.115547
1	24.15	5553028	4204	51	4.79683
2	24.15	194875	1711	51	0.115547
1	24.2	5553028	4204	51	4.79683
2	24.2	194875	1711	51	0.115547
1	24.25	5553028	4204	51	4.79683
2	24.25	194875	1711	51	0.115547
1	24.3	5553028	4204	51	4.79683
2	24.3	194875	1711	51	0.115547
1	24.35	5553028	4204	51	4.79683
2	24.35	194875	1711	51	0.115547
1	24.4	5553028	4204	51	4.79683
2	24.4	194875	1711	51	0.115547
1	24.45	5553028	4204	51	4.79683
2	24.45	194875	1711	51	0.115547
1	24.5	5553028	4204	51	4.79683
2	24.5	194875	1711	51	0.115547
1	24.55	5553028	4204	51	4.79683
2	24.55	194875	1711	51	0.115547
1	24.6	5553028	4204	51	4.79683
2	24.6	194875	1711	51	0.115547
1	24.65	5553028	4204	51	4.79683
2	24.65	194875	1711	51	0.115547
1	24.7	5553028	4204	51	4.79683
2	24.7	194875	1711	51	0.115547
1	24.75	5553028	4204	51	4.79683
2	24.75	194875	1711	51	0.115547
1	24.8	5553028	4204	51	4.79683
2	24.8	194875	1711	51	0.115547
1	24.85	5553028	4204	51	4.79683
2	24.85	194875	1711	51	0.115547
1	24.9	5553028	4204	51	4.79683
2	24.9	194875	1711	51	0.115547
1	24.95	5553028	4204	51	4.79683
2	24.95	194875	1711	51	0.115547
1	25	5553028	4204	51	4.79683
2	25	194875	1711	51	0.115547
1	25.05	5553028	4204	51	4.79683
2	25.05	194875	1711	51	0.115547
1	25.1	5553028	4204	51	4.79683
2	25.1	194875	1711	51	0.115547
1	25.15	5553028	4204	51	4.79683
2	25.15	194875	1711	51	0.115547
1	25.2	5553028	4204	51	4.79683
2	25.2	194875	1711	51	0.115547
1	25.25	5553028	4204	51	4.79683
2	25.25	194875	1711	51	0.115547
1	25.3	5553028	4204	51	4.79683
2	25.3	194875	1711	51	0.115547
1	25.35	5553028	4204	51	4.79683
2	25.35	194875	1711	51	0.115547
1	25.4	5553028	4204	51	4.79683
2	25.4	194875	1711	51	0.115547
1	25.45	5553028	4204	51	4.79683
2	25.45	194875	1711	51	0.115547
1	25.5	5553028	4204	51	4.79683
2	25.5	194875	1711	51	0.115547
1	25.55	5553028	4204	51	4.79683
2	25.55	194875	1711	51	0.115547
1	25.6	5553028	4204	51	4.79683
2	25.6	194875	1711	51	0.115547
1	25.65	5553028	4204	51	4.79683
2	25.65	194875	1711	51	0.115547
1	25.7	5553028	4204	51	4.79683
2	25.7	194875	1711	51	0.115547
1	25.75	5553028	4204	51	4.79683
2	25.75	194875	1711	51	0.115547
1	25.8	5553028	4204	51	4.79683
2	25.8	194875	1711	51	0.115547
1	25.85	5553028	4204	51	4.79683
2	25.85	194875	1711	51	0.115547
1	25.9	5553028	4204	51	4.79683
2	25.9	194875	1711	51	0.115547
1	25.95	5553028	4204	51	4.79683
2	25.95	194875	1711	51	0.115547
1	26	5553028	4204	51	4.79683
2	26	194875	1711	51	0.115547
1	26.05	5553028	4204	51	4.79683
2	26.05	194875	1711	51	0.115547
1	26.1	5553028	4204	51	4.79683
2	26.1	194875	1711	51	0.115547
1	26.15	5553028	4204	51	4.79683
2	26.15	194875	1711	51	0.115547
1	26.2	5553028	4204	51	4.79683
2	26.2	194875	1711	51	0.115547
1	26.25	5553028	4204	51	4.79683
2	26.25	194875	1711	51	0.115547
1	26.3	5553028	4204	51	4.79683
2	26.3	194875	1711	51	0.115547
1	26.35	5553028	4204	51	4.79683
2	26.35	194875	1711	51	0.115547
1	26.4	5553028	4204	51	4.79683
2	26.4	194875	1711	51	0.115547
1	26.45	5553028	4204	51	4.79683
2	26.45	194875	1711	51	0.115547
1	26.5	5553028	4204	51	4.79683
2	26.5	194875	1711	51	0.115547
1	26.55	5553028	4204	51	4.79683
2	26.55	194875	1711	51	0.115547
1	26.6	5553028	4204	51	4.79683
2	26.6	194875	1711	51	0.115547
1	26.65	5553028	4204	51	4.79683
2	26.65	194875	1711	51	0.115547
1	26.7	5553028	4204	51	4.79683
2	26.7	194875	1711	51	0.115547
1	26.75	5553028	4204	51	4.79683
2	26.75	194875	1711	51	0.115547
1	26.8	5553028	4204	51	4.79683
2	26.8	194875	1711	51	0.115547
1	26.85	5553028	4204	51	4.79683
2	26.85	194875	1711	51	0.115547
1	26.9	5553028	4204	51	4.79683
2	26.9	194875	1711	51	0.115547
1	26.95	5553028	4204	51	4.79683
2	26.95	194875	1711	51	0.115547
1	27	5553028	4204	51	4.79683
2	27	194875	1711	51	0.115547
1	27.05	5553028	4204	51	4.79683
2	27.05	194875	1711	51	0.115547
1	27.1	5553028	4204	51	4.79683
2	27.1	194875	1711	51	0.115547
1	27.15	5553028	4204	51	4.79683
2	27.15	194875	1711	51	0.115547
1	27.2	5553028	4204	51	4.79683
2	27.2	194875	1711	51	0.115547
1	27.25	5553028	4204	51	4.79683
2	27.25	194875	1711	51	0.115547
1	27.3	5553028	4204	51	4.79683
2	27.3	194875	1711	51	0.115547
1	27.35	5553028	4204	51	4.79683
2	27.35	194875	1711	51	0.115547
1	27.4	5553028	4204	51	4.79683
2	27.4	194875	1711	51	0.115547
1	27.45	5553028	4204	51	4.79683
2	27.45	194875	1711	51	0.115547
1	27.5	5553028	4204	51	4.79683
2	27.5	194875	1711	51	0.115547
1	27.55	5553028	4204	51	4.79683
2	27.55	194875	1711	51	0.115547
1	27.6	5553028	4204	51	4.79683
2	27.6	194875	1711	51	0.115547
1	27.65	5553028	4204	51	4.79683
2	27.65	194875	1711	51	0.115547
1	27.7	5553028	4204	51	4.79683
2	27.7	194875	1711	51	0.115547
1	27.75	5553028	4204	51	4.79683
2	27.75	194875	1711	51	0.115547
1	27.8	5553028	4204	51	4.79683
2	27.8	194875	1711	51	0.115547
1	27.85	5553028	4204	51	4.79683
2	27.85	194875	1711	51	0.115547
1	27.9	5553028	4204	51	4.79683
2	27.9	194875	1711	51	0.115547
1	27.95	5553028	4204	51	4.79683
2	27.95	194875	1711	51	0.115547
1	28	5553028	4204	51	4.79683
2	28	194875	1711	51	0.115547
1	28.05	5553028	4204	51	4.79683
2	28.05	194875	1711	51	0.115547
1	28.1	5553028	4204	51	4.79683
2	28.1	194875	1711	51	0.115547
1	28.15	5553028	4204	51	4.79683
2	28.15	194875	1711	51	0.115547
1	28.2	5553028	4204	51	4.79683
2	28.2	194875	1711	51	0.115547
1	28.25	5553028	4204	51	4.79683
2	28.25	194875	1711	51	0.115547
1	28.3	5553028	4204	51	4.79683
2	28.3	194875	1711	51	0.115547
1	28.35	5553028	4204	51	4.79683
2	28.35	194875	1711	51	0.115547
1	28.4	5553028	4204	51	4.79683
2	28.4	194875	1711	51	0.115547
1	28.45	5553028	4204	51	4.79683
2	28.45	194875	1711	51	0.115547
1	28.5	5553028	4204	51	4.79683
2	28.5	194875	1711	51	0.115547
1	28.55	5553028	4204	51	4.79683
2	28.55	194875	1711	51	0.115547
1	28.6	5553028	4204	51	4.79683
2	28.6	194875	1711	51	0.115547
1	28.65	5553028	4204	51	4.79683
2	28.65	194875	1711	51	0.115547
1	28.7	5553028	4204	51	4.79683
2	28.7	194875	1711	51	0.115547
1	28.75	5553028	4204	51	4.79683
2	28.75	194875	1711	51	0.115547
1	28.8	5553028	4204	51	4.79683
2	28.8	194875	1711	51	0.115547
1	28.85	5553028	4204	51	4.79683
2	28.85	194875	1711	51	0.115547
1	28.9	5553028	4204	51	4.79683
2	28.9	194875	1711	51	0.115547
1	28.95	5553028	4204	51	4.79683
2	28.95	194875	1711	51	0.115547
1	29	5553028	4204	51	4.79683
2	29	194875	1711	51	0.115547
1	29.05	5553028	4204	51	4.79683
2	29.05	194875	1711	51	0.115547
1	29.1	5553028	4204	51	4.79683
2	29.1	194875	1711	51	0.115547
1	29.15	5553028	4204	51	4.79683
2	29.15	194875	1711	51	0.115547
1	29.2	5553028	4204	51	4.79683
2	29.2	194875	1711	51	0.115547
1	29.25	5553028	4204	51	4.79683
2	29.25	194875	1711	51	0.115547
1	29.3	5553028	4204	51	4.79683
2	29.3	194875	1711	51	0.115547
1	29.35	5553028	4204	51	4.79683
2	29.35	194875	1711	51	0.115547
1	29.4	5553028	4204	51	4.79683
2	29.4	194875	1711	51	0.115547
1	29.45	5553028	4204	51	4.79683
2	29.45	194875	1711	51	0.115547
1	29.5	5553028	4204	51	4.79683
2	29.5	194875	1711	51	0.115547
1	29.55	5553028	4204	51	4.79683
2	29.55	194875	1711	51	0.115547
1	29.6	5553028	4204	51	4.79683
2	29.6	194875	1711	51	0.115547
1	29.65	5553028	4204	51	4.79683
2	29.65	194875	1711	51	0.115547
1	29.7	5553028	4204	51	4.79683
2	29.7	194875	1711	51	0.115547
1	29.75	5553028	4204	51	4.79683
2	29.75	194875	1711	51	0.115547
1	29.8	5553028	4204	51	4.79683
2	29.8	194875	1711	51	0.115547
1	29.85	5553028	4204	51	4.79683
2	29.85	194875	1711	51	0.115547
1	29.9	5553028	4204	51	4.79683
2	29.9	194875	1711	51	0.115547
1	29.95	5553028	4204	51	4.79683
2	29.95	194875	1711	51	0.115547
