1	1.05	0	0	0	-nan
1	1.1	1260	1	52	-nan
2	1.1	0	0	0	-nan
1	1.15	1260	1	52	-nan
2	1.15	129	2	50	0
1	1.2	9838	7	52	0
2	1.2	129	2	50	0
1	1.25	9838	7	52	0
2	1.25	408	7	50	0
1	1.3	22026	16	55	0
2	1.3	408	7	50	0
1	1.35	22082	17	50	0
2	1.35	627	11	50	0
1	1.4	38775	28	69	0
2	1.4	797	14	50	0
1	1.45	46465	35	61	0
2	1.45	1021	18	50	0
1	1.5	58668	44	61	0
2	1.5	1242	22	50	0
1	1.55	90624	67	87	0
2	1.55	1517	27	50	0
1	1.6	104329	77	56	0
2	1.6	2017	36	50	0
1	1.65	137801	101	85	1.67489
2	1.65	2422	43	50	0
1	1.7	171269	125	109	1.54625
2	1.7	2986	53	50	0
1	1.75	204758	149	99	1.43568
2	1.75	3555	63	50	0
1	1.8	235198	171	130	1.34095
2	1.8	4124	73	50	0
1	1.85	267099	193	157	2.50736
2	1.85	4577	81	50	0
1	1.9	294443	212	186	2.36106
2	1.9	5089	90	50	0
1	1.95	326399	235	210	2.23154
2	1.95	5601	99	50	0
1	2	359888	259	236	2.11188
2	2	6108	108	50	0
1	2.05	393432	283	264	3.00814
2	2.05	6677	118	50	0
1	2.1	422361	303	282	2.88088
2	2.1	7246	128	50	0
1	2.15	451287	323	315	2.73646
2	2.15	7753	137	50	0
1	2.2	483312	346	338	2.61591
2	2.2	8185	144	50	0
1	2.25	515337	369	361	2.50621
2	2.25	8617	151	50	0
1	2.3	548823	392	385	3.207
2	2.3	9105	159	50	0
1	2.35	579320	414	400	3.0831
2	2.35	9598	167	50	0
1	2.4	611345	437	423	2.96976
2	2.4	10078	174	50	0
1	2.45	643312	459	447	2.86445
2	2.45	10663	182	50	0
1	2.5	676856	483	471	3.45737
2	2.5	11174	189	50	0
1	2.55	710401	507	496	3.34257
2	2.55	11763	197	50	0
1	2.6	745406	531	521	3.23311
2	2.6	12352	205	50	0
1	2.65	778892	554	547	3.13044
2	2.65	12960	213	50	0
1	2.7	810917	577	571	3.64336
2	2.7	13625	221	50	0
1	2.75	843514	609	326	3.53461
2	2.75	14245	228	50	0
1	2.8	875655	634	253	3.4338
2	2.8	15313	239	50	0
1	2.85	909262	659	252	3.34088
2	2.85	16273	247	50	0
1	2.9	942815	683	251	3.79163
2	2.9	17367	256	50	0
1	2.95	976424	708	256	3.69032
2	2.95	18403	265	50	0
1	3	1006987	731	246	3.59675
2	3	19459	274	50	0
1	3.05	1043907	762	169	3.50375
2	3.05	20551	282	50	0
1	3.1	1074720	789	87	3.90891
2	3.1	21798	291	50	0
1	3.15	1106731	811	100	3.8146
2	3.15	23183	301	50	0
1	3.2	1140366	836	111	3.7246
2	3.2	24209	309	50	0
1	3.25	1172449	860	106	3.64261
2	3.25	25428	319	50	0
1	3.3	1203013	883	115	4.00786
2	3.3	26780	330	50	0
1	3.35	1235096	907	117	3.91705
2	3.35	27861	339	50	0
1	3.4	1267178	931	118	3.83569
2	3.4	29025	348	50	0
1	3.45	1300782	956	111	3.7544
2	3.45	30239	358	50	0
1	3.5	1334442	982	109	4.08599
2	3.5	31596	369	50	0
1	3.55	1368044	1007	110	4.00407
2	3.55	32815	379	50	0
1	3.6	1400185	1032	106	3.92603
2	3.6	34172	390	50	0
1	3.65	1432269	1056	108	3.85098
2	3.65	35391	400	50	0
1	3.7	1464352	1080	109	4.15775
2	3.7	36605	410	50	0
1	3.75	1498012	1106	113	4.07867
2	3.75	37824	420	50	0
1	3.8	1531614	1131	113	4.00481
2	3.8	39181	431	50	0
1	3.85	1565275	1157	109	3.93355
2	3.85	40400	441	50	0
1	3.9	1597358	1181	111	4.21429
2	3.9	41752	452	50	0
1	3.95	1627922	1204	112	4.14335
2	3.95	42971	462	50	0
1	4	1660063	1229	116	4.07136
2	4	44052	471	50	0
1	4.05	1690625	1252	122	4.00526
2	4.05	45409	482	50	0
1	4.1	1722711	1276	117	4.26625
2	4.1	46485	491	50	0
1	4.15	1753275	1299	122	4.19922
2	4.15	47704	501	50	0
1	4.2	1785358	1323	121	4.13223
2	4.2	48923	511	50	0
1	4.25	1817499	1348	120	4.06727
2	4.25	50137	521	50	0
1	4.3	1849578	1372	122	4.31182
2	4.3	51301	530	50	0
1	4.35	1881724	1397	122	4.24551
2	4.35	52520	540	50	0
1	4.4	1912288	1420	121	4.1832
2	4.4	53877	551	50	0
1	4.45	1942852	1443	122	4.12271
2	4.45	54953	560	50	0
1	4.5	1976508	1469	117	4.35263
2	4.5	56172	570	50	0
1	4.55	2010110	1494	116	4.2901
2	4.55	57529	581	50	0
1	4.6	2042198	1518	116	4.22812
2	4.6	58748	591	50	0
1	4.65	2072762	1541	123	4.17053
2	4.65	59962	601	50	0
1	4.7	2104903	1566	125	4.38725
2	4.7	61181	611	50	0
1	4.75	2136982	1590	121	4.32766
2	4.75	62400	621	50	0
1	4.8	2170584	1615	119	4.26991
2	4.8	63614	631	50	0
1	4.85	2204249	1641	119	4.2137
2	4.85	64833	641	50	0
1	4.9	2237851	1666	114	4.41839
2	4.9	66190	652	50	0
1	4.95	2269988	1691	114	4.36366
2	4.95	67409	662	50	0
1	5	2303595	1716	118	4.30612
2	5	68766	673	50	0
1	5.05	2335736	1741	116	4.25241
2	5.05	69980	683	50	0
1	5.1	2367819	1765	116	4.4479
2	5.1	71199	693	50	0
1	5.15	2399898	1789	123	4.39461
2	5.15	72418	703	50	0
1	5.2	2432044	1814	120	4.34029
2	5.2	73577	712	50	0
1	5.25	2462608	1837	126	4.28981
2	5.25	74934	723	50	0
1	5.3	2494691	1861	128	4.47455
2	5.3	76015	732	50	0
1	5.35	2526774	1885	123	4.42234
2	5.35	77234	742	50	0
1	5.4	2557392	1909	128	4.37225
2	5.4	78448	752	50	0
1	5.45	2589475	1933	129	4.32078
2	5.45	79667	762	50	0
1	5.5	2621563	1957	129	4.49651
2	5.5	80886	772	50	0
1	5.55	2652185	1981	129	4.44836
2	5.55	82105	782	50	0
1	5.6	2685783	2006	128	4.39866
2	5.6	83319	792	50	0
1	5.65	2719385	2031	123	4.3502
2	5.65	84676	803	50	0
1	5.7	2751531	2056	121	4.30427
2	5.7	85895	813	50	0
1	5.75	2785133	2081	123	4.4701
2	5.75	87114	823	50	0
1	5.8	2815753	2105	127	4.42367
2	5.8	88328	833	50	0
1	5.85	2846257	2127	127	4.37815
2	5.85	89630	843	50	0
1	5.9	2878398	2152	128	4.33321
2	5.9	90711	852	50	0
1	5.95	2910544	2177	123	4.49357
2	5.95	91925	862	50	0
1	6	2942627	2201	128	4.44801
2	6	93282	873	50	0
1	6.05	2974706	2225	128	4.40329
2	6.05	94501	883	50	0
1	6.1	3006789	2249	128	4.35962
2	6.1	95720	893	50	0
1	6.15	3038930	2274	131	4.51301
2	6.15	96934	903	50	0
1	6.2	3069494	2297	130	4.46984
2	6.2	98153	913	50	0
1	6.25	3101578	2321	131	4.42539
2	6.25	99372	923	50	0
1	6.3	3132142	2344	130	4.38391
2	6.3	100591	933	50	0
1	6.35	3162764	2368	131	4.53202
2	6.35	101612	941	50	0
1	6.4	3194847	2392	135	4.48953
2	6.4	102831	951	50	0
1	6.45	3226930	2416	128	4.44785
2	6.45	104050	961	50	0
1	6.5	3259009	2440	127	4.40671
2	6.5	105264	971	50	0
1	6.55	3291155	2465	129	4.54816
2	6.55	106483	981	50	0
1	6.6	3323238	2489	129	4.50667
2	6.6	107840	992	50	0
1	6.65	3353802	2512	135	4.46783
2	6.65	109059	1002	50	0
1	6.7	3385939	2537	136	4.42711
2	6.7	110135	1011	50	0
1	6.75	3416503	2560	137	4.56452
2	6.75	111492	1022	50	0
1	6.8	3450110	2585	130	4.52411
2	6.8	112573	1031	50	0
1	6.85	3483770	2611	132	4.48452
2	6.85	113930	1042	50	0
1	6.9	3514334	2634	128	4.44759
2	6.9	115144	1052	50	0
1	6.95	3546413	2658	129	4.57899
2	6.95	116308	1061	50	0
1	7	3576977	2681	130	4.54092
2	7	117527	1071	50	0
1	7.05	3607604	2705	138	4.5034
2	7.05	118746	1081	50	0
1	7.1	3639687	2729	140	4.46523
2	7.1	119960	1091	50	0
1	7.15	3671766	2753	141	4.59177
2	7.15	121179	1101	50	0
1	7.2	3702330	2776	138	4.55507
2	7.2	122260	1110	50	0
1	7.25	3732952	2800	138	4.51887
2	7.25	123474	1120	50	0
1	7.3	3766554	2825	135	4.48215
2	7.3	124693	1130	50	0
1	7.35	3800217	2851	130	4.44606
2	7.35	126050	1141	50	0
1	7.4	3832298	2875	126	4.56976
2	7.4	127269	1151	50	0
1	7.45	3865958	2901	127	4.53357
2	7.45	128483	1161	50	0
1	7.5	3896464	2923	130	4.49901
2	7.5	129840	1172	50	0
1	7.55	3928610	2948	133	4.46308
2	7.55	130866	1180	50	0
1	7.6	3960689	2972	137	4.58164
2	7.6	132085	1190	50	0.154015
1	7.65	3991253	2995	136	4.54852
2	7.65	133299	1200	50	0.152885
1	7.7	4024913	3021	136	4.51305
2	7.7	134518	1210	50	0.151724
1	7.75	4056996	3045	136	4.4798
2	7.75	135875	1221	50	0.150485
1	7.8	4090657	3071	130	4.59452
2	7.8	137094	1231	50	0.149376
1	7.85	4124259	3096	132	4.56052
2	7.85	138446	1242	50	0.148208
1	7.9	4156400	3121	132	4.528
2	7.9	139665	1252	50	0.14716
1	7.95	4190007	3146	129	4.49439
2	7.95	140884	1262	50	0.146112
1	8	4220570	3169	135	4.60671
2	8	142241	1273	50	0.144978
1	8.05	4251189	3193	136	4.5744
2	8.05	143317	1282	50	0.144058
1	8.1	4283214	3216	141	4.54095
2	8.1	144536	1292	50	0.142998
1	8.15	4313836	3240	141	4.50945
2	8.15	145755	1302	50	0.14195
1	8.2	4345919	3264	143	4.61685
2	8.2	146969	1312	50	0.140921
1	8.25	4376479	3287	141	4.58536
2	8.25	148133	1321	50	0.13995
1	8.3	4408625	3312	139	4.55419
2	8.3	149352	1331	50	0.138948
1	8.35	4442227	3337	141	4.52213
2	8.35	150571	1341	50	0.138049
1	8.4	4474368	3362	139	4.62757
2	8.4	151785	1351	50	0.137119
1	8.45	4506447	3386	138	4.59637
2	8.45	153142	1362	50	0.136103
1	8.5	4538535	3410	133	4.56601
2	8.5	154361	1372	50	0.135185
1	8.55	4572195	3436	136	4.5346
2	8.55	155580	1382	50	0.134292
1	8.6	4604278	3460	137	4.63764
2	8.6	156794	1392	50	0.133452
1	8.65	4636361	3484	136	4.60769
2	8.65	158013	1402	50	0.132584
1	8.7	4670022	3510	138	4.57701
2	8.7	159232	1412	50	0.131727
1	8.75	4703624	3535	135	4.54674
2	8.75	160589	1423	50	0.13077
1	8.8	4735765	3560	136	4.64661
2	8.8	161803	1433	50	0.129983
1	8.85	4767848	3584	137	4.61698
2	8.85	163160	1444	50	0.129071
1	8.9	4801509	3610	134	4.5874
2	8.9	164379	1454	50	0.128248
1	8.95	4835111	3635	135	4.55822
2	8.95	165598	1464	50	0.127463
1	9	4867194	3659	135	4.65577
2	9	166812	1474	50	0.12669
1	9.05	4899340	3684	137	4.627
2	9.05	168169	1485	50	0.12583
1	9.1	4932938	3709	132	4.59819
2	9.1	169388	1495	50	0.125053
1	9.15	4966540	3734	136	4.56981
2	9.15	170607	1505	50	0.124342
1	9.2	4998681	3759	138	4.66393
2	9.2	171959	1516	50	0.123507
1	9.25	5029245	3782	138	4.63624
2	9.25	173178	1526	50	0.122768
1	9.3	5061333	3806	143	4.60754
2	9.3	174397	1536	50	0.122003
1	9.35	5091951	3830	149	4.58052
2	9.35	175561	1545	50	0.121249
1	9.4	5124034	3854	144	4.67242
2	9.4	176775	1555	50	0.120538
1	9.45	5156117	3878	143	4.64416
2	9.45	177994	1565	50	0.119804
1	9.5	5188258	3903	145	4.61656
2	9.5	179213	1575	50	0.11908
1	9.55	5218823	3926	141	4.59064
2	9.55	180432	1585	50	0.118406
1	9.6	5250906	3950	141	4.68045
2	9.6	181646	1595	50	0.117707
1	9.65	5282989	3974	149	4.65286
2	9.65	182865	1605	50	0.11701
1	9.7	5316649	4000	144	4.62566
2	9.7	184084	1615	50	0.11632
1	9.75	5350252	4025	144	4.5989
2	9.75	185298	1625	50	0.115702
1	9.8	5382393	4050	138	4.68752
2	9.8	186517	1635	50	0.11506
1	9.85	5415995	4075	139	4.66027
2	9.85	187874	1646	50	0.114359
1	9.9	5449655	4101	141	4.63394
2	9.9	189093	1656	50	0.113722
1	9.95	5483262	4126	138	4.6079
2	9.95	190307	1666	50	0.113107
1	10	5513822	4149	137	4.69499
2	10	191664	1677	50	0.112444
1	10.05	5545963	4174	141	4.6686
2	10.05	192883	1687	50	0.111813
1	10.1	5551809	4188	50	4.64411
2	10.1	194102	1697	50	0.111157
1	10.15	5551988	4191	50	4.61837
2	10.15	195210	1705	50	0.110599
1	10.2	5552628	4199	50	4.5942
2	10.2	195910	1710	50	0.110036
1	10.25	5553058	4204	50	4.57106
2	10.25	196139	1712	50	0.109824
1	10.3	5553230	4206	50	4.56238
2	10.3	196139	1712	50	0.109824
1	10.35	5553230	4206	50	4.56238
2	10.35	196139	1712	50	0.109824
1	10.4	5553230	4206	50	4.56238
2	10.4	196139	1712	50	0.109824
1	10.45	5553230	4206	50	4.56238
2	10.45	196139	1712	50	0.109824
1	10.5	5553230	4206	50	4.56238
2	10.5	196139	1712	50	0.109824
1	10.55	5553230	4206	50	4.56238
2	10.55	196139	1712	50	0.109824
1	10.6	5553230	4206	50	4.56238
2	10.6	196139	1712	50	0.109824
1	10.65	5553230	4206	50	4.56238
2	10.65	196139	1712	50	0.109824
1	10.7	5553230	4206	50	4.56238
2	10.7	196139	1712	50	0.109824
1	10.75	5553230	4206	50	4.56238
2	10.75	196139	1712	50	0.109824
1	10.8	5553230	4206	50	4.56238
2	10.8	196139	1712	50	0.109824
1	10.85	5553230	4206	50	4.56238
2	10.85	196139	1712	50	0.109824
1	10.9	5553230	4206	50	4.56238
2	10.9	196139	1712	50	0.109824
1	10.95	5553230	4206	50	4.56238
2	10.95	196139	1712	50	0.109824
1	11	5553230	4206	50	4.56238
2	11	196139	1712	50	0.109824
1	11.05	5553230	4206	50	4.56238
2	11.05	196139	1712	50	0.109824
1	11.1	5553230	4206	50	4.56238
2	11.1	196139	1712	50	0.109824
1	11.15	5553230	4206	50	4.56238
2	11.15	196139	1712	50	0.109824
1	11.2	5553230	4206	50	4.56238
2	11.2	196139	1712	50	0.109824
1	11.25	5553230	4206	50	4.56238
2	11.25	196139	1712	50	0.109824
1	11.3	5553230	4206	50	4.56238
2	11.3	196139	1712	50	0.109824
1	11.35	5553230	4206	50	4.56238
2	11.35	196139	1712	50	0.109824
1	11.4	5553230	4206	50	4.56238
2	11.4	196139	1712	50	0.109824
1	11.45	5553230	4206	50	4.56238
2	11.45	196139	1712	50	0.109824
1	11.5	5553230	4206	50	4.56238
2	11.5	196139	1712	50	0.109824
1	11.55	5553230	4206	50	4.56238
2	11.55	196139	1712	50	0.109824
1	11.6	5553230	4206	50	4.56238
2	11.6	196139	1712	50	0.109824
1	11.65	5553230	4206	50	4.56238
2	11.65	196139	1712	50	0.109824
1	11.7	5553230	4206	50	4.56238
2	11.7	196139	1712	50	0.109824
1	11.75	5553230	4206	50	4.56238
2	11.75	196139	1712	50	0.109824
1	11.8	5553230	4206	50	4.56238
2	11.8	196139	1712	50	0.109824
1	11.85	5553230	4206	50	4.56238
2	11.85	196139	1712	50	0.109824
1	11.9	5553230	4206	50	4.56238
2	11.9	196139	1712	50	0.109824
1	11.95	5553230	4206	50	4.56238
2	11.95	196139	1712	50	0.109824
1	12	5553230	4206	50	4.56238
2	12	196139	1712	50	0.109824
1	12.05	5553230	4206	50	4.56238
2	12.05	196139	1712	50	0.109824
1	12.1	5553230	4206	50	4.56238
2	12.1	196139	1712	50	0.109824
1	12.15	5553230	4206	50	4.56238
2	12.15	196139	1712	50	0.109824
1	12.2	5553230	4206	50	4.56238
2	12.2	196139	1712	50	0.109824
1	12.25	5553230	4206	50	4.56238
2	12.25	196139	1712	50	0.109824
1	12.3	5553230	4206	50	4.56238
2	12.3	196139	1712	50	0.109824
1	12.35	5553230	4206	50	4.56238
2	12.35	196139	1712	50	0.109824
1	12.4	5553230	4206	50	4.56238
2	12.4	196139	1712	50	0.109824
1	12.45	5553230	4206	50	4.56238
2	12.45	196139	1712	50	0.109824
1	12.5	5553230	4206	50	4.56238
2	12.5	196139	1712	50	0.109824
1	12.55	5553230	4206	50	4.56238
2	12.55	196139	1712	50	0.109824
1	12.6	5553230	4206	50	4.56238
2	12.6	196139	1712	50	0.109824
1	12.65	5553230	4206	50	4.56238
2	12.65	196139	1712	50	0.109824
1	12.7	5553230	4206	50	4.56238
2	12.7	196139	1712	50	0.109824
1	12.75	5553230	4206	50	4.56238
2	12.75	196139	1712	50	0.109824
1	12.8	5553230	4206	50	4.56238
2	12.8	196139	1712	50	0.109824
1	12.85	5553230	4206	50	4.56238
2	12.85	196139	1712	50	0.109824
1	12.9	5553230	4206	50	4.56238
2	12.9	196139	1712	50	0.109824
1	12.95	5553230	4206	50	4.56238
2	12.95	196139	1712	50	0.109824
1	13	5553230	4206	50	4.56238
2	13	196139	1712	50	0.109824
1	13.05	5553230	4206	50	4.56238
2	13.05	196139	1712	50	0.109824
1	13.1	5553230	4206	50	4.56238
2	13.1	196139	1712	50	0.109824
1	13.15	5553230	4206	50	4.56238
2	13.15	196139	1712	50	0.109824
1	13.2	5553230	4206	50	4.56238
2	13.2	196139	1712	50	0.109824
1	13.25	5553230	4206	50	4.56238
2	13.25	196139	1712	50	0.109824
1	13.3	5553230	4206	50	4.56238
2	13.3	196139	1712	50	0.109824
1	13.35	5553230	4206	50	4.56238
2	13.35	196139	1712	50	0.109824
1	13.4	5553230	4206	50	4.56238
2	13.4	196139	1712	50	0.109824
1	13.45	5553230	4206	50	4.56238
2	13.45	196139	1712	50	0.109824
1	13.5	5553230	4206	50	4.56238
2	13.5	196139	1712	50	0.109824
1	13.55	5553230	4206	50	4.56238
2	13.55	196139	1712	50	0.109824
1	13.6	5553230	4206	50	4.56238
2	13.6	196139	1712	50	0.109824
1	13.65	5553230	4206	50	4.56238
2	13.65	196139	1712	50	0.109824
1	13.7	5553230	4206	50	4.56238
2	13.7	196139	1712	50	0.109824
1	13.75	5553230	4206	50	4.56238
2	13.75	196139	1712	50	0.109824
1	13.8	5553230	4206	50	4.56238
2	13.8	196139	1712	50	0.109824
1	13.85	5553230	4206	50	4.56238
2	13.85	196139	1712	50	0.109824
1	13.9	5553230	4206	50	4.56238
2	13.9	196139	1712	50	0.109824
1	13.95	5553230	4206	50	4.56238
2	13.95	196139	1712	50	0.109824
1	14	5553230	4206	50	4.56238
2	14	196139	1712	50	0.109824
1	14.05	5553230	4206	50	4.56238
2	14.05	196139	1712	50	0.109824
1	14.1	5553230	4206	50	4.56238
2	14.1	196139	1712	50	0.109824
1	14.15	5553230	4206	50	4.56238
2	14.15	196139	1712	50	0.109824
1	14.2	5553230	4206	50	4.56238
2	14.2	196139	1712	50	0.109824
1	14.25	5553230	4206	50	4.56238
2	14.25	196139	1712	50	0.109824
1	14.3	5553230	4206	50	4.56238
2	14.3	196139	1712	50	0.109824
1	14.35	5553230	4206	50	4.56238
2	14.35	196139	1712	50	0.109824
1	14.4	5553230	4206	50	4.56238
2	14.4	196139	1712	50	0.109824
1	14.45	5553230	4206	50	4.56238
2	14.45	196139	1712	50	0.109824
1	14.5	5553230	4206	50	4.56238
2	14.5	196139	1712	50	0.109824
1	14.55	5553230	4206	50	4.56238
2	14.55	196139	1712	50	0.109824
1	14.6	5553230	4206	50	4.56238
2	14.6	196139	1712	50	0.109824
1	14.65	5553230	4206	50	4.56238
2	14.65	196139	1712	50	0.109824
1	14.7	5553230	4206	50	4.56238
2	14.7	196139	1712	50	0.109824
1	14.75	5553230	4206	50	4.56238
2	14.75	196139	1712	50	0.109824
1	14.8	5553230	4206	50	4.56238
2	14.8	196139	1712	50	0.109824
1	14.85	5553230	4206	50	4.56238
2	14.85	196139	1712	50	0.109824
1	14.9	5553230	4206	50	4.56238
2	14.9	196139	1712	50	0.109824
1	14.95	5553230	4206	50	4.56238
2	14.95	196139	1712	50	0.109824
1	15	5553230	4206	50	4.56238
2	15	196139	1712	50	0.109824
1	15.05	5553230	4206	50	4.56238
2	15.05	196139	1712	50	0.109824
1	15.1	5553230	4206	50	4.56238
2	15.1	196139	1712	50	0.109824
1	15.15	5553230	4206	50	4.56238
2	15.15	196139	1712	50	0.109824
1	15.2	5553230	4206	50	4.56238
2	15.2	196139	1712	50	0.109824
1	15.25	5553230	4206	50	4.56238
2	15.25	196139	1712	50	0.109824
1	15.3	5553230	4206	50	4.56238
2	15.3	196139	1712	50	0.109824
1	15.35	5553230	4206	50	4.56238
2	15.35	196139	1712	50	0.109824
1	15.4	5553230	4206	50	4.56238
2	15.4	196139	1712	50	0.109824
1	15.45	5553230	4206	50	4.56238
2	15.45	196139	1712	50	0.109824
1	15.5	5553230	4206	50	4.56238
2	15.5	196139	1712	50	0.109824
1	15.55	5553230	4206	50	4.56238
2	15.55	196139	1712	50	0.109824
1	15.6	5553230	4206	50	4.56238
2	15.6	196139	1712	50	0.109824
1	15.65	5553230	4206	50	4.56238
2	15.65	196139	1712	50	0.109824
1	15.7	5553230	4206	50	4.56238
2	15.7	196139	1712	50	0.109824
1	15.75	5553230	4206	50	4.56238
2	15.75	196139	1712	50	0.109824
1	15.8	5553230	4206	50	4.56238
2	15.8	196139	1712	50	0.109824
1	15.85	5553230	4206	50	4.56238
2	15.85	196139	1712	50	0.109824
1	15.9	5553230	4206	50	4.56238
2	15.9	196139	1712	50	0.109824
1	15.95	5553230	4206	50	4.56238
2	15.95	196139	1712	50	0.109824
1	16	5553230	4206	50	4.56238
2	16	196139	1712	50	0.109824
1	16.05	5553230	4206	50	4.56238
2	16.05	196139	1712	50	0.109824
1	16.1	5553230	4206	50	4.56238
2	16.1	196139	1712	50	0.109824
1	16.15	5553230	4206	50	4.56238
2	16.15	196139	1712	50	0.109824
1	16.2	5553230	4206	50	4.56238
2	16.2	196139	1712	50	0.109824
1	16.25	5553230	4206	50	4.56238
2	16.25	196139	1712	50	0.109824
1	16.3	5553230	4206	50	4.56238
2	16.3	196139	1712	50	0.109824
1	16.35	5553230	4206	50	4.56238
2	16.35	196139	1712	50	0.109824
1	16.4	5553230	4206	50	4.56238
2	16.4	196139	1712	50	0.109824
1	16.45	5553230	4206	50	4.56238
2	16.45	196139	1712	50	0.109824
1	16.5	5553230	4206	50	4.56238
2	16.5	196139	1712	50	0.109824
1	16.55	5553230	4206	50	4.56238
2	16.55	196139	1712	50	0.109824
1	16.6	5553230	4206	50	4.56238
2	16.6	196139	1712	50	0.109824
1	16.65	5553230	4206	50	4.56238
2	16.65	196139	1712	50	0.109824
1	16.7	5553230	4206	50	4.56238
2	16.7	196139	1712	50	0.109824
1	16.75	5553230	4206	50	4.56238
2	16.75	196139	1712	50	0.109824
1	16.8	5553230	4206	50	4.56238
2	16.8	196139	1712	50	0.109824
1	16.85	5553230	4206	50	4.56238
2	16.85	196139	1712	50	0.109824
1	16.9	5553230	4206	50	4.56238
2	16.9	196139	1712	50	0.109824
1	16.95	5553230	4206	50	4.56238
2	16.95	196139	1712	50	0.109824
1	17	5553230	4206	50	4.56238
2	17	196139	1712	50	0.109824
1	17.05	5553230	4206	50	4.56238
2	17.05	196139	1712	50	0.109824
1	17.1	5553230	4206	50	4.56238
2	17.1	196139	1712	50	0.109824
1	17.15	5553230	4206	50	4.56238
2	17.15	196139	1712	50	0.109824
1	17.2	5553230	4206	50	4.56238
2	17.2	196139	1712	50	0.109824
1	17.25	5553230	4206	50	4.56238
2	17.25	196139	1712	50	0.109824
1	17.3	5553230	4206	50	4.56238
2	17.3	196139	1712	50	0.109824
1	17.35	5553230	4206	50	4.56238
2	17.35	196139	1712	50	0.109824
1	17.4	5553230	4206	50	4.56238
2	17.4	196139	1712	50	0.109824
1	17.45	5553230	4206	50	4.56238
2	17.45	196139	1712	50	0.109824
1	17.5	5553230	4206	50	4.56238
2	17.5	196139	1712	50	0.109824
1	17.55	5553230	4206	50	4.56238
2	17.55	196139	1712	50	0.109824
1	17.6	5553230	4206	50	4.56238
2	17.6	196139	1712	50	0.109824
1	17.65	5553230	4206	50	4.56238
2	17.65	196139	1712	50	0.109824
1	17.7	5553230	4206	50	4.56238
2	17.7	196139	1712	50	0.109824
1	17.75	5553230	4206	50	4.56238
2	17.75	196139	1712	50	0.109824
1	17.8	5553230	4206	50	4.56238
2	17.8	196139	1712	50	0.109824
1	17.85	5553230	4206	50	4.56238
2	17.85	196139	1712	50	0.109824
1	17.9	5553230	4206	50	4.56238
2	17.9	196139	1712	50	0.109824
1	17.95	5553230	4206	50	4.56238
2	17.95	196139	1712	50	0.109824
1	18	5553230	4206	50	4.56238
2	18	196139	1712	50	0.109824
1	18.05	5553230	4206	50	4.56238
2	18.05	196139	1712	50	0.109824
1	18.1	5553230	4206	50	4.56238
2	18.1	196139	1712	50	0.109824
1	18.15	5553230	4206	50	4.56238
2	18.15	196139	1712	50	0.109824
1	18.2	5553230	4206	50	4.56238
2	18.2	196139	1712	50	0.109824
1	18.25	5553230	4206	50	4.56238
2	18.25	196139	1712	50	0.109824
1	18.3	5553230	4206	50	4.56238
2	18.3	196139	1712	50	0.109824
1	18.35	5553230	4206	50	4.56238
2	18.35	196139	1712	50	0.109824
1	18.4	5553230	4206	50	4.56238
2	18.4	196139	1712	50	0.109824
1	18.45	5553230	4206	50	4.56238
2	18.45	196139	1712	50	0.109824
1	18.5	5553230	4206	50	4.56238
2	18.5	196139	1712	50	0.109824
1	18.55	5553230	4206	50	4.56238
2	18.55	196139	1712	50	0.109824
1	18.6	5553230	4206	50	4.56238
2	18.6	196139	1712	50	0.109824
1	18.65	5553230	4206	50	4.56238
2	18.65	196139	1712	50	0.109824
1	18.7	5553230	4206	50	4.56238
2	18.7	196139	1712	50	0.109824
1	18.75	5553230	4206	50	4.56238
2	18.75	196139	1712	50	0.109824
1	18.8	5553230	4206	50	4.56238
2	18.8	196139	1712	50	0.109824
1	18.85	5553230	4206	50	4.56238
2	18.85	196139	1712	50	0.109824
1	18.9	5553230	4206	50	4.56238
2	18.9	196139	1712	50	0.109824
1	18.95	5553230	4206	50	4.56238
2	18.95	196139	1712	50	0.109824
1	19	5553230	4206	50	4.56238
2	19	196139	1712	50	0.109824
1	19.05	5553230	4206	50	4.56238
2	19.05	196139	1712	50	0.109824
1	19.1	5553230	4206	50	4.56238
2	19.1	196139	1712	50	0.109824
1	19.15	5553230	4206	50	4.56238
2	19.15	196139	1712	50	0.109824
1	19.2	5553230	4206	50	4.56238
2	19.2	196139	1712	50	0.109824
1	19.25	5553230	4206	50	4.56238
2	19.25	196139	1712	50	0.109824
1	19.3	5553230	4206	50	4.56238
2	19.3	196139	1712	50	0.109824
1	19.35	5553230	4206	50	4.56238
2	19.35	196139	1712	50	0.109824
1	19.4	5553230	4206	50	4.56238
2	19.4	196139	1712	50	0.109824
1	19.45	5553230	4206	50	4.56238
2	19.45	196139	1712	50	0.109824
1	19.5	5553230	4206	50	4.56238
2	19.5	196139	1712	50	0.109824
1	19.55	5553230	4206	50	4.56238
2	19.55	196139	1712	50	0.109824
1	19.6	5553230	4206	50	4.56238
2	19.6	196139	1712	50	0.109824
1	19.65	5553230	4206	50	4.56238
2	19.65	196139	1712	50	0.109824
1	19.7	5553230	4206	50	4.56238
2	19.7	196139	1712	50	0.109824
1	19.75	5553230	4206	50	4.56238
2	19.75	196139	1712	50	0.109824
1	19.8	5553230	4206	50	4.56238
2	19.8	196139	1712	50	0.109824
1	19.85	5553230	4206	50	4.56238
2	19.85	196139	1712	50	0.109824
1	19.9	5553230	4206	50	4.56238
2	19.9	196139	1712	50	0.109824
1	19.95	5553230	4206	50	4.56238
2	19.95	196139	1712	50	0.109824
1	20	5553230	4206	50	4.56238
2	20	196139	1712	50	0.109824
1	20.05	5553230	4206	50	4.56238
2	20.05	196139	1712	50	0.109824
1	20.1	5553230	4206	50	4.56238
2	20.1	196139	1712	50	0.109824
1	20.15	5553230	4206	50	4.56238
2	20.15	196139	1712	50	0.109824
1	20.2	5553230	4206	50	4.56238
2	20.2	196139	1712	50	0.109824
1	20.25	5553230	4206	50	4.56238
2	20.25	196139	1712	50	0.109824
1	20.3	5553230	4206	50	4.56238
2	20.3	196139	1712	50	0.109824
1	20.35	5553230	4206	50	4.56238
2	20.35	196139	1712	50	0.109824
1	20.4	5553230	4206	50	4.56238
2	20.4	196139	1712	50	0.109824
1	20.45	5553230	4206	50	4.56238
2	20.45	196139	1712	50	0.109824
1	20.5	5553230	4206	50	4.56238
2	20.5	196139	1712	50	0.109824
1	20.55	5553230	4206	50	4.56238
2	20.55	196139	1712	50	0.109824
1	20.6	5553230	4206	50	4.56238
2	20.6	196139	1712	50	0.109824
1	20.65	5553230	4206	50	4.56238
2	20.65	196139	1712	50	0.109824
1	20.7	5553230	4206	50	4.56238
2	20.7	196139	1712	50	0.109824
1	20.75	5553230	4206	50	4.56238
2	20.75	196139	1712	50	0.109824
1	20.8	5553230	4206	50	4.56238
2	20.8	196139	1712	50	0.109824
1	20.85	5553230	4206	50	4.56238
2	20.85	196139	1712	50	0.109824
1	20.9	5553230	4206	50	4.56238
2	20.9	196139	1712	50	0.109824
1	20.95	5553230	4206	50	4.56238
2	20.95	196139	1712	50	0.109824
1	21	5553230	4206	50	4.56238
2	21	196139	1712	50	0.109824
1	21.05	5553230	4206	50	4.56238
2	21.05	196139	1712	50	0.109824
1	21.1	5553230	4206	50	4.56238
2	21.1	196139	1712	50	0.109824
1	21.15	5553230	4206	50	4.56238
2	21.15	196139	1712	50	0.109824
1	21.2	5553230	4206	50	4.56238
2	21.2	196139	1712	50	0.109824
1	21.25	5553230	4206	50	4.56238
2	21.25	196139	1712	50	0.109824
1	21.3	5553230	4206	50	4.56238
2	21.3	196139	1712	50	0.109824
1	21.35	5553230	4206	50	4.56238
2	21.35	196139	1712	50	0.109824
1	21.4	5553230	4206	50	4.56238
2	21.4	196139	1712	50	0.109824
1	21.45	5553230	4206	50	4.56238
2	21.45	196139	1712	50	0.109824
1	21.5	5553230	4206	50	4.56238
2	21.5	196139	1712	50	0.109824
1	21.55	5553230	4206	50	4.56238
2	21.55	196139	1712	50	0.109824
1	21.6	5553230	4206	50	4.56238
2	21.6	196139	1712	50	0.109824
1	21.65	5553230	4206	50	4.56238
2	21.65	196139	1712	50	0.109824
1	21.7	5553230	4206	50	4.56238
2	21.7	196139	1712	50	0.109824
1	21.75	5553230	4206	50	4.56238
2	21.75	196139	1712	50	0.109824
1	21.8	5553230	4206	50	4.56238
2	21.8	196139	1712	50	0.109824
1	21.85	5553230	4206	50	4.56238
2	21.85	196139	1712	50	0.109824
1	21.9	5553230	4206	50	4.56238
2	21.9	196139	1712	50	0.109824
1	21.95	5553230	4206	50	4.56238
2	21.95	196139	1712	50	0.109824
1	22	5553230	4206	50	4.56238
2	22	196139	1712	50	0.109824
1	22.05	5553230	4206	50	4.56238
2	22.05	196139	1712	50	0.109824
1	22.1	5553230	4206	50	4.56238
2	22.1	196139	1712	50	0.109824
1	22.15	5553230	4206	50	4.56238
2	22.15	196139	1712	50	0.109824
1	22.2	5553230	4206	50	4.56238
2	22.2	196139	1712	50	0.109824
1	22.25	5553230	4206	50	4.56238
2	22.25	196139	1712	50	0.109824
1	22.3	5553230	4206	50	4.56238
2	22.3	196139	1712	50	0.109824
1	22.35	5553230	4206	50	4.56238
2	22.35	196139	1712	50	0.109824
1	22.4	5553230	4206	50	4.56238
2	22.4	196139	1712	50	0.109824
1	22.45	5553230	4206	50	4.56238
2	22.45	196139	1712	50	0.109824
1	22.5	5553230	4206	50	4.56238
2	22.5	196139	1712	50	0.109824
1	22.55	5553230	4206	50	4.56238
2	22.55	196139	1712	50	0.109824
1	22.6	5553230	4206	50	4.56238
2	22.6	196139	1712	50	0.109824
1	22.65	5553230	4206	50	4.56238
2	22.65	196139	1712	50	0.109824
1	22.7	5553230	4206	50	4.56238
2	22.7	196139	1712	50	0.109824
1	22.75	5553230	4206	50	4.56238
2	22.75	196139	1712	50	0.109824
1	22.8	5553230	4206	50	4.56238
2	22.8	196139	1712	50	0.109824
1	22.85	5553230	4206	50	4.56238
2	22.85	196139	1712	50	0.109824
1	22.9	5553230	4206	50	4.56238
2	22.9	196139	1712	50	0.109824
1	22.95	5553230	4206	50	4.56238
2	22.95	196139	1712	50	0.109824
1	23	5553230	4206	50	4.56238
2	23	196139	1712	50	0.109824
1	23.05	5553230	4206	50	4.56238
2	23.05	196139	1712	50	0.109824
1	23.1	5553230	4206	50	4.56238
2	23.1	196139	1712	50	0.109824
1	23.15	5553230	4206	50	4.56238
2	23.15	196139	1712	50	0.109824
1	23.2	5553230	4206	50	4.56238
2	23.2	196139	1712	50	0.109824
1	23.25	5553230	4206	50	4.56238
2	23.25	196139	1712	50	0.109824
1	23.3	5553230	4206	50	4.56238
2	23.3	196139	1712	50	0.109824
1	23.35	5553230	4206	50	4.56238
2	23.35	196139	1712	50	0.109824
1	23.4	5553230	4206	50	4.56238
2	23.4	196139	1712	50	0.109824
1	23.45	5553230	4206	50	4.56238
2	23.45	196139	1712	50	0.109824
1	23.5	5553230	4206	50	4.56238
2	23.5	196139	1712	50	0.109824
1	23.55	5553230	4206	50	4.56238
2	23.55	196139	1712	50	0.109824
1	23.6	5553230	4206	50	4.56238
2	23.6	196139	1712	50	0.109824
1	23.65	5553230	4206	50	4.56238
2	23.65	196139	1712	50	0.109824
1	23.7	5553230	4206	50	4.56238
2	23.7	196139	1712	50	0.109824
1	23.75	5553230	4206	50	4.56238
2	23.75	196139	1712	50	0.109824
1	23.8	5553230	4206	50	4.56238
2	23.8	196139	1712	50	0.109824
1	23.85	5553230	4206	50	4.56238
2	23.85	196139	1712	50	0.109824
1	23.9	5553230	4206	50	4.56238
2	23.9	196139	1712	50	0.109824
1	23.95	5553230	4206	50	4.56238
2	23.95	196139	1712	50	0.109824
1	24	5553230	4206	50	4.56238
2	24	196139	1712	50	0.109824
1	24.05	5553230	4206	50	4.56238
2	24.05	196139	1712	50	0.109824
1	24.1	5553230	4206	50	4.56238
2	24.1	196139	1712	50	0.109824
1	24.15	5553230	4206	50	4.56238
2	24.15	196139	1712	50	0.109824
1	24.2	5553230	4206	50	4.56238
2	24.2	196139	1712	50	0.109824
1	24.25	5553230	4206	50	4.56238
2	24.25	196139	1712	50	0.109824
1	24.3	5553230	4206	50	4.56238
2	24.3	196139	1712	50	0.109824
1	24.35	5553230	4206	50	4.56238
2	24.35	196139	1712	50	0.109824
1	24.4	5553230	4206	50	4.56238
2	24.4	196139	1712	50	0.109824
1	24.45	5553230	4206	50	4.56238
2	24.45	196139	1712	50	0.109824
1	24.5	5553230	4206	50	4.56238
2	24.5	196139	1712	50	0.109824
1	24.55	5553230	4206	50	4.56238
2	24.55	196139	1712	50	0.109824
1	24.6	5553230	4206	50	4.56238
2	24.6	196139	1712	50	0.109824
1	24.65	5553230	4206	50	4.56238
2	24.65	196139	1712	50	0.109824
1	24.7	5553230	4206	50	4.56238
2	24.7	196139	1712	50	0.109824
1	24.75	5553230	4206	50	4.56238
2	24.75	196139	1712	50	0.109824
1	24.8	5553230	4206	50	4.56238
2	24.8	196139	1712	50	0.109824
1	24.85	5553230	4206	50	4.56238
2	24.85	196139	1712	50	0.109824
1	24.9	5553230	4206	50	4.56238
2	24.9	196139	1712	50	0.109824
1	24.95	5553230	4206	50	4.56238
2	24.95	196139	1712	50	0.109824
1	25	5553230	4206	50	4.56238
2	25	196139	1712	50	0.109824
1	25.05	5553230	4206	50	4.56238
2	25.05	196139	1712	50	0.109824
1	25.1	5553230	4206	50	4.56238
2	25.1	196139	1712	50	0.109824
1	25.15	5553230	4206	50	4.56238
2	25.15	196139	1712	50	0.109824
1	25.2	5553230	4206	50	4.56238
2	25.2	196139	1712	50	0.109824
1	25.25	5553230	4206	50	4.56238
2	25.25	196139	1712	50	0.109824
1	25.3	5553230	4206	50	4.56238
2	25.3	196139	1712	50	0.109824
1	25.35	5553230	4206	50	4.56238
2	25.35	196139	1712	50	0.109824
1	25.4	5553230	4206	50	4.56238
2	25.4	196139	1712	50	0.109824
1	25.45	5553230	4206	50	4.56238
2	25.45	196139	1712	50	0.109824
1	25.5	5553230	4206	50	4.56238
2	25.5	196139	1712	50	0.109824
1	25.55	5553230	4206	50	4.56238
2	25.55	196139	1712	50	0.109824
1	25.6	5553230	4206	50	4.56238
2	25.6	196139	1712	50	0.109824
1	25.65	5553230	4206	50	4.56238
2	25.65	196139	1712	50	0.109824
1	25.7	5553230	4206	50	4.56238
2	25.7	196139	1712	50	0.109824
1	25.75	5553230	4206	50	4.56238
2	25.75	196139	1712	50	0.109824
1	25.8	5553230	4206	50	4.56238
2	25.8	196139	1712	50	0.109824
1	25.85	5553230	4206	50	4.56238
2	25.85	196139	1712	50	0.109824
1	25.9	5553230	4206	50	4.56238
2	25.9	196139	1712	50	0.109824
1	25.95	5553230	4206	50	4.56238
2	25.95	196139	1712	50	0.109824
1	26	5553230	4206	50	4.56238
2	26	196139	1712	50	0.109824
1	26.05	5553230	4206	50	4.56238
2	26.05	196139	1712	50	0.109824
1	26.1	5553230	4206	50	4.56238
2	26.1	196139	1712	50	0.109824
1	26.15	5553230	4206	50	4.56238
2	26.15	196139	1712	50	0.109824
1	26.2	5553230	4206	50	4.56238
2	26.2	196139	1712	50	0.109824
1	26.25	5553230	4206	50	4.56238
2	26.25	196139	1712	50	0.109824
1	26.3	5553230	4206	50	4.56238
2	26.3	196139	1712	50	0.109824
1	26.35	5553230	4206	50	4.56238
2	26.35	196139	1712	50	0.109824
1	26.4	5553230	4206	50	4.56238
2	26.4	196139	1712	50	0.109824
1	26.45	5553230	4206	50	4.56238
2	26.45	196139	1712	50	0.109824
1	26.5	5553230	4206	50	4.56238
2	26.5	196139	1712	50	0.109824
1	26.55	5553230	4206	50	4.56238
2	26.55	196139	1712	50	0.109824
1	26.6	5553230	4206	50	4.56238
2	26.6	196139	1712	50	0.109824
1	26.65	5553230	4206	50	4.56238
2	26.65	196139	1712	50	0.109824
1	26.7	5553230	4206	50	4.56238
2	26.7	196139	1712	50	0.109824
1	26.75	5553230	4206	50	4.56238
2	26.75	196139	1712	50	0.109824
1	26.8	5553230	4206	50	4.56238
2	26.8	196139	1712	50	0.109824
1	26.85	5553230	4206	50	4.56238
2	26.85	196139	1712	50	0.109824
1	26.9	5553230	4206	50	4.56238
2	26.9	196139	1712	50	0.109824
1	26.95	5553230	4206	50	4.56238
2	26.95	196139	1712	50	0.109824
1	27	5553230	4206	50	4.56238
2	27	196139	1712	50	0.109824
1	27.05	5553230	4206	50	4.56238
2	27.05	196139	1712	50	0.109824
1	27.1	5553230	4206	50	4.56238
2	27.1	196139	1712	50	0.109824
1	27.15	5553230	4206	50	4.56238
2	27.15	196139	1712	50	0.109824
1	27.2	5553230	4206	50	4.56238
2	27.2	196139	1712	50	0.109824
1	27.25	5553230	4206	50	4.56238
2	27.25	196139	1712	50	0.109824
1	27.3	5553230	4206	50	4.56238
2	27.3	196139	1712	50	0.109824
1	27.35	5553230	4206	50	4.56238
2	27.35	196139	1712	50	0.109824
1	27.4	5553230	4206	50	4.56238
2	27.4	196139	1712	50	0.109824
1	27.45	5553230	4206	50	4.56238
2	27.45	196139	1712	50	0.109824
1	27.5	5553230	4206	50	4.56238
2	27.5	196139	1712	50	0.109824
1	27.55	5553230	4206	50	4.56238
2	27.55	196139	1712	50	0.109824
1	27.6	5553230	4206	50	4.56238
2	27.6	196139	1712	50	0.109824
1	27.65	5553230	4206	50	4.56238
2	27.65	196139	1712	50	0.109824
1	27.7	5553230	4206	50	4.56238
2	27.7	196139	1712	50	0.109824
1	27.75	5553230	4206	50	4.56238
2	27.75	196139	1712	50	0.109824
1	27.8	5553230	4206	50	4.56238
2	27.8	196139	1712	50	0.109824
1	27.85	5553230	4206	50	4.56238
2	27.85	196139	1712	50	0.109824
1	27.9	5553230	4206	50	4.56238
2	27.9	196139	1712	50	0.109824
1	27.95	5553230	4206	50	4.56238
2	27.95	196139	1712	50	0.109824
1	28	5553230	4206	50	4.56238
2	28	196139	1712	50	0.109824
1	28.05	5553230	4206	50	4.56238
2	28.05	196139	1712	50	0.109824
1	28.1	5553230	4206	50	4.56238
2	28.1	196139	1712	50	0.109824
1	28.15	5553230	4206	50	4.56238
2	28.15	196139	1712	50	0.109824
1	28.2	5553230	4206	50	4.56238
2	28.2	196139	1712	50	0.109824
1	28.25	5553230	4206	50	4.56238
2	28.25	196139	1712	50	0.109824
1	28.3	5553230	4206	50	4.56238
2	28.3	196139	1712	50	0.109824
1	28.35	5553230	4206	50	4.56238
2	28.35	196139	1712	50	0.109824
1	28.4	5553230	4206	50	4.56238
2	28.4	196139	1712	50	0.109824
1	28.45	5553230	4206	50	4.56238
2	28.45	196139	1712	50	0.109824
1	28.5	5553230	4206	50	4.56238
2	28.5	196139	1712	50	0.109824
1	28.55	5553230	4206	50	4.56238
2	28.55	196139	1712	50	0.109824
1	28.6	5553230	4206	50	4.56238
2	28.6	196139	1712	50	0.109824
1	28.65	5553230	4206	50	4.56238
2	28.65	196139	1712	50	0.109824
1	28.7	5553230	4206	50	4.56238
2	28.7	196139	1712	50	0.109824
1	28.75	5553230	4206	50	4.56238
2	28.75	196139	1712	50	0.109824
1	28.8	5553230	4206	50	4.56238
2	28.8	196139	1712	50	0.109824
1	28.85	5553230	4206	50	4.56238
2	28.85	196139	1712	50	0.109824
1	28.9	5553230	4206	50	4.56238
2	28.9	196139	1712	50	0.109824
1	28.95	5553230	4206	50	4.56238
2	28.95	196139	1712	50	0.109824
1	29	5553230	4206	50	4.56238
2	29	196139	1712	50	0.109824
1	29.05	5553230	4206	50	4.56238
2	29.05	196139	1712	50	0.109824
1	29.1	5553230	4206	50	4.56238
2	29.1	196139	1712	50	0.109824
1	29.15	5553230	4206	50	4.56238
2	29.15	196139	1712	50	0.109824
1	29.2	5553230	4206	50	4.56238
2	29.2	196139	1712	50	0.109824
1	29.25	5553230	4206	50	4.56238
2	29.25	196139	1712	50	0.109824
1	29.3	5553230	4206	50	4.56238
2	29.3	196139	1712	50	0.109824
1	29.35	5553230	4206	50	4.56238
2	29.35	196139	1712	50	0.109824
1	29.4	5553230	4206	50	4.56238
2	29.4	196139	1712	50	0.109824
1	29.45	5553230	4206	50	4.56238
2	29.45	196139	1712	50	0.109824
1	29.5	5553230	4206	50	4.56238
2	29.5	196139	1712	50	0.109824
1	29.55	5553230	4206	50	4.56238
2	29.55	196139	1712	50	0.109824
1	29.6	5553230	4206	50	4.56238
2	29.6	196139	1712	50	0.109824
1	29.65	5553230	4206	50	4.56238
2	29.65	196139	1712	50	0.109824
1	29.7	5553230	4206	50	4.56238
2	29.7	196139	1712	50	0.109824
1	29.75	5553230	4206	50	4.56238
2	29.75	196139	1712	50	0.109824
1	29.8	5553230	4206	50	4.56238
2	29.8	196139	1712	50	0.109824
1	29.85	5553230	4206	50	4.56238
2	29.85	196139	1712	50	0.109824
1	29.9	5553230	4206	50	4.56238
2	29.9	196139	1712	50	0.109824
1	29.95	5553230	4206	50	4.56238
2	29.95	196139	1712	50	0.109824
