1	1.05	0	0	0	-nan
1	1.1	1260	1	55	-nan
2	1.1	0	0	0	-nan
1	1.15	1260	1	55	-nan
2	1.15	129	2	53	0
1	1.2	9838	7	52	0
2	1.2	129	2	53	0
1	1.25	9838	7	52	0
2	1.25	350	6	50	0
1	1.3	22026	16	57	0
2	1.3	408	7	53	0
1	1.35	22082	17	53	0
2	1.35	518	9	53	0
1	1.4	31190	23	66	0
2	1.4	797	14	53	0
1	1.45	46465	35	60	0
2	1.45	857	15	53	0
1	1.5	48041	37	52	0
2	1.5	1242	22	50	0
1	1.55	79952	59	85	0
2	1.55	1356	24	50	0
1	1.6	95233	71	75	0
2	1.6	1854	33	52	0
1	1.65	124152	92	72	0
2	1.65	2315	41	52	0
1	1.7	159086	116	93	1.55436
2	1.7	2822	50	50	0
1	1.75	194129	142	85	1.43936
2	1.75	3391	60	50	0
1	1.8	221482	161	116	1.34596
2	1.8	3903	69	54	0
1	1.85	253438	184	146	1.25803
2	1.85	4410	78	54	0
1	1.9	286907	208	170	2.37087
2	1.9	4925	87	51	0
1	1.95	318807	230	200	2.23646
2	1.95	5548	98	51	0
1	2	352289	254	221	2.11866
2	2	6058	107	50	0
1	2.05	385832	278	247	2.01134
2	2.05	6627	117	50	0
1	2.1	411723	296	266	2.88078
2	2.1	7254	128	50	0
1	2.15	445263	320	293	2.74031
2	2.15	7628	134	50	0
1	2.2	478754	343	314	2.62366
2	2.2	8116	141	52	0
1	2.25	515336	369	341	2.51266
2	2.25	8673	149	52	0
1	2.3	547303	391	367	3.21401
2	2.3	9299	158	51	0
1	2.35	579267	413	387	3.09245
2	2.35	9786	165	51	0
1	2.4	615854	439	406	2.97671
2	2.4	10399	173	50	0
1	2.45	652436	465	432	2.86814
2	2.45	11052	181	50	0
1	2.5	684461	488	457	3.46097
2	2.5	11732	189	54	0
1	2.55	717943	511	478	3.34916
2	2.55	12417	197	54	0
1	2.6	756102	539	499	3.23781
2	2.6	13114	205	51	0
1	2.65	787483	575	216	3.76604
2	2.65	13956	214	51	0
1	2.7	821036	599	221	3.64827
2	2.7	15215	227	54	0
1	2.75	856153	625	220	3.54016
2	2.75	16109	236	54	0
1	2.8	889755	650	216	3.4418
2	2.8	17059	245	54	0
1	2.85	923322	674	227	3.90132
2	2.85	17924	253	54	0
1	2.9	960034	702	222	3.79638
2	2.9	18916	263	52	0
1	2.95	995696	737	78	3.6958
2	2.95	20100	274	52	0
1	3	1032399	765	75	3.60057
2	3	21583	288	50	0
1	3.05	1067529	791	80	4.01209
2	3.05	22614	297	50	0
1	3.1	1098156	815	89	3.91585
2	3.1	23691	308	52	0
1	3.15	1131696	839	94	3.81922
2	3.15	24718	318	52	0
1	3.2	1162318	863	101	3.73345
2	3.2	25745	328	54	0
1	3.25	1195978	889	98	4.10328
2	3.25	26767	338	54	0
1	3.3	1231104	915	89	4.00959
2	3.3	27908	349	50	0
1	3.35	1261668	938	93	3.92507
2	3.35	29049	360	50	0
1	3.4	1295324	964	97	3.84131
2	3.4	29962	369	54	0
1	3.45	1333546	993	86	4.1757
2	3.45	31103	380	54	0
1	3.5	1367148	1018	82	4.09024
2	3.5	32239	391	53	0
1	3.55	1399289	1043	92	4.00894
2	3.55	33380	402	53	0
1	3.6	1431368	1067	97	3.93249
2	3.6	34521	413	50	0
1	3.65	1463456	1091	101	4.23963
2	3.65	35548	423	50	0
1	3.7	1495597	1116	104	4.15942
2	3.7	36456	432	51	0
1	3.75	1527680	1140	105	4.08385
2	3.75	37483	442	51	0
1	3.8	1564379	1168	89	4.01021
2	3.8	38624	453	50	0
1	3.85	1602596	1197	88	4.29341
2	3.85	39765	464	50	0
1	3.9	1634679	1221	90	4.21926
2	3.9	40906	475	52	0
1	3.95	1668286	1246	90	4.14713
2	3.95	42042	486	52	0
1	4	1701942	1272	96	4.077
2	4	43069	496	53	0
1	4.05	1737126	1299	92	4.34166
2	4.05	44210	507	53	0
1	4.1	1770728	1324	94	4.27193
2	4.1	45237	517	54	0
1	4.15	1805907	1351	91	4.20283
2	4.15	46373	528	54	0
1	4.2	1837986	1375	88	4.45473
2	4.2	47514	539	54	0
1	4.25	1870132	1400	93	4.38451
2	4.25	48541	549	54	0
1	4.3	1905253	1426	101	4.31463
2	4.3	49568	559	52	0
1	4.35	1937394	1451	96	4.25052
2	4.35	50709	570	52	0
1	4.4	1972518	1477	98	4.48655
2	4.4	51731	580	53	0
1	4.45	2009214	1505	93	4.42013
2	4.45	52927	592	53	0
1	4.5	2041297	1529	88	4.35701
2	4.5	54068	603	52	0
1	4.55	2073443	1554	96	4.29305
2	4.55	55209	614	52	0
1	4.6	2105526	1578	105	4.51362
2	4.6	56231	624	52	0
1	4.65	2136086	1601	110	4.45288
2	4.65	57258	634	52	0
1	4.7	2168169	1625	105	4.38983
2	4.7	58116	642	53	0
1	4.75	2198733	1648	110	4.33254
2	4.75	59143	652	53	0
1	4.8	2233917	1675	105	4.53976
2	4.8	60165	662	53	0
1	4.85	2267573	1701	102	4.4813
2	4.85	61306	673	53	0
1	4.9	2302694	1727	94	4.42303
2	4.9	62333	683	52	0
1	4.95	2337878	1754	95	4.36513
2	4.95	63474	694	52	0
1	5	2371538	1780	93	4.56434
2	5	64610	705	54	0
1	5.05	2408179	1807	92	4.50579
2	5.05	65637	715	54	0
1	5.1	2438801	1831	96	4.4523
2	5.1	66947	728	53	0
1	5.15	2470884	1855	105	4.39562
2	5.15	67974	738	53	0
1	5.2	2504486	1880	103	4.58571
2	5.2	69001	748	50	0
1	5.25	2538147	1906	108	4.52998
2	5.25	70137	759	50	0
1	5.3	2568711	1929	108	4.47701
2	5.3	71164	769	52	0
1	5.35	2600794	1953	112	4.42488
2	5.35	72136	778	52	0
1	5.4	2635973	1980	107	4.60342
2	5.4	73163	788	52	0
1	5.45	2671099	2006	101	4.55081
2	5.45	74299	799	52	0
1	5.5	2704755	2032	100	4.50004
2	5.5	75326	809	53	0
1	5.55	2738357	2057	98	4.45145
2	5.55	76467	820	53	0
1	5.6	2773541	2084	103	4.62074
2	5.6	77663	832	51	0
1	5.65	2805624	2108	105	4.57098
2	5.65	78685	842	51	0
1	5.7	2834665	2130	112	4.5228
2	5.7	79712	852	54	0
1	5.75	2866806	2155	116	4.47375
2	5.75	80684	861	54	0
1	5.8	2901932	2181	110	4.63665
2	5.8	81711	871	52	0
1	5.85	2935592	2207	107	4.58815
2	5.85	82847	882	52	0
1	5.9	2966152	2230	107	4.54207
2	5.9	83874	892	53	0
1	5.95	2998235	2254	110	4.49554
2	5.95	84901	902	53	0
1	6	3028862	2278	113	4.65292
2	6	85928	912	54	0
1	6.05	3060945	2302	118	4.60562
2	6.05	86950	922	54	0
1	6.1	3096123	2329	112	4.56045
2	6.1	87977	932	50	0
1	6.15	3129722	2354	106	4.51492
2	6.15	89118	943	50	0
1	6.2	3161810	2378	109	4.66564
2	6.2	90145	953	54	0
1	6.25	3196989	2405	109	4.62071
2	6.25	91167	963	54	0
1	6.3	3233692	2433	101	4.57736
2	6.3	92308	974	52	0
1	6.35	3270386	2461	95	4.53329
2	6.35	93563	986	52	0
1	6.4	3303988	2486	98	4.67751
2	6.4	94759	998	52	0
1	6.45	3336076	2510	104	4.63538
2	6.45	95786	1008	52	0
1	6.5	3369736	2536	111	4.59312
2	6.5	96753	1017	54	0
1	6.55	3406435	2564	109	4.55008
2	6.55	97949	1029	54	0
1	6.6	3441614	2591	97	4.69088
2	6.6	99204	1041	50	0
1	6.65	3475216	2616	100	4.64862
2	6.65	100349	1052	50	0
1	6.7	3510400	2643	102	4.60733
2	6.7	101376	1062	52	0
1	6.75	3547036	2670	104	4.74259
2	6.75	102512	1073	52	0
1	6.8	3580701	2696	105	4.70091
2	6.8	103653	1084	51	0
1	6.85	3612784	2720	104	4.66064
2	6.85	104794	1095	51	0
1	6.9	3646444	2746	111	4.62078
2	6.9	105821	1105	50	0
1	6.95	3680042	2771	118	4.75064
2	6.95	106848	1115	50	0
1	7	3712188	2796	118	4.71134
2	7	107984	1126	50	0
1	7.05	3745790	2821	115	4.67084
2	7.05	109011	1136	50	0
1	7.1	3779450	2847	119	4.63202
2	7.1	110038	1146	51	0
1	7.15	3813053	2872	112	4.75875
2	7.15	111065	1156	51	0
1	7.2	3848232	2899	107	4.7201
2	7.2	112201	1167	52	0
1	7.25	3884872	2926	105	4.68139
2	7.25	113342	1178	52	0
1	7.3	3917018	2951	107	4.64419
2	7.3	114483	1189	53	0
1	7.35	3949097	2975	109	4.76697
2	7.35	115510	1199	53	0
1	7.4	3982757	3001	116	4.72965
2	7.4	116651	1210	51	0
1	7.45	4016364	3026	113	4.69138
2	7.45	117673	1220	51	0
1	7.5	4048447	3050	117	4.65569
2	7.5	118700	1230	53	0
1	7.55	4082105	3076	119	4.77443
2	7.55	119727	1240	53	0
1	7.6	4117287	3103	113	4.73797
2	7.6	120868	1251	50	0
1	7.65	4150889	3128	108	4.70137
2	7.65	122059	1263	50	0
1	7.7	4182972	3152	117	4.66521
2	7.7	123031	1272	54	0
1	7.75	4216632	3178	122	4.78019
2	7.75	124058	1282	54	0
1	7.8	4254850	3207	108	4.74463
2	7.8	125199	1293	51	0
1	7.85	4289971	3233	105	4.71075
2	7.85	126509	1306	51	0
1	7.9	4323648	3259	107	4.67569
2	7.9	127531	1316	52	0
1	7.95	4357250	3284	115	4.78672
2	7.95	128672	1327	52	0
1	8	4387868	3308	122	4.75173
2	8	129699	1337	54	0
1	8.05	4418432	3331	125	4.71834
2	8.05	130726	1347	54	0
1	8.1	4456654	3360	113	4.82697
2	8.1	131748	1357	50	0.143092
1	8.15	4493294	3387	107	4.79256
2	8.15	133003	1369	50	0.142072
1	8.2	4526955	3413	108	4.75979
2	8.2	134030	1379	53	0.141123
1	8.25	4563653	3441	111	4.72679
2	8.25	135171	1390	53	0.140116
1	8.3	4595736	3465	114	4.83252
2	8.3	136312	1401	52	0.139161
1	8.35	4627824	3489	114	4.79832
2	8.35	137448	1412	52	0.138136
1	8.4	4661480	3515	122	4.7655
2	8.4	138361	1421	54	0.137259
1	8.45	4696659	3542	121	4.7334
2	8.45	139502	1432	54	0.136219
1	8.5	4733304	3569	110	4.83605
2	8.5	140643	1443	53	0.135319
1	8.55	4770002	3597	107	4.8033
2	8.55	141779	1454	53	0.134447
1	8.6	4800567	3620	110	4.77253
2	8.6	142975	1466	53	0.133538
1	8.65	4832708	3645	120	4.74015
2	8.65	144002	1476	53	0.132614
1	8.7	4867829	3671	119	4.83997
2	8.7	144974	1485	54	0.131781
1	8.75	4903013	3698	116	4.80953
2	8.75	146170	1497	54	0.130865
1	8.8	4941226	3727	109	4.77812
2	8.8	147306	1508	52	0.130109
1	8.85	4977929	3755	105	4.7472
2	8.85	148561	1520	52	0.129225
1	8.9	5010012	3779	108	4.84465
2	8.9	149702	1531	51	0.128404
1	8.95	5042095	3803	118	4.8132
2	8.95	150843	1542	51	0.127522
1	9	5074232	3828	126	4.78312
2	9	151756	1551	53	0.126779
1	9.05	5107839	3853	131	4.75342
2	9.05	152778	1561	53	0.125978
1	9.1	5141499	3879	123	4.84795
2	9.1	153919	1572	53	0.125159
1	9.15	5173582	3903	119	4.81913
2	9.15	154946	1582	53	0.124412
1	9.2	5208763	3930	123	4.78916
2	9.2	156087	1593	53	0.123601
1	9.25	5243883	3956	121	4.88175
2	9.25	157109	1603	53	0.122897
1	9.3	5280586	3984	112	4.85156
2	9.3	158250	1614	52	0.122155
1	9.35	5315765	4011	115	4.82247
2	9.35	159505	1626	52	0.121334
1	9.4	5347846	4035	119	4.79406
2	9.4	160587	1637	51	0.120623
1	9.45	5379927	4059	121	4.8843
2	9.45	161728	1648	51	0.119881
1	9.5	5412073	4084	127	4.85517
2	9.5	162695	1657	52	0.119177
1	9.55	5444156	4108	132	4.82703
2	9.55	163722	1667	52	0.118466
1	9.6	5476239	4132	130	4.79932
2	9.6	164749	1677	52	0.11781
1	9.65	5509895	4158	130	4.88696
2	9.65	165776	1687	52	0.117133
1	9.7	5546598	4186	127	4.85832
2	9.7	166912	1698	51	0.116414
1	9.75	5552328	4198	51	4.83728
2	9.75	168053	1709	51	0.115729
1	9.8	5552560	4202	53	4.80509
2	9.8	168799	1716	53	0.115195
1	9.85	5553119	4209	53	4.77968
2	9.85	169373	1721	53	0.114444
1	9.9	5553463	4213	54	4.75375
2	9.9	169693	1724	54	0.114156
1	9.95	5553807	4217	54	4.73658
2	9.95	169693	1724	54	0.114156
1	10	5553807	4217	54	4.73658
2	10	169693	1724	54	0.114156
1	10.05	5553807	4217	54	4.73658
2	10.05	169693	1724	54	0.114156
1	10.1	5553807	4217	54	4.73658
2	10.1	169693	1724	54	0.114156
1	10.15	5553807	4217	54	4.73658
2	10.15	169693	1724	54	0.114156
1	10.2	5553807	4217	54	4.73658
2	10.2	169693	1724	54	0.114156
1	10.25	5553807	4217	54	4.73658
2	10.25	169693	1724	54	0.114156
1	10.3	5553807	4217	54	4.73658
2	10.3	169693	1724	54	0.114156
1	10.35	5553807	4217	54	4.73658
2	10.35	169693	1724	54	0.114156
1	10.4	5553807	4217	54	4.73658
2	10.4	169693	1724	54	0.114156
1	10.45	5553807	4217	54	4.73658
2	10.45	169693	1724	54	0.114156
1	10.5	5553807	4217	54	4.73658
2	10.5	169693	1724	54	0.114156
1	10.55	5553807	4217	54	4.73658
2	10.55	169693	1724	54	0.114156
1	10.6	5553807	4217	54	4.73658
2	10.6	169693	1724	54	0.114156
1	10.65	5553807	4217	54	4.73658
2	10.65	169693	1724	54	0.114156
1	10.7	5553807	4217	54	4.73658
2	10.7	169693	1724	54	0.114156
1	10.75	5553807	4217	54	4.73658
2	10.75	169693	1724	54	0.114156
1	10.8	5553807	4217	54	4.73658
2	10.8	169693	1724	54	0.114156
1	10.85	5553807	4217	54	4.73658
2	10.85	169693	1724	54	0.114156
1	10.9	5553807	4217	54	4.73658
2	10.9	169693	1724	54	0.114156
1	10.95	5553807	4217	54	4.73658
2	10.95	169693	1724	54	0.114156
1	11	5553807	4217	54	4.73658
2	11	169693	1724	54	0.114156
1	11.05	5553807	4217	54	4.73658
2	11.05	169693	1724	54	0.114156
1	11.1	5553807	4217	54	4.73658
2	11.1	169693	1724	54	0.114156
1	11.15	5553807	4217	54	4.73658
2	11.15	169693	1724	54	0.114156
1	11.2	5553807	4217	54	4.73658
2	11.2	169693	1724	54	0.114156
1	11.25	5553807	4217	54	4.73658
2	11.25	169693	1724	54	0.114156
1	11.3	5553807	4217	54	4.73658
2	11.3	169693	1724	54	0.114156
1	11.35	5553807	4217	54	4.73658
2	11.35	169693	1724	54	0.114156
1	11.4	5553807	4217	54	4.73658
2	11.4	169693	1724	54	0.114156
1	11.45	5553807	4217	54	4.73658
2	11.45	169693	1724	54	0.114156
1	11.5	5553807	4217	54	4.73658
2	11.5	169693	1724	54	0.114156
1	11.55	5553807	4217	54	4.73658
2	11.55	169693	1724	54	0.114156
1	11.6	5553807	4217	54	4.73658
2	11.6	169693	1724	54	0.114156
1	11.65	5553807	4217	54	4.73658
2	11.65	169693	1724	54	0.114156
1	11.7	5553807	4217	54	4.73658
2	11.7	169693	1724	54	0.114156
1	11.75	5553807	4217	54	4.73658
2	11.75	169693	1724	54	0.114156
1	11.8	5553807	4217	54	4.73658
2	11.8	169693	1724	54	0.114156
1	11.85	5553807	4217	54	4.73658
2	11.85	169693	1724	54	0.114156
1	11.9	5553807	4217	54	4.73658
2	11.9	169693	1724	54	0.114156
1	11.95	5553807	4217	54	4.73658
2	11.95	169693	1724	54	0.114156
1	12	5553807	4217	54	4.73658
2	12	169693	1724	54	0.114156
1	12.05	5553807	4217	54	4.73658
2	12.05	169693	1724	54	0.114156
1	12.1	5553807	4217	54	4.73658
2	12.1	169693	1724	54	0.114156
1	12.15	5553807	4217	54	4.73658
2	12.15	169693	1724	54	0.114156
1	12.2	5553807	4217	54	4.73658
2	12.2	169693	1724	54	0.114156
1	12.25	5553807	4217	54	4.73658
2	12.25	169693	1724	54	0.114156
1	12.3	5553807	4217	54	4.73658
2	12.3	169693	1724	54	0.114156
1	12.35	5553807	4217	54	4.73658
2	12.35	169693	1724	54	0.114156
1	12.4	5553807	4217	54	4.73658
2	12.4	169693	1724	54	0.114156
1	12.45	5553807	4217	54	4.73658
2	12.45	169693	1724	54	0.114156
1	12.5	5553807	4217	54	4.73658
2	12.5	169693	1724	54	0.114156
1	12.55	5553807	4217	54	4.73658
2	12.55	169693	1724	54	0.114156
1	12.6	5553807	4217	54	4.73658
2	12.6	169693	1724	54	0.114156
1	12.65	5553807	4217	54	4.73658
2	12.65	169693	1724	54	0.114156
1	12.7	5553807	4217	54	4.73658
2	12.7	169693	1724	54	0.114156
1	12.75	5553807	4217	54	4.73658
2	12.75	169693	1724	54	0.114156
1	12.8	5553807	4217	54	4.73658
2	12.8	169693	1724	54	0.114156
1	12.85	5553807	4217	54	4.73658
2	12.85	169693	1724	54	0.114156
1	12.9	5553807	4217	54	4.73658
2	12.9	169693	1724	54	0.114156
1	12.95	5553807	4217	54	4.73658
2	12.95	169693	1724	54	0.114156
1	13	5553807	4217	54	4.73658
2	13	169693	1724	54	0.114156
1	13.05	5553807	4217	54	4.73658
2	13.05	169693	1724	54	0.114156
1	13.1	5553807	4217	54	4.73658
2	13.1	169693	1724	54	0.114156
1	13.15	5553807	4217	54	4.73658
2	13.15	169693	1724	54	0.114156
1	13.2	5553807	4217	54	4.73658
2	13.2	169693	1724	54	0.114156
1	13.25	5553807	4217	54	4.73658
2	13.25	169693	1724	54	0.114156
1	13.3	5553807	4217	54	4.73658
2	13.3	169693	1724	54	0.114156
1	13.35	5553807	4217	54	4.73658
2	13.35	169693	1724	54	0.114156
1	13.4	5553807	4217	54	4.73658
2	13.4	169693	1724	54	0.114156
1	13.45	5553807	4217	54	4.73658
2	13.45	169693	1724	54	0.114156
1	13.5	5553807	4217	54	4.73658
2	13.5	169693	1724	54	0.114156
1	13.55	5553807	4217	54	4.73658
2	13.55	169693	1724	54	0.114156
1	13.6	5553807	4217	54	4.73658
2	13.6	169693	1724	54	0.114156
1	13.65	5553807	4217	54	4.73658
2	13.65	169693	1724	54	0.114156
1	13.7	5553807	4217	54	4.73658
2	13.7	169693	1724	54	0.114156
1	13.75	5553807	4217	54	4.73658
2	13.75	169693	1724	54	0.114156
1	13.8	5553807	4217	54	4.73658
2	13.8	169693	1724	54	0.114156
1	13.85	5553807	4217	54	4.73658
2	13.85	169693	1724	54	0.114156
1	13.9	5553807	4217	54	4.73658
2	13.9	169693	1724	54	0.114156
1	13.95	5553807	4217	54	4.73658
2	13.95	169693	1724	54	0.114156
1	14	5553807	4217	54	4.73658
2	14	169693	1724	54	0.114156
1	14.05	5553807	4217	54	4.73658
2	14.05	169693	1724	54	0.114156
1	14.1	5553807	4217	54	4.73658
2	14.1	169693	1724	54	0.114156
1	14.15	5553807	4217	54	4.73658
2	14.15	169693	1724	54	0.114156
1	14.2	5553807	4217	54	4.73658
2	14.2	169693	1724	54	0.114156
1	14.25	5553807	4217	54	4.73658
2	14.25	169693	1724	54	0.114156
1	14.3	5553807	4217	54	4.73658
2	14.3	169693	1724	54	0.114156
1	14.35	5553807	4217	54	4.73658
2	14.35	169693	1724	54	0.114156
1	14.4	5553807	4217	54	4.73658
2	14.4	169693	1724	54	0.114156
1	14.45	5553807	4217	54	4.73658
2	14.45	169693	1724	54	0.114156
1	14.5	5553807	4217	54	4.73658
2	14.5	169693	1724	54	0.114156
1	14.55	5553807	4217	54	4.73658
2	14.55	169693	1724	54	0.114156
1	14.6	5553807	4217	54	4.73658
2	14.6	169693	1724	54	0.114156
1	14.65	5553807	4217	54	4.73658
2	14.65	169693	1724	54	0.114156
1	14.7	5553807	4217	54	4.73658
2	14.7	169693	1724	54	0.114156
1	14.75	5553807	4217	54	4.73658
2	14.75	169693	1724	54	0.114156
1	14.8	5553807	4217	54	4.73658
2	14.8	169693	1724	54	0.114156
1	14.85	5553807	4217	54	4.73658
2	14.85	169693	1724	54	0.114156
1	14.9	5553807	4217	54	4.73658
2	14.9	169693	1724	54	0.114156
1	14.95	5553807	4217	54	4.73658
2	14.95	169693	1724	54	0.114156
1	15	5553807	4217	54	4.73658
2	15	169693	1724	54	0.114156
1	15.05	5553807	4217	54	4.73658
2	15.05	169693	1724	54	0.114156
1	15.1	5553807	4217	54	4.73658
2	15.1	169693	1724	54	0.114156
1	15.15	5553807	4217	54	4.73658
2	15.15	169693	1724	54	0.114156
1	15.2	5553807	4217	54	4.73658
2	15.2	169693	1724	54	0.114156
1	15.25	5553807	4217	54	4.73658
2	15.25	169693	1724	54	0.114156
1	15.3	5553807	4217	54	4.73658
2	15.3	169693	1724	54	0.114156
1	15.35	5553807	4217	54	4.73658
2	15.35	169693	1724	54	0.114156
1	15.4	5553807	4217	54	4.73658
2	15.4	169693	1724	54	0.114156
1	15.45	5553807	4217	54	4.73658
2	15.45	169693	1724	54	0.114156
1	15.5	5553807	4217	54	4.73658
2	15.5	169693	1724	54	0.114156
1	15.55	5553807	4217	54	4.73658
2	15.55	169693	1724	54	0.114156
1	15.6	5553807	4217	54	4.73658
2	15.6	169693	1724	54	0.114156
1	15.65	5553807	4217	54	4.73658
2	15.65	169693	1724	54	0.114156
1	15.7	5553807	4217	54	4.73658
2	15.7	169693	1724	54	0.114156
1	15.75	5553807	4217	54	4.73658
2	15.75	169693	1724	54	0.114156
1	15.8	5553807	4217	54	4.73658
2	15.8	169693	1724	54	0.114156
1	15.85	5553807	4217	54	4.73658
2	15.85	169693	1724	54	0.114156
1	15.9	5553807	4217	54	4.73658
2	15.9	169693	1724	54	0.114156
1	15.95	5553807	4217	54	4.73658
2	15.95	169693	1724	54	0.114156
1	16	5553807	4217	54	4.73658
2	16	169693	1724	54	0.114156
1	16.05	5553807	4217	54	4.73658
2	16.05	169693	1724	54	0.114156
1	16.1	5553807	4217	54	4.73658
2	16.1	169693	1724	54	0.114156
1	16.15	5553807	4217	54	4.73658
2	16.15	169693	1724	54	0.114156
1	16.2	5553807	4217	54	4.73658
2	16.2	169693	1724	54	0.114156
1	16.25	5553807	4217	54	4.73658
2	16.25	169693	1724	54	0.114156
1	16.3	5553807	4217	54	4.73658
2	16.3	169693	1724	54	0.114156
1	16.35	5553807	4217	54	4.73658
2	16.35	169693	1724	54	0.114156
1	16.4	5553807	4217	54	4.73658
2	16.4	169693	1724	54	0.114156
1	16.45	5553807	4217	54	4.73658
2	16.45	169693	1724	54	0.114156
1	16.5	5553807	4217	54	4.73658
2	16.5	169693	1724	54	0.114156
1	16.55	5553807	4217	54	4.73658
2	16.55	169693	1724	54	0.114156
1	16.6	5553807	4217	54	4.73658
2	16.6	169693	1724	54	0.114156
1	16.65	5553807	4217	54	4.73658
2	16.65	169693	1724	54	0.114156
1	16.7	5553807	4217	54	4.73658
2	16.7	169693	1724	54	0.114156
1	16.75	5553807	4217	54	4.73658
2	16.75	169693	1724	54	0.114156
1	16.8	5553807	4217	54	4.73658
2	16.8	169693	1724	54	0.114156
1	16.85	5553807	4217	54	4.73658
2	16.85	169693	1724	54	0.114156
1	16.9	5553807	4217	54	4.73658
2	16.9	169693	1724	54	0.114156
1	16.95	5553807	4217	54	4.73658
2	16.95	169693	1724	54	0.114156
1	17	5553807	4217	54	4.73658
2	17	169693	1724	54	0.114156
1	17.05	5553807	4217	54	4.73658
2	17.05	169693	1724	54	0.114156
1	17.1	5553807	4217	54	4.73658
2	17.1	169693	1724	54	0.114156
1	17.15	5553807	4217	54	4.73658
2	17.15	169693	1724	54	0.114156
1	17.2	5553807	4217	54	4.73658
2	17.2	169693	1724	54	0.114156
1	17.25	5553807	4217	54	4.73658
2	17.25	169693	1724	54	0.114156
1	17.3	5553807	4217	54	4.73658
2	17.3	169693	1724	54	0.114156
1	17.35	5553807	4217	54	4.73658
2	17.35	169693	1724	54	0.114156
1	17.4	5553807	4217	54	4.73658
2	17.4	169693	1724	54	0.114156
1	17.45	5553807	4217	54	4.73658
2	17.45	169693	1724	54	0.114156
1	17.5	5553807	4217	54	4.73658
2	17.5	169693	1724	54	0.114156
1	17.55	5553807	4217	54	4.73658
2	17.55	169693	1724	54	0.114156
1	17.6	5553807	4217	54	4.73658
2	17.6	169693	1724	54	0.114156
1	17.65	5553807	4217	54	4.73658
2	17.65	169693	1724	54	0.114156
1	17.7	5553807	4217	54	4.73658
2	17.7	169693	1724	54	0.114156
1	17.75	5553807	4217	54	4.73658
2	17.75	169693	1724	54	0.114156
1	17.8	5553807	4217	54	4.73658
2	17.8	169693	1724	54	0.114156
1	17.85	5553807	4217	54	4.73658
2	17.85	169693	1724	54	0.114156
1	17.9	5553807	4217	54	4.73658
2	17.9	169693	1724	54	0.114156
1	17.95	5553807	4217	54	4.73658
2	17.95	169693	1724	54	0.114156
1	18	5553807	4217	54	4.73658
2	18	169693	1724	54	0.114156
1	18.05	5553807	4217	54	4.73658
2	18.05	169693	1724	54	0.114156
1	18.1	5553807	4217	54	4.73658
2	18.1	169693	1724	54	0.114156
1	18.15	5553807	4217	54	4.73658
2	18.15	169693	1724	54	0.114156
1	18.2	5553807	4217	54	4.73658
2	18.2	169693	1724	54	0.114156
1	18.25	5553807	4217	54	4.73658
2	18.25	169693	1724	54	0.114156
1	18.3	5553807	4217	54	4.73658
2	18.3	169693	1724	54	0.114156
1	18.35	5553807	4217	54	4.73658
2	18.35	169693	1724	54	0.114156
1	18.4	5553807	4217	54	4.73658
2	18.4	169693	1724	54	0.114156
1	18.45	5553807	4217	54	4.73658
2	18.45	169693	1724	54	0.114156
1	18.5	5553807	4217	54	4.73658
2	18.5	169693	1724	54	0.114156
1	18.55	5553807	4217	54	4.73658
2	18.55	169693	1724	54	0.114156
1	18.6	5553807	4217	54	4.73658
2	18.6	169693	1724	54	0.114156
1	18.65	5553807	4217	54	4.73658
2	18.65	169693	1724	54	0.114156
1	18.7	5553807	4217	54	4.73658
2	18.7	169693	1724	54	0.114156
1	18.75	5553807	4217	54	4.73658
2	18.75	169693	1724	54	0.114156
1	18.8	5553807	4217	54	4.73658
2	18.8	169693	1724	54	0.114156
1	18.85	5553807	4217	54	4.73658
2	18.85	169693	1724	54	0.114156
1	18.9	5553807	4217	54	4.73658
2	18.9	169693	1724	54	0.114156
1	18.95	5553807	4217	54	4.73658
2	18.95	169693	1724	54	0.114156
1	19	5553807	4217	54	4.73658
2	19	169693	1724	54	0.114156
1	19.05	5553807	4217	54	4.73658
2	19.05	169693	1724	54	0.114156
1	19.1	5553807	4217	54	4.73658
2	19.1	169693	1724	54	0.114156
1	19.15	5553807	4217	54	4.73658
2	19.15	169693	1724	54	0.114156
1	19.2	5553807	4217	54	4.73658
2	19.2	169693	1724	54	0.114156
1	19.25	5553807	4217	54	4.73658
2	19.25	169693	1724	54	0.114156
1	19.3	5553807	4217	54	4.73658
2	19.3	169693	1724	54	0.114156
1	19.35	5553807	4217	54	4.73658
2	19.35	169693	1724	54	0.114156
1	19.4	5553807	4217	54	4.73658
2	19.4	169693	1724	54	0.114156
1	19.45	5553807	4217	54	4.73658
2	19.45	169693	1724	54	0.114156
1	19.5	5553807	4217	54	4.73658
2	19.5	169693	1724	54	0.114156
1	19.55	5553807	4217	54	4.73658
2	19.55	169693	1724	54	0.114156
1	19.6	5553807	4217	54	4.73658
2	19.6	169693	1724	54	0.114156
1	19.65	5553807	4217	54	4.73658
2	19.65	169693	1724	54	0.114156
1	19.7	5553807	4217	54	4.73658
2	19.7	169693	1724	54	0.114156
1	19.75	5553807	4217	54	4.73658
2	19.75	169693	1724	54	0.114156
1	19.8	5553807	4217	54	4.73658
2	19.8	169693	1724	54	0.114156
1	19.85	5553807	4217	54	4.73658
2	19.85	169693	1724	54	0.114156
1	19.9	5553807	4217	54	4.73658
2	19.9	169693	1724	54	0.114156
1	19.95	5553807	4217	54	4.73658
2	19.95	169693	1724	54	0.114156
1	20	5553807	4217	54	4.73658
2	20	169693	1724	54	0.114156
1	20.05	5553807	4217	54	4.73658
2	20.05	169693	1724	54	0.114156
1	20.1	5553807	4217	54	4.73658
2	20.1	169693	1724	54	0.114156
1	20.15	5553807	4217	54	4.73658
2	20.15	169693	1724	54	0.114156
1	20.2	5553807	4217	54	4.73658
2	20.2	169693	1724	54	0.114156
1	20.25	5553807	4217	54	4.73658
2	20.25	169693	1724	54	0.114156
1	20.3	5553807	4217	54	4.73658
2	20.3	169693	1724	54	0.114156
1	20.35	5553807	4217	54	4.73658
2	20.35	169693	1724	54	0.114156
1	20.4	5553807	4217	54	4.73658
2	20.4	169693	1724	54	0.114156
1	20.45	5553807	4217	54	4.73658
2	20.45	169693	1724	54	0.114156
1	20.5	5553807	4217	54	4.73658
2	20.5	169693	1724	54	0.114156
1	20.55	5553807	4217	54	4.73658
2	20.55	169693	1724	54	0.114156
1	20.6	5553807	4217	54	4.73658
2	20.6	169693	1724	54	0.114156
1	20.65	5553807	4217	54	4.73658
2	20.65	169693	1724	54	0.114156
1	20.7	5553807	4217	54	4.73658
2	20.7	169693	1724	54	0.114156
1	20.75	5553807	4217	54	4.73658
2	20.75	169693	1724	54	0.114156
1	20.8	5553807	4217	54	4.73658
2	20.8	169693	1724	54	0.114156
1	20.85	5553807	4217	54	4.73658
2	20.85	169693	1724	54	0.114156
1	20.9	5553807	4217	54	4.73658
2	20.9	169693	1724	54	0.114156
1	20.95	5553807	4217	54	4.73658
2	20.95	169693	1724	54	0.114156
1	21	5553807	4217	54	4.73658
2	21	169693	1724	54	0.114156
1	21.05	5553807	4217	54	4.73658
2	21.05	169693	1724	54	0.114156
1	21.1	5553807	4217	54	4.73658
2	21.1	169693	1724	54	0.114156
1	21.15	5553807	4217	54	4.73658
2	21.15	169693	1724	54	0.114156
1	21.2	5553807	4217	54	4.73658
2	21.2	169693	1724	54	0.114156
1	21.25	5553807	4217	54	4.73658
2	21.25	169693	1724	54	0.114156
1	21.3	5553807	4217	54	4.73658
2	21.3	169693	1724	54	0.114156
1	21.35	5553807	4217	54	4.73658
2	21.35	169693	1724	54	0.114156
1	21.4	5553807	4217	54	4.73658
2	21.4	169693	1724	54	0.114156
1	21.45	5553807	4217	54	4.73658
2	21.45	169693	1724	54	0.114156
1	21.5	5553807	4217	54	4.73658
2	21.5	169693	1724	54	0.114156
1	21.55	5553807	4217	54	4.73658
2	21.55	169693	1724	54	0.114156
1	21.6	5553807	4217	54	4.73658
2	21.6	169693	1724	54	0.114156
1	21.65	5553807	4217	54	4.73658
2	21.65	169693	1724	54	0.114156
1	21.7	5553807	4217	54	4.73658
2	21.7	169693	1724	54	0.114156
1	21.75	5553807	4217	54	4.73658
2	21.75	169693	1724	54	0.114156
1	21.8	5553807	4217	54	4.73658
2	21.8	169693	1724	54	0.114156
1	21.85	5553807	4217	54	4.73658
2	21.85	169693	1724	54	0.114156
1	21.9	5553807	4217	54	4.73658
2	21.9	169693	1724	54	0.114156
1	21.95	5553807	4217	54	4.73658
2	21.95	169693	1724	54	0.114156
1	22	5553807	4217	54	4.73658
2	22	169693	1724	54	0.114156
1	22.05	5553807	4217	54	4.73658
2	22.05	169693	1724	54	0.114156
1	22.1	5553807	4217	54	4.73658
2	22.1	169693	1724	54	0.114156
1	22.15	5553807	4217	54	4.73658
2	22.15	169693	1724	54	0.114156
1	22.2	5553807	4217	54	4.73658
2	22.2	169693	1724	54	0.114156
1	22.25	5553807	4217	54	4.73658
2	22.25	169693	1724	54	0.114156
1	22.3	5553807	4217	54	4.73658
2	22.3	169693	1724	54	0.114156
1	22.35	5553807	4217	54	4.73658
2	22.35	169693	1724	54	0.114156
1	22.4	5553807	4217	54	4.73658
2	22.4	169693	1724	54	0.114156
1	22.45	5553807	4217	54	4.73658
2	22.45	169693	1724	54	0.114156
1	22.5	5553807	4217	54	4.73658
2	22.5	169693	1724	54	0.114156
1	22.55	5553807	4217	54	4.73658
2	22.55	169693	1724	54	0.114156
1	22.6	5553807	4217	54	4.73658
2	22.6	169693	1724	54	0.114156
1	22.65	5553807	4217	54	4.73658
2	22.65	169693	1724	54	0.114156
1	22.7	5553807	4217	54	4.73658
2	22.7	169693	1724	54	0.114156
1	22.75	5553807	4217	54	4.73658
2	22.75	169693	1724	54	0.114156
1	22.8	5553807	4217	54	4.73658
2	22.8	169693	1724	54	0.114156
1	22.85	5553807	4217	54	4.73658
2	22.85	169693	1724	54	0.114156
1	22.9	5553807	4217	54	4.73658
2	22.9	169693	1724	54	0.114156
1	22.95	5553807	4217	54	4.73658
2	22.95	169693	1724	54	0.114156
1	23	5553807	4217	54	4.73658
2	23	169693	1724	54	0.114156
1	23.05	5553807	4217	54	4.73658
2	23.05	169693	1724	54	0.114156
1	23.1	5553807	4217	54	4.73658
2	23.1	169693	1724	54	0.114156
1	23.15	5553807	4217	54	4.73658
2	23.15	169693	1724	54	0.114156
1	23.2	5553807	4217	54	4.73658
2	23.2	169693	1724	54	0.114156
1	23.25	5553807	4217	54	4.73658
2	23.25	169693	1724	54	0.114156
1	23.3	5553807	4217	54	4.73658
2	23.3	169693	1724	54	0.114156
1	23.35	5553807	4217	54	4.73658
2	23.35	169693	1724	54	0.114156
1	23.4	5553807	4217	54	4.73658
2	23.4	169693	1724	54	0.114156
1	23.45	5553807	4217	54	4.73658
2	23.45	169693	1724	54	0.114156
1	23.5	5553807	4217	54	4.73658
2	23.5	169693	1724	54	0.114156
1	23.55	5553807	4217	54	4.73658
2	23.55	169693	1724	54	0.114156
1	23.6	5553807	4217	54	4.73658
2	23.6	169693	1724	54	0.114156
1	23.65	5553807	4217	54	4.73658
2	23.65	169693	1724	54	0.114156
1	23.7	5553807	4217	54	4.73658
2	23.7	169693	1724	54	0.114156
1	23.75	5553807	4217	54	4.73658
2	23.75	169693	1724	54	0.114156
1	23.8	5553807	4217	54	4.73658
2	23.8	169693	1724	54	0.114156
1	23.85	5553807	4217	54	4.73658
2	23.85	169693	1724	54	0.114156
1	23.9	5553807	4217	54	4.73658
2	23.9	169693	1724	54	0.114156
1	23.95	5553807	4217	54	4.73658
2	23.95	169693	1724	54	0.114156
1	24	5553807	4217	54	4.73658
2	24	169693	1724	54	0.114156
1	24.05	5553807	4217	54	4.73658
2	24.05	169693	1724	54	0.114156
1	24.1	5553807	4217	54	4.73658
2	24.1	169693	1724	54	0.114156
1	24.15	5553807	4217	54	4.73658
2	24.15	169693	1724	54	0.114156
1	24.2	5553807	4217	54	4.73658
2	24.2	169693	1724	54	0.114156
1	24.25	5553807	4217	54	4.73658
2	24.25	169693	1724	54	0.114156
1	24.3	5553807	4217	54	4.73658
2	24.3	169693	1724	54	0.114156
1	24.35	5553807	4217	54	4.73658
2	24.35	169693	1724	54	0.114156
1	24.4	5553807	4217	54	4.73658
2	24.4	169693	1724	54	0.114156
1	24.45	5553807	4217	54	4.73658
2	24.45	169693	1724	54	0.114156
1	24.5	5553807	4217	54	4.73658
2	24.5	169693	1724	54	0.114156
1	24.55	5553807	4217	54	4.73658
2	24.55	169693	1724	54	0.114156
1	24.6	5553807	4217	54	4.73658
2	24.6	169693	1724	54	0.114156
1	24.65	5553807	4217	54	4.73658
2	24.65	169693	1724	54	0.114156
1	24.7	5553807	4217	54	4.73658
2	24.7	169693	1724	54	0.114156
1	24.75	5553807	4217	54	4.73658
2	24.75	169693	1724	54	0.114156
1	24.8	5553807	4217	54	4.73658
2	24.8	169693	1724	54	0.114156
1	24.85	5553807	4217	54	4.73658
2	24.85	169693	1724	54	0.114156
1	24.9	5553807	4217	54	4.73658
2	24.9	169693	1724	54	0.114156
1	24.95	5553807	4217	54	4.73658
2	24.95	169693	1724	54	0.114156
1	25	5553807	4217	54	4.73658
2	25	169693	1724	54	0.114156
1	25.05	5553807	4217	54	4.73658
2	25.05	169693	1724	54	0.114156
1	25.1	5553807	4217	54	4.73658
2	25.1	169693	1724	54	0.114156
1	25.15	5553807	4217	54	4.73658
2	25.15	169693	1724	54	0.114156
1	25.2	5553807	4217	54	4.73658
2	25.2	169693	1724	54	0.114156
1	25.25	5553807	4217	54	4.73658
2	25.25	169693	1724	54	0.114156
1	25.3	5553807	4217	54	4.73658
2	25.3	169693	1724	54	0.114156
1	25.35	5553807	4217	54	4.73658
2	25.35	169693	1724	54	0.114156
1	25.4	5553807	4217	54	4.73658
2	25.4	169693	1724	54	0.114156
1	25.45	5553807	4217	54	4.73658
2	25.45	169693	1724	54	0.114156
1	25.5	5553807	4217	54	4.73658
2	25.5	169693	1724	54	0.114156
1	25.55	5553807	4217	54	4.73658
2	25.55	169693	1724	54	0.114156
1	25.6	5553807	4217	54	4.73658
2	25.6	169693	1724	54	0.114156
1	25.65	5553807	4217	54	4.73658
2	25.65	169693	1724	54	0.114156
1	25.7	5553807	4217	54	4.73658
2	25.7	169693	1724	54	0.114156
1	25.75	5553807	4217	54	4.73658
2	25.75	169693	1724	54	0.114156
1	25.8	5553807	4217	54	4.73658
2	25.8	169693	1724	54	0.114156
1	25.85	5553807	4217	54	4.73658
2	25.85	169693	1724	54	0.114156
1	25.9	5553807	4217	54	4.73658
2	25.9	169693	1724	54	0.114156
1	25.95	5553807	4217	54	4.73658
2	25.95	169693	1724	54	0.114156
1	26	5553807	4217	54	4.73658
2	26	169693	1724	54	0.114156
1	26.05	5553807	4217	54	4.73658
2	26.05	169693	1724	54	0.114156
1	26.1	5553807	4217	54	4.73658
2	26.1	169693	1724	54	0.114156
1	26.15	5553807	4217	54	4.73658
2	26.15	169693	1724	54	0.114156
1	26.2	5553807	4217	54	4.73658
2	26.2	169693	1724	54	0.114156
1	26.25	5553807	4217	54	4.73658
2	26.25	169693	1724	54	0.114156
1	26.3	5553807	4217	54	4.73658
2	26.3	169693	1724	54	0.114156
1	26.35	5553807	4217	54	4.73658
2	26.35	169693	1724	54	0.114156
1	26.4	5553807	4217	54	4.73658
2	26.4	169693	1724	54	0.114156
1	26.45	5553807	4217	54	4.73658
2	26.45	169693	1724	54	0.114156
1	26.5	5553807	4217	54	4.73658
2	26.5	169693	1724	54	0.114156
1	26.55	5553807	4217	54	4.73658
2	26.55	169693	1724	54	0.114156
1	26.6	5553807	4217	54	4.73658
2	26.6	169693	1724	54	0.114156
1	26.65	5553807	4217	54	4.73658
2	26.65	169693	1724	54	0.114156
1	26.7	5553807	4217	54	4.73658
2	26.7	169693	1724	54	0.114156
1	26.75	5553807	4217	54	4.73658
2	26.75	169693	1724	54	0.114156
1	26.8	5553807	4217	54	4.73658
2	26.8	169693	1724	54	0.114156
1	26.85	5553807	4217	54	4.73658
2	26.85	169693	1724	54	0.114156
1	26.9	5553807	4217	54	4.73658
2	26.9	169693	1724	54	0.114156
1	26.95	5553807	4217	54	4.73658
2	26.95	169693	1724	54	0.114156
1	27	5553807	4217	54	4.73658
2	27	169693	1724	54	0.114156
1	27.05	5553807	4217	54	4.73658
2	27.05	169693	1724	54	0.114156
1	27.1	5553807	4217	54	4.73658
2	27.1	169693	1724	54	0.114156
1	27.15	5553807	4217	54	4.73658
2	27.15	169693	1724	54	0.114156
1	27.2	5553807	4217	54	4.73658
2	27.2	169693	1724	54	0.114156
1	27.25	5553807	4217	54	4.73658
2	27.25	169693	1724	54	0.114156
1	27.3	5553807	4217	54	4.73658
2	27.3	169693	1724	54	0.114156
1	27.35	5553807	4217	54	4.73658
2	27.35	169693	1724	54	0.114156
1	27.4	5553807	4217	54	4.73658
2	27.4	169693	1724	54	0.114156
1	27.45	5553807	4217	54	4.73658
2	27.45	169693	1724	54	0.114156
1	27.5	5553807	4217	54	4.73658
2	27.5	169693	1724	54	0.114156
1	27.55	5553807	4217	54	4.73658
2	27.55	169693	1724	54	0.114156
1	27.6	5553807	4217	54	4.73658
2	27.6	169693	1724	54	0.114156
1	27.65	5553807	4217	54	4.73658
2	27.65	169693	1724	54	0.114156
1	27.7	5553807	4217	54	4.73658
2	27.7	169693	1724	54	0.114156
1	27.75	5553807	4217	54	4.73658
2	27.75	169693	1724	54	0.114156
1	27.8	5553807	4217	54	4.73658
2	27.8	169693	1724	54	0.114156
1	27.85	5553807	4217	54	4.73658
2	27.85	169693	1724	54	0.114156
1	27.9	5553807	4217	54	4.73658
2	27.9	169693	1724	54	0.114156
1	27.95	5553807	4217	54	4.73658
2	27.95	169693	1724	54	0.114156
1	28	5553807	4217	54	4.73658
2	28	169693	1724	54	0.114156
1	28.05	5553807	4217	54	4.73658
2	28.05	169693	1724	54	0.114156
1	28.1	5553807	4217	54	4.73658
2	28.1	169693	1724	54	0.114156
1	28.15	5553807	4217	54	4.73658
2	28.15	169693	1724	54	0.114156
1	28.2	5553807	4217	54	4.73658
2	28.2	169693	1724	54	0.114156
1	28.25	5553807	4217	54	4.73658
2	28.25	169693	1724	54	0.114156
1	28.3	5553807	4217	54	4.73658
2	28.3	169693	1724	54	0.114156
1	28.35	5553807	4217	54	4.73658
2	28.35	169693	1724	54	0.114156
1	28.4	5553807	4217	54	4.73658
2	28.4	169693	1724	54	0.114156
1	28.45	5553807	4217	54	4.73658
2	28.45	169693	1724	54	0.114156
1	28.5	5553807	4217	54	4.73658
2	28.5	169693	1724	54	0.114156
1	28.55	5553807	4217	54	4.73658
2	28.55	169693	1724	54	0.114156
1	28.6	5553807	4217	54	4.73658
2	28.6	169693	1724	54	0.114156
1	28.65	5553807	4217	54	4.73658
2	28.65	169693	1724	54	0.114156
1	28.7	5553807	4217	54	4.73658
2	28.7	169693	1724	54	0.114156
1	28.75	5553807	4217	54	4.73658
2	28.75	169693	1724	54	0.114156
1	28.8	5553807	4217	54	4.73658
2	28.8	169693	1724	54	0.114156
1	28.85	5553807	4217	54	4.73658
2	28.85	169693	1724	54	0.114156
1	28.9	5553807	4217	54	4.73658
2	28.9	169693	1724	54	0.114156
1	28.95	5553807	4217	54	4.73658
2	28.95	169693	1724	54	0.114156
1	29	5553807	4217	54	4.73658
2	29	169693	1724	54	0.114156
1	29.05	5553807	4217	54	4.73658
2	29.05	169693	1724	54	0.114156
1	29.1	5553807	4217	54	4.73658
2	29.1	169693	1724	54	0.114156
1	29.15	5553807	4217	54	4.73658
2	29.15	169693	1724	54	0.114156
1	29.2	5553807	4217	54	4.73658
2	29.2	169693	1724	54	0.114156
1	29.25	5553807	4217	54	4.73658
2	29.25	169693	1724	54	0.114156
1	29.3	5553807	4217	54	4.73658
2	29.3	169693	1724	54	0.114156
1	29.35	5553807	4217	54	4.73658
2	29.35	169693	1724	54	0.114156
1	29.4	5553807	4217	54	4.73658
2	29.4	169693	1724	54	0.114156
1	29.45	5553807	4217	54	4.73658
2	29.45	169693	1724	54	0.114156
1	29.5	5553807	4217	54	4.73658
2	29.5	169693	1724	54	0.114156
1	29.55	5553807	4217	54	4.73658
2	29.55	169693	1724	54	0.114156
1	29.6	5553807	4217	54	4.73658
2	29.6	169693	1724	54	0.114156
1	29.65	5553807	4217	54	4.73658
2	29.65	169693	1724	54	0.114156
1	29.7	5553807	4217	54	4.73658
2	29.7	169693	1724	54	0.114156
1	29.75	5553807	4217	54	4.73658
2	29.75	169693	1724	54	0.114156
1	29.8	5553807	4217	54	4.73658
2	29.8	169693	1724	54	0.114156
1	29.85	5553807	4217	54	4.73658
2	29.85	169693	1724	54	0.114156
1	29.9	5553807	4217	54	4.73658
2	29.9	169693	1724	54	0.114156
1	29.95	5553807	4217	54	4.73658
2	29.95	169693	1724	54	0.114156
