1	1.05	0	0	0	-nan
1	1.1	1260	1	52	-nan
2	1.1	0	0	0	-nan
1	1.15	1260	1	52	-nan
2	1.15	129	2	51	0
1	1.2	9838	7	54	0
2	1.2	129	2	51	0
1	1.25	9838	7	54	0
2	1.25	350	6	52	0
1	1.3	22026	16	55	0
2	1.3	408	7	51	0
1	1.35	22082	17	51	0
2	1.35	627	11	51	0
1	1.4	34222	25	62	0
2	1.4	797	14	51	0
1	1.45	46465	35	60	0
2	1.45	912	16	51	0
1	1.5	51082	39	58	0
2	1.5	1242	22	52	0
1	1.55	86021	63	82	0
2	1.55	1354	24	52	0
1	1.6	95233	71	67	0
2	1.6	1907	34	53	0
1	1.65	125673	93	81	0
2	1.65	2315	41	53	0
1	1.7	162118	118	101	1.54793
2	1.7	2765	49	52	0
1	1.75	197167	144	87	1.43805
2	1.75	3391	60	52	0
1	1.8	229130	167	113	1.33926
2	1.8	4017	71	52	0
1	1.85	259570	189	144	1.25613
2	1.85	4524	80	52	0
1	1.9	291467	211	172	2.36124
2	1.9	5036	89	53	0
1	1.95	318875	231	201	2.23347
2	1.95	5605	99	53	0
1	2	352304	254	228	2.1144
2	2	5963	105	52	0
1	2.05	384329	277	254	2.00918
2	2.05	6456	113	52	0
1	2.1	419397	302	273	2.86974
2	2.1	6949	121	52	0
1	2.15	451297	323	296	2.73806
2	2.15	7437	129	52	0
1	2.2	484841	347	318	2.61795
2	2.2	7881	136	53	0
1	2.25	518385	371	340	2.50963
2	2.25	8438	144	53	0
1	2.3	556491	398	365	3.20903
2	2.3	9064	153	50	0
1	2.35	591492	422	385	3.08626
2	2.35	9689	162	50	0
1	2.4	625767	458	159	2.97288
2	2.4	10177	169	52	0
1	2.45	660888	484	160	3.58403
2	2.45	11172	184	52	0
1	2.5	697533	511	160	3.45651
2	2.5	11906	195	52	0
1	2.55	732592	536	160	3.34297
2	2.55	12640	206	52	0
1	2.6	767834	564	159	3.23364
2	2.6	13305	216	53	0
1	2.65	803013	591	158	3.75943
2	2.65	14034	227	53	0
1	2.7	839716	619	156	3.64408
2	2.7	14891	240	52	0
1	2.75	874833	645	159	3.53814
2	2.75	15625	251	52	0
1	2.8	908493	671	158	3.43765
2	2.8	16295	261	54	0
1	2.85	945138	698	161	3.89528
2	2.85	17040	272	54	0
1	2.9	978798	724	159	3.79403
2	2.9	17780	283	51	0
1	2.95	1012459	750	165	3.69172
2	2.95	18529	294	51	0
1	3	1046061	775	161	3.59693
2	3	19274	305	50	0
1	3.05	1078144	799	170	4.00974
2	3.05	19949	315	50	0
1	3.1	1108766	823	185	3.90905
2	3.1	20624	325	53	0
1	3.15	1139326	846	185	3.81925
2	3.15	21224	334	53	0
1	3.2	1172991	872	184	3.72755
2	3.2	21887	343	52	0
1	3.25	1205074	896	183	4.09737
2	3.25	22496	351	52	0
1	3.3	1237157	920	180	4.00741
2	3.3	23203	360	50	0
1	3.35	1268091	949	67	3.92148
2	3.35	23827	368	50	0
1	3.4	1303209	975	61	3.8379
2	3.4	24589	378	52	0
1	3.45	1339912	1003	56	4.17308
2	3.45	25406	389	52	0
1	3.5	1371995	1027	57	4.08705
2	3.5	26223	400	51	0
1	3.55	1405655	1053	63	4.00748
2	3.55	26957	410	51	0
1	3.6	1437797	1078	58	3.92813
2	3.6	27774	421	50	0
1	3.65	1468361	1101	69	4.23863
2	3.65	28513	431	50	0
1	3.7	1501963	1126	73	4.15612
2	3.7	29174	440	53	0
1	3.75	1535565	1151	61	4.08181
2	3.75	29986	451	53	0
1	3.8	1570745	1178	54	4.00689
2	3.8	30803	462	52	0
1	3.85	1607443	1206	56	4.29052
2	3.85	31542	472	52	0
1	3.9	1642627	1233	55	4.21605
2	3.9	32437	484	51	0
1	3.95	1677748	1259	54	4.14367
2	3.95	33254	495	51	0
1	4	1712928	1286	61	4.41393
2	4	33988	505	51	0
1	4.05	1749626	1314	60	4.33837
2	4.05	34883	517	51	0
1	4.1	1784747	1340	60	4.26743
2	4.1	35677	528	52	0
1	4.15	1819931	1367	59	4.20012
2	4.15	36494	539	52	0
1	4.2	1855048	1393	58	4.45016
2	4.2	37311	550	52	0
1	4.25	1888713	1419	62	4.38205
2	4.25	38128	561	52	0
1	4.3	1920796	1443	70	4.31305
2	4.3	38940	572	53	0
1	4.35	1952937	1468	72	4.24696
2	4.35	39679	582	53	0
1	4.4	1988054	1494	69	4.48165
2	4.4	40418	592	51	0
1	4.45	2021719	1520	66	4.41563
2	4.45	41235	603	51	0
1	4.5	2053802	1544	68	4.3528
2	4.5	41969	613	53	0
1	4.55	2087462	1570	67	4.29145
2	4.55	42708	623	53	0
1	4.6	2122584	1596	65	4.51127
2	4.6	43525	634	53	0
1	4.65	2156244	1622	67	4.44971
2	4.65	44264	644	53	0
1	4.7	2191428	1649	58	4.38955
2	4.7	45159	656	51	0
1	4.75	2226549	1675	67	4.3287
2	4.75	45971	667	51	0
1	4.8	2260205	1701	65	4.53752
2	4.8	46710	677	54	0
1	4.85	2295331	1727	60	4.47864
2	4.85	47449	687	54	0
1	4.9	2328991	1753	62	4.42045
2	4.9	48266	698	53	0
1	4.95	2361074	1777	69	4.6214
2	4.95	49078	709	53	0
1	5	2397773	1805	67	4.56261
2	5	49817	719	52	0
1	5.05	2434471	1833	64	4.50504
2	5.05	50689	731	52	0
1	5.1	2468078	1858	64	4.44783
2	5.1	51506	742	54	0
1	5.15	2501738	1884	70	4.63799
2	5.15	52323	753	54	0
1	5.2	2536856	1910	64	4.58379
2	5.2	53057	763	52	0
1	5.25	2572039	1937	64	4.52879
2	5.25	53874	774	52	0
1	5.3	2607160	1963	69	4.47561
2	5.3	54769	786	51	0
1	5.35	2642344	1990	71	4.65526
2	5.35	55508	796	51	0
1	5.4	2674426	2014	77	4.60095
2	5.4	56325	807	53	0
1	5.45	2706564	2039	73	4.54978
2	5.45	57059	817	53	0
1	5.5	2740166	2064	73	4.49925
2	5.5	57876	828	51	0
1	5.55	2773831	2090	73	4.67012
2	5.55	58615	838	51	0
1	5.6	2804395	2113	83	4.61847
2	5.6	59354	848	53	0
1	5.65	2834955	2136	80	4.56986
2	5.65	60088	858	53	0
1	5.7	2870134	2163	75	4.51994
2	5.7	60827	868	52	0
1	5.75	2903741	2188	74	4.68569
2	5.75	61644	879	52	0
1	5.8	2937401	2214	72	4.63529
2	5.8	62383	889	51	0
1	5.85	2969480	2238	76	4.58709
2	5.85	63195	900	51	0
1	5.9	2998525	2260	86	4.54049
2	5.9	63856	909	54	0
1	5.95	3030608	2284	84	4.69731
2	5.95	64595	919	54	0
1	6	3065792	2311	76	4.65005
2	6	65334	929	52	0
1	6.05	3099391	2336	75	4.6044
2	6.05	66146	940	52	0
1	6.1	3134569	2363	74	4.55844
2	6.1	66885	950	52	0
1	6.15	3169753	2390	72	4.7097
2	6.15	67702	961	52	0
1	6.2	3203355	2415	77	4.6633
2	6.2	68519	972	52	0
1	6.25	3235496	2440	80	4.61959
2	6.25	69336	983	52	0
1	6.3	3270618	2466	80	4.57402
2	6.3	70070	993	51	0
1	6.35	3302701	2490	81	4.72133
2	6.35	70887	1004	51	0
1	6.4	3336361	2516	84	4.67686
2	6.4	71626	1014	53	0
1	6.45	3371545	2543	79	4.63331
2	6.45	72365	1024	53	0
1	6.5	3405143	2568	76	4.58964
2	6.5	73177	1035	54	0
1	6.55	3437226	2592	78	4.73123
2	6.55	73916	1045	54	0
1	6.6	3470891	2618	81	4.68837
2	6.6	74733	1056	52	0
1	6.65	3502974	2642	80	4.64646
2	6.65	75472	1066	52	0
1	6.7	3536630	2668	87	4.6044
2	6.7	76206	1076	53	0
1	6.75	3570232	2693	85	4.73969
2	6.75	76945	1086	53	0
1	6.8	3600801	2716	83	4.69998
2	6.8	77762	1097	53	0
1	6.85	3632884	2740	86	4.65873
2	6.85	78501	1107	53	0
1	6.9	3666540	2766	88	4.61906
2	6.9	79235	1117	50	0
1	6.95	3698681	2791	86	4.74924
2	6.95	80052	1128	50	0
1	7	3730769	2815	89	4.70883
2	7	80791	1138	50	0
1	7.05	3762852	2839	91	4.66909
2	7.05	81530	1148	50	0
1	7.1	3798031	2866	91	4.63075
2	7.1	82264	1158	50	0
1	7.15	3833211	2893	80	4.75721
2	7.15	83081	1169	50	0
1	7.2	3865294	2917	84	4.71937
2	7.2	83898	1180	51	0
1	7.25	3898896	2942	84	4.68102
2	7.25	84637	1190	51	0
1	7.3	3929460	2965	88	4.6429
2	7.3	85371	1200	54	0
1	7.35	3961597	2990	88	4.76441
2	7.35	86110	1210	54	0
1	7.4	3993685	3014	89	4.7271
2	7.4	86794	1219	53	0
1	7.45	4024249	3037	93	4.69139
2	7.45	87533	1229	53	0
1	7.5	4059428	3064	91	4.65331
2	7.5	88267	1239	51	0
1	7.55	4091507	3088	91	4.77187
2	7.55	89084	1250	51	0
1	7.6	4125172	3114	87	4.73593
2	7.6	89823	1260	52	0
1	7.65	4160293	3140	87	4.69987
2	7.65	90640	1271	52	0
1	7.7	4190915	3164	88	4.66535
2	7.7	91374	1281	54	0
1	7.75	4224519	3189	85	4.77855
2	7.75	92113	1291	54	0
1	7.8	4259697	3216	81	4.74406
2	7.8	92930	1302	50	0
1	7.85	4293299	3241	86	4.70902
2	7.85	93806	1314	50	0
1	7.9	4326964	3267	94	4.8201
2	7.9	94490	1323	53	0
1	7.95	4362084	3293	88	4.78519
2	7.95	95224	1333	53	0
1	8	4397260	3320	82	4.75038
2	8	96096	1345	52	0
1	8.05	4430867	3345	86	4.71684
2	8.05	96913	1356	52	0
1	8.1	4466046	3372	88	4.82499
2	8.1	97730	1367	50	0
1	8.15	4499648	3397	88	4.79089
2	8.15	98551	1378	50	0
1	8.2	4530271	3421	92	4.75778
2	8.2	99285	1388	54	0
1	8.25	4563873	3446	90	4.72487
2	8.25	99946	1397	54	0
1	8.3	4599052	3473	89	4.82978
2	8.3	100763	1408	53	0
1	8.35	4632659	3498	87	4.79703
2	8.35	101580	1419	53	0
1	8.4	4667834	3525	86	4.7644
2	8.4	102314	1429	54	0
1	8.45	4704537	3553	84	4.73171
2	8.45	103131	1440	54	0
1	8.5	4739658	3579	79	4.83474
2	8.5	104026	1452	51	0
1	8.55	4773318	3605	84	4.80229
2	8.55	104843	1463	51	0
1	8.6	4805402	3629	96	4.77039
2	8.6	105582	1473	54	0
1	8.65	4839004	3654	93	4.73939
2	8.65	106316	1483	54	0
1	8.7	4877284	3684	86	4.83877
2	8.7	107133	1494	52	0
1	8.75	4913924	3711	80	4.8073
2	8.75	108005	1506	52	0
1	8.8	4950623	3739	80	4.77683
2	8.8	108900	1518	51	0
1	8.85	4987321	3767	83	4.8744
2	8.85	109721	1529	51	0
1	8.9	5022442	3793	84	4.84323
2	8.9	110616	1541	50	0
1	8.95	5056107	3819	91	4.81296
2	8.95	111350	1551	50	0
1	9	5086667	3842	100	4.78196
2	9	112089	1561	54	0
1	9.05	5118750	3866	104	4.87733
2	9.05	112828	1571	54	0
1	9.1	5153934	3893	99	4.84663
2	9.1	113562	1581	54	0
1	9.15	5189113	3920	89	4.81666
2	9.15	114379	1592	54	0
1	9.2	5224288	3947	84	4.78764
2	9.2	115196	1603	54	0
1	9.25	5260933	3974	85	4.87983
2	9.25	116013	1614	54	0
1	9.3	5297631	4002	85	4.85034
2	9.3	116830	1625	53	0
1	9.35	5332815	4029	83	4.82187
2	9.35	117702	1637	53	0
1	9.4	5364894	4053	91	4.79277
2	9.4	118592	1649	53	0
1	9.45	5395458	4076	96	4.88396
2	9.45	119331	1659	53	0
1	9.5	5432161	4104	99	4.85415
2	9.5	120070	1669	51	0
1	9.55	5467340	4131	95	4.82524
2	9.55	120887	1680	51	0
1	9.6	5497900	4154	98	4.79817
2	9.6	121704	1691	51	0
1	9.65	5529983	4178	100	4.8863
2	9.65	122438	1701	51	0
1	9.7	5552432	4201	50	4.85765
2	9.7	123177	1711	50	0
1	9.75	5552606	4204	50	4.83398
2	9.75	123862	1720	50	0
1	9.8	5552899	4208	54	4.80965
2	9.8	124257	1725	54	0
1	9.85	5553476	4215	54	4.77532
2	9.85	124669	1730	54	0
1	9.9	5553906	4220	52	4.75192
2	9.9	124748	1731	54	0
1	9.95	5553992	4221	52	4.74406
2	9.95	124748	1731	54	0
1	10	5553992	4221	52	4.74406
2	10	124748	1731	54	0
1	10.05	5553992	4221	52	4.74406
2	10.05	124748	1731	54	0
1	10.1	5553992	4221	52	4.74406
2	10.1	124748	1731	54	0
1	10.15	5553992	4221	52	4.74406
2	10.15	124748	1731	54	0
1	10.2	5553992	4221	52	4.74406
2	10.2	124748	1731	54	0
1	10.25	5553992	4221	52	4.74406
2	10.25	124748	1731	54	0
1	10.3	5553992	4221	52	4.74406
2	10.3	124748	1731	54	0
1	10.35	5553992	4221	52	4.74406
2	10.35	124748	1731	54	0
1	10.4	5553992	4221	52	4.74406
2	10.4	124748	1731	54	0
1	10.45	5553992	4221	52	4.74406
2	10.45	124748	1731	54	0
1	10.5	5553992	4221	52	4.74406
2	10.5	124748	1731	54	0
1	10.55	5553992	4221	52	4.74406
2	10.55	124748	1731	54	0
1	10.6	5553992	4221	52	4.74406
2	10.6	124748	1731	54	0
1	10.65	5553992	4221	52	4.74406
2	10.65	124748	1731	54	0
1	10.7	5553992	4221	52	4.74406
2	10.7	124748	1731	54	0
1	10.75	5553992	4221	52	4.74406
2	10.75	124748	1731	54	0
1	10.8	5553992	4221	52	4.74406
2	10.8	124748	1731	54	0
1	10.85	5553992	4221	52	4.74406
2	10.85	124748	1731	54	0
1	10.9	5553992	4221	52	4.74406
2	10.9	124748	1731	54	0
1	10.95	5553992	4221	52	4.74406
2	10.95	124748	1731	54	0
1	11	5553992	4221	52	4.74406
2	11	124748	1731	54	0
1	11.05	5553992	4221	52	4.74406
2	11.05	124748	1731	54	0
1	11.1	5553992	4221	52	4.74406
2	11.1	124748	1731	54	0
1	11.15	5553992	4221	52	4.74406
2	11.15	124748	1731	54	0
1	11.2	5553992	4221	52	4.74406
2	11.2	124748	1731	54	0
1	11.25	5553992	4221	52	4.74406
2	11.25	124748	1731	54	0
1	11.3	5553992	4221	52	4.74406
2	11.3	124748	1731	54	0
1	11.35	5553992	4221	52	4.74406
2	11.35	124748	1731	54	0
1	11.4	5553992	4221	52	4.74406
2	11.4	124748	1731	54	0
1	11.45	5553992	4221	52	4.74406
2	11.45	124748	1731	54	0
1	11.5	5553992	4221	52	4.74406
2	11.5	124748	1731	54	0
1	11.55	5553992	4221	52	4.74406
2	11.55	124748	1731	54	0
1	11.6	5553992	4221	52	4.74406
2	11.6	124748	1731	54	0
1	11.65	5553992	4221	52	4.74406
2	11.65	124748	1731	54	0
1	11.7	5553992	4221	52	4.74406
2	11.7	124748	1731	54	0
1	11.75	5553992	4221	52	4.74406
2	11.75	124748	1731	54	0
1	11.8	5553992	4221	52	4.74406
2	11.8	124748	1731	54	0
1	11.85	5553992	4221	52	4.74406
2	11.85	124748	1731	54	0
1	11.9	5553992	4221	52	4.74406
2	11.9	124748	1731	54	0
1	11.95	5553992	4221	52	4.74406
2	11.95	124748	1731	54	0
1	12	5553992	4221	52	4.74406
2	12	124748	1731	54	0
1	12.05	5553992	4221	52	4.74406
2	12.05	124748	1731	54	0
1	12.1	5553992	4221	52	4.74406
2	12.1	124748	1731	54	0
1	12.15	5553992	4221	52	4.74406
2	12.15	124748	1731	54	0
1	12.2	5553992	4221	52	4.74406
2	12.2	124748	1731	54	0
1	12.25	5553992	4221	52	4.74406
2	12.25	124748	1731	54	0
1	12.3	5553992	4221	52	4.74406
2	12.3	124748	1731	54	0
1	12.35	5553992	4221	52	4.74406
2	12.35	124748	1731	54	0
1	12.4	5553992	4221	52	4.74406
2	12.4	124748	1731	54	0
1	12.45	5553992	4221	52	4.74406
2	12.45	124748	1731	54	0
1	12.5	5553992	4221	52	4.74406
2	12.5	124748	1731	54	0
1	12.55	5553992	4221	52	4.74406
2	12.55	124748	1731	54	0
1	12.6	5553992	4221	52	4.74406
2	12.6	124748	1731	54	0
1	12.65	5553992	4221	52	4.74406
2	12.65	124748	1731	54	0
1	12.7	5553992	4221	52	4.74406
2	12.7	124748	1731	54	0
1	12.75	5553992	4221	52	4.74406
2	12.75	124748	1731	54	0
1	12.8	5553992	4221	52	4.74406
2	12.8	124748	1731	54	0
1	12.85	5553992	4221	52	4.74406
2	12.85	124748	1731	54	0
1	12.9	5553992	4221	52	4.74406
2	12.9	124748	1731	54	0
1	12.95	5553992	4221	52	4.74406
2	12.95	124748	1731	54	0
1	13	5553992	4221	52	4.74406
2	13	124748	1731	54	0
1	13.05	5553992	4221	52	4.74406
2	13.05	124748	1731	54	0
1	13.1	5553992	4221	52	4.74406
2	13.1	124748	1731	54	0
1	13.15	5553992	4221	52	4.74406
2	13.15	124748	1731	54	0
1	13.2	5553992	4221	52	4.74406
2	13.2	124748	1731	54	0
1	13.25	5553992	4221	52	4.74406
2	13.25	124748	1731	54	0
1	13.3	5553992	4221	52	4.74406
2	13.3	124748	1731	54	0
1	13.35	5553992	4221	52	4.74406
2	13.35	124748	1731	54	0
1	13.4	5553992	4221	52	4.74406
2	13.4	124748	1731	54	0
1	13.45	5553992	4221	52	4.74406
2	13.45	124748	1731	54	0
1	13.5	5553992	4221	52	4.74406
2	13.5	124748	1731	54	0
1	13.55	5553992	4221	52	4.74406
2	13.55	124748	1731	54	0
1	13.6	5553992	4221	52	4.74406
2	13.6	124748	1731	54	0
1	13.65	5553992	4221	52	4.74406
2	13.65	124748	1731	54	0
1	13.7	5553992	4221	52	4.74406
2	13.7	124748	1731	54	0
1	13.75	5553992	4221	52	4.74406
2	13.75	124748	1731	54	0
1	13.8	5553992	4221	52	4.74406
2	13.8	124748	1731	54	0
1	13.85	5553992	4221	52	4.74406
2	13.85	124748	1731	54	0
1	13.9	5553992	4221	52	4.74406
2	13.9	124748	1731	54	0
1	13.95	5553992	4221	52	4.74406
2	13.95	124748	1731	54	0
1	14	5553992	4221	52	4.74406
2	14	124748	1731	54	0
1	14.05	5553992	4221	52	4.74406
2	14.05	124748	1731	54	0
1	14.1	5553992	4221	52	4.74406
2	14.1	124748	1731	54	0
1	14.15	5553992	4221	52	4.74406
2	14.15	124748	1731	54	0
1	14.2	5553992	4221	52	4.74406
2	14.2	124748	1731	54	0
1	14.25	5553992	4221	52	4.74406
2	14.25	124748	1731	54	0
1	14.3	5553992	4221	52	4.74406
2	14.3	124748	1731	54	0
1	14.35	5553992	4221	52	4.74406
2	14.35	124748	1731	54	0
1	14.4	5553992	4221	52	4.74406
2	14.4	124748	1731	54	0
1	14.45	5553992	4221	52	4.74406
2	14.45	124748	1731	54	0
1	14.5	5553992	4221	52	4.74406
2	14.5	124748	1731	54	0
1	14.55	5553992	4221	52	4.74406
2	14.55	124748	1731	54	0
1	14.6	5553992	4221	52	4.74406
2	14.6	124748	1731	54	0
1	14.65	5553992	4221	52	4.74406
2	14.65	124748	1731	54	0
1	14.7	5553992	4221	52	4.74406
2	14.7	124748	1731	54	0
1	14.75	5553992	4221	52	4.74406
2	14.75	124748	1731	54	0
1	14.8	5553992	4221	52	4.74406
2	14.8	124748	1731	54	0
1	14.85	5553992	4221	52	4.74406
2	14.85	124748	1731	54	0
1	14.9	5553992	4221	52	4.74406
2	14.9	124748	1731	54	0
1	14.95	5553992	4221	52	4.74406
2	14.95	124748	1731	54	0
1	15	5553992	4221	52	4.74406
2	15	124748	1731	54	0
1	15.05	5553992	4221	52	4.74406
2	15.05	124748	1731	54	0
1	15.1	5553992	4221	52	4.74406
2	15.1	124748	1731	54	0
1	15.15	5553992	4221	52	4.74406
2	15.15	124748	1731	54	0
1	15.2	5553992	4221	52	4.74406
2	15.2	124748	1731	54	0
1	15.25	5553992	4221	52	4.74406
2	15.25	124748	1731	54	0
1	15.3	5553992	4221	52	4.74406
2	15.3	124748	1731	54	0
1	15.35	5553992	4221	52	4.74406
2	15.35	124748	1731	54	0
1	15.4	5553992	4221	52	4.74406
2	15.4	124748	1731	54	0
1	15.45	5553992	4221	52	4.74406
2	15.45	124748	1731	54	0
1	15.5	5553992	4221	52	4.74406
2	15.5	124748	1731	54	0
1	15.55	5553992	4221	52	4.74406
2	15.55	124748	1731	54	0
1	15.6	5553992	4221	52	4.74406
2	15.6	124748	1731	54	0
1	15.65	5553992	4221	52	4.74406
2	15.65	124748	1731	54	0
1	15.7	5553992	4221	52	4.74406
2	15.7	124748	1731	54	0
1	15.75	5553992	4221	52	4.74406
2	15.75	124748	1731	54	0
1	15.8	5553992	4221	52	4.74406
2	15.8	124748	1731	54	0
1	15.85	5553992	4221	52	4.74406
2	15.85	124748	1731	54	0
1	15.9	5553992	4221	52	4.74406
2	15.9	124748	1731	54	0
1	15.95	5553992	4221	52	4.74406
2	15.95	124748	1731	54	0
1	16	5553992	4221	52	4.74406
2	16	124748	1731	54	0
1	16.05	5553992	4221	52	4.74406
2	16.05	124748	1731	54	0
1	16.1	5553992	4221	52	4.74406
2	16.1	124748	1731	54	0
1	16.15	5553992	4221	52	4.74406
2	16.15	124748	1731	54	0
1	16.2	5553992	4221	52	4.74406
2	16.2	124748	1731	54	0
1	16.25	5553992	4221	52	4.74406
2	16.25	124748	1731	54	0
1	16.3	5553992	4221	52	4.74406
2	16.3	124748	1731	54	0
1	16.35	5553992	4221	52	4.74406
2	16.35	124748	1731	54	0
1	16.4	5553992	4221	52	4.74406
2	16.4	124748	1731	54	0
1	16.45	5553992	4221	52	4.74406
2	16.45	124748	1731	54	0
1	16.5	5553992	4221	52	4.74406
2	16.5	124748	1731	54	0
1	16.55	5553992	4221	52	4.74406
2	16.55	124748	1731	54	0
1	16.6	5553992	4221	52	4.74406
2	16.6	124748	1731	54	0
1	16.65	5553992	4221	52	4.74406
2	16.65	124748	1731	54	0
1	16.7	5553992	4221	52	4.74406
2	16.7	124748	1731	54	0
1	16.75	5553992	4221	52	4.74406
2	16.75	124748	1731	54	0
1	16.8	5553992	4221	52	4.74406
2	16.8	124748	1731	54	0
1	16.85	5553992	4221	52	4.74406
2	16.85	124748	1731	54	0
1	16.9	5553992	4221	52	4.74406
2	16.9	124748	1731	54	0
1	16.95	5553992	4221	52	4.74406
2	16.95	124748	1731	54	0
1	17	5553992	4221	52	4.74406
2	17	124748	1731	54	0
1	17.05	5553992	4221	52	4.74406
2	17.05	124748	1731	54	0
1	17.1	5553992	4221	52	4.74406
2	17.1	124748	1731	54	0
1	17.15	5553992	4221	52	4.74406
2	17.15	124748	1731	54	0
1	17.2	5553992	4221	52	4.74406
2	17.2	124748	1731	54	0
1	17.25	5553992	4221	52	4.74406
2	17.25	124748	1731	54	0
1	17.3	5553992	4221	52	4.74406
2	17.3	124748	1731	54	0
1	17.35	5553992	4221	52	4.74406
2	17.35	124748	1731	54	0
1	17.4	5553992	4221	52	4.74406
2	17.4	124748	1731	54	0
1	17.45	5553992	4221	52	4.74406
2	17.45	124748	1731	54	0
1	17.5	5553992	4221	52	4.74406
2	17.5	124748	1731	54	0
1	17.55	5553992	4221	52	4.74406
2	17.55	124748	1731	54	0
1	17.6	5553992	4221	52	4.74406
2	17.6	124748	1731	54	0
1	17.65	5553992	4221	52	4.74406
2	17.65	124748	1731	54	0
1	17.7	5553992	4221	52	4.74406
2	17.7	124748	1731	54	0
1	17.75	5553992	4221	52	4.74406
2	17.75	124748	1731	54	0
1	17.8	5553992	4221	52	4.74406
2	17.8	124748	1731	54	0
1	17.85	5553992	4221	52	4.74406
2	17.85	124748	1731	54	0
1	17.9	5553992	4221	52	4.74406
2	17.9	124748	1731	54	0
1	17.95	5553992	4221	52	4.74406
2	17.95	124748	1731	54	0
1	18	5553992	4221	52	4.74406
2	18	124748	1731	54	0
1	18.05	5553992	4221	52	4.74406
2	18.05	124748	1731	54	0
1	18.1	5553992	4221	52	4.74406
2	18.1	124748	1731	54	0
1	18.15	5553992	4221	52	4.74406
2	18.15	124748	1731	54	0
1	18.2	5553992	4221	52	4.74406
2	18.2	124748	1731	54	0
1	18.25	5553992	4221	52	4.74406
2	18.25	124748	1731	54	0
1	18.3	5553992	4221	52	4.74406
2	18.3	124748	1731	54	0
1	18.35	5553992	4221	52	4.74406
2	18.35	124748	1731	54	0
1	18.4	5553992	4221	52	4.74406
2	18.4	124748	1731	54	0
1	18.45	5553992	4221	52	4.74406
2	18.45	124748	1731	54	0
1	18.5	5553992	4221	52	4.74406
2	18.5	124748	1731	54	0
1	18.55	5553992	4221	52	4.74406
2	18.55	124748	1731	54	0
1	18.6	5553992	4221	52	4.74406
2	18.6	124748	1731	54	0
1	18.65	5553992	4221	52	4.74406
2	18.65	124748	1731	54	0
1	18.7	5553992	4221	52	4.74406
2	18.7	124748	1731	54	0
1	18.75	5553992	4221	52	4.74406
2	18.75	124748	1731	54	0
1	18.8	5553992	4221	52	4.74406
2	18.8	124748	1731	54	0
1	18.85	5553992	4221	52	4.74406
2	18.85	124748	1731	54	0
1	18.9	5553992	4221	52	4.74406
2	18.9	124748	1731	54	0
1	18.95	5553992	4221	52	4.74406
2	18.95	124748	1731	54	0
1	19	5553992	4221	52	4.74406
2	19	124748	1731	54	0
1	19.05	5553992	4221	52	4.74406
2	19.05	124748	1731	54	0
1	19.1	5553992	4221	52	4.74406
2	19.1	124748	1731	54	0
1	19.15	5553992	4221	52	4.74406
2	19.15	124748	1731	54	0
1	19.2	5553992	4221	52	4.74406
2	19.2	124748	1731	54	0
1	19.25	5553992	4221	52	4.74406
2	19.25	124748	1731	54	0
1	19.3	5553992	4221	52	4.74406
2	19.3	124748	1731	54	0
1	19.35	5553992	4221	52	4.74406
2	19.35	124748	1731	54	0
1	19.4	5553992	4221	52	4.74406
2	19.4	124748	1731	54	0
1	19.45	5553992	4221	52	4.74406
2	19.45	124748	1731	54	0
1	19.5	5553992	4221	52	4.74406
2	19.5	124748	1731	54	0
1	19.55	5553992	4221	52	4.74406
2	19.55	124748	1731	54	0
1	19.6	5553992	4221	52	4.74406
2	19.6	124748	1731	54	0
1	19.65	5553992	4221	52	4.74406
2	19.65	124748	1731	54	0
1	19.7	5553992	4221	52	4.74406
2	19.7	124748	1731	54	0
1	19.75	5553992	4221	52	4.74406
2	19.75	124748	1731	54	0
1	19.8	5553992	4221	52	4.74406
2	19.8	124748	1731	54	0
1	19.85	5553992	4221	52	4.74406
2	19.85	124748	1731	54	0
1	19.9	5553992	4221	52	4.74406
2	19.9	124748	1731	54	0
1	19.95	5553992	4221	52	4.74406
2	19.95	124748	1731	54	0
1	20	5553992	4221	52	4.74406
2	20	124748	1731	54	0
1	20.05	5553992	4221	52	4.74406
2	20.05	124748	1731	54	0
1	20.1	5553992	4221	52	4.74406
2	20.1	124748	1731	54	0
1	20.15	5553992	4221	52	4.74406
2	20.15	124748	1731	54	0
1	20.2	5553992	4221	52	4.74406
2	20.2	124748	1731	54	0
1	20.25	5553992	4221	52	4.74406
2	20.25	124748	1731	54	0
1	20.3	5553992	4221	52	4.74406
2	20.3	124748	1731	54	0
1	20.35	5553992	4221	52	4.74406
2	20.35	124748	1731	54	0
1	20.4	5553992	4221	52	4.74406
2	20.4	124748	1731	54	0
1	20.45	5553992	4221	52	4.74406
2	20.45	124748	1731	54	0
1	20.5	5553992	4221	52	4.74406
2	20.5	124748	1731	54	0
1	20.55	5553992	4221	52	4.74406
2	20.55	124748	1731	54	0
1	20.6	5553992	4221	52	4.74406
2	20.6	124748	1731	54	0
1	20.65	5553992	4221	52	4.74406
2	20.65	124748	1731	54	0
1	20.7	5553992	4221	52	4.74406
2	20.7	124748	1731	54	0
1	20.75	5553992	4221	52	4.74406
2	20.75	124748	1731	54	0
1	20.8	5553992	4221	52	4.74406
2	20.8	124748	1731	54	0
1	20.85	5553992	4221	52	4.74406
2	20.85	124748	1731	54	0
1	20.9	5553992	4221	52	4.74406
2	20.9	124748	1731	54	0
1	20.95	5553992	4221	52	4.74406
2	20.95	124748	1731	54	0
1	21	5553992	4221	52	4.74406
2	21	124748	1731	54	0
1	21.05	5553992	4221	52	4.74406
2	21.05	124748	1731	54	0
1	21.1	5553992	4221	52	4.74406
2	21.1	124748	1731	54	0
1	21.15	5553992	4221	52	4.74406
2	21.15	124748	1731	54	0
1	21.2	5553992	4221	52	4.74406
2	21.2	124748	1731	54	0
1	21.25	5553992	4221	52	4.74406
2	21.25	124748	1731	54	0
1	21.3	5553992	4221	52	4.74406
2	21.3	124748	1731	54	0
1	21.35	5553992	4221	52	4.74406
2	21.35	124748	1731	54	0
1	21.4	5553992	4221	52	4.74406
2	21.4	124748	1731	54	0
1	21.45	5553992	4221	52	4.74406
2	21.45	124748	1731	54	0
1	21.5	5553992	4221	52	4.74406
2	21.5	124748	1731	54	0
1	21.55	5553992	4221	52	4.74406
2	21.55	124748	1731	54	0
1	21.6	5553992	4221	52	4.74406
2	21.6	124748	1731	54	0
1	21.65	5553992	4221	52	4.74406
2	21.65	124748	1731	54	0
1	21.7	5553992	4221	52	4.74406
2	21.7	124748	1731	54	0
1	21.75	5553992	4221	52	4.74406
2	21.75	124748	1731	54	0
1	21.8	5553992	4221	52	4.74406
2	21.8	124748	1731	54	0
1	21.85	5553992	4221	52	4.74406
2	21.85	124748	1731	54	0
1	21.9	5553992	4221	52	4.74406
2	21.9	124748	1731	54	0
1	21.95	5553992	4221	52	4.74406
2	21.95	124748	1731	54	0
1	22	5553992	4221	52	4.74406
2	22	124748	1731	54	0
1	22.05	5553992	4221	52	4.74406
2	22.05	124748	1731	54	0
1	22.1	5553992	4221	52	4.74406
2	22.1	124748	1731	54	0
1	22.15	5553992	4221	52	4.74406
2	22.15	124748	1731	54	0
1	22.2	5553992	4221	52	4.74406
2	22.2	124748	1731	54	0
1	22.25	5553992	4221	52	4.74406
2	22.25	124748	1731	54	0
1	22.3	5553992	4221	52	4.74406
2	22.3	124748	1731	54	0
1	22.35	5553992	4221	52	4.74406
2	22.35	124748	1731	54	0
1	22.4	5553992	4221	52	4.74406
2	22.4	124748	1731	54	0
1	22.45	5553992	4221	52	4.74406
2	22.45	124748	1731	54	0
1	22.5	5553992	4221	52	4.74406
2	22.5	124748	1731	54	0
1	22.55	5553992	4221	52	4.74406
2	22.55	124748	1731	54	0
1	22.6	5553992	4221	52	4.74406
2	22.6	124748	1731	54	0
1	22.65	5553992	4221	52	4.74406
2	22.65	124748	1731	54	0
1	22.7	5553992	4221	52	4.74406
2	22.7	124748	1731	54	0
1	22.75	5553992	4221	52	4.74406
2	22.75	124748	1731	54	0
1	22.8	5553992	4221	52	4.74406
2	22.8	124748	1731	54	0
1	22.85	5553992	4221	52	4.74406
2	22.85	124748	1731	54	0
1	22.9	5553992	4221	52	4.74406
2	22.9	124748	1731	54	0
1	22.95	5553992	4221	52	4.74406
2	22.95	124748	1731	54	0
1	23	5553992	4221	52	4.74406
2	23	124748	1731	54	0
1	23.05	5553992	4221	52	4.74406
2	23.05	124748	1731	54	0
1	23.1	5553992	4221	52	4.74406
2	23.1	124748	1731	54	0
1	23.15	5553992	4221	52	4.74406
2	23.15	124748	1731	54	0
1	23.2	5553992	4221	52	4.74406
2	23.2	124748	1731	54	0
1	23.25	5553992	4221	52	4.74406
2	23.25	124748	1731	54	0
1	23.3	5553992	4221	52	4.74406
2	23.3	124748	1731	54	0
1	23.35	5553992	4221	52	4.74406
2	23.35	124748	1731	54	0
1	23.4	5553992	4221	52	4.74406
2	23.4	124748	1731	54	0
1	23.45	5553992	4221	52	4.74406
2	23.45	124748	1731	54	0
1	23.5	5553992	4221	52	4.74406
2	23.5	124748	1731	54	0
1	23.55	5553992	4221	52	4.74406
2	23.55	124748	1731	54	0
1	23.6	5553992	4221	52	4.74406
2	23.6	124748	1731	54	0
1	23.65	5553992	4221	52	4.74406
2	23.65	124748	1731	54	0
1	23.7	5553992	4221	52	4.74406
2	23.7	124748	1731	54	0
1	23.75	5553992	4221	52	4.74406
2	23.75	124748	1731	54	0
1	23.8	5553992	4221	52	4.74406
2	23.8	124748	1731	54	0
1	23.85	5553992	4221	52	4.74406
2	23.85	124748	1731	54	0
1	23.9	5553992	4221	52	4.74406
2	23.9	124748	1731	54	0
1	23.95	5553992	4221	52	4.74406
2	23.95	124748	1731	54	0
1	24	5553992	4221	52	4.74406
2	24	124748	1731	54	0
1	24.05	5553992	4221	52	4.74406
2	24.05	124748	1731	54	0
1	24.1	5553992	4221	52	4.74406
2	24.1	124748	1731	54	0
1	24.15	5553992	4221	52	4.74406
2	24.15	124748	1731	54	0
1	24.2	5553992	4221	52	4.74406
2	24.2	124748	1731	54	0
1	24.25	5553992	4221	52	4.74406
2	24.25	124748	1731	54	0
1	24.3	5553992	4221	52	4.74406
2	24.3	124748	1731	54	0
1	24.35	5553992	4221	52	4.74406
2	24.35	124748	1731	54	0
1	24.4	5553992	4221	52	4.74406
2	24.4	124748	1731	54	0
1	24.45	5553992	4221	52	4.74406
2	24.45	124748	1731	54	0
1	24.5	5553992	4221	52	4.74406
2	24.5	124748	1731	54	0
1	24.55	5553992	4221	52	4.74406
2	24.55	124748	1731	54	0
1	24.6	5553992	4221	52	4.74406
2	24.6	124748	1731	54	0
1	24.65	5553992	4221	52	4.74406
2	24.65	124748	1731	54	0
1	24.7	5553992	4221	52	4.74406
2	24.7	124748	1731	54	0
1	24.75	5553992	4221	52	4.74406
2	24.75	124748	1731	54	0
1	24.8	5553992	4221	52	4.74406
2	24.8	124748	1731	54	0
1	24.85	5553992	4221	52	4.74406
2	24.85	124748	1731	54	0
1	24.9	5553992	4221	52	4.74406
2	24.9	124748	1731	54	0
1	24.95	5553992	4221	52	4.74406
2	24.95	124748	1731	54	0
1	25	5553992	4221	52	4.74406
2	25	124748	1731	54	0
1	25.05	5553992	4221	52	4.74406
2	25.05	124748	1731	54	0
1	25.1	5553992	4221	52	4.74406
2	25.1	124748	1731	54	0
1	25.15	5553992	4221	52	4.74406
2	25.15	124748	1731	54	0
1	25.2	5553992	4221	52	4.74406
2	25.2	124748	1731	54	0
1	25.25	5553992	4221	52	4.74406
2	25.25	124748	1731	54	0
1	25.3	5553992	4221	52	4.74406
2	25.3	124748	1731	54	0
1	25.35	5553992	4221	52	4.74406
2	25.35	124748	1731	54	0
1	25.4	5553992	4221	52	4.74406
2	25.4	124748	1731	54	0
1	25.45	5553992	4221	52	4.74406
2	25.45	124748	1731	54	0
1	25.5	5553992	4221	52	4.74406
2	25.5	124748	1731	54	0
1	25.55	5553992	4221	52	4.74406
2	25.55	124748	1731	54	0
1	25.6	5553992	4221	52	4.74406
2	25.6	124748	1731	54	0
1	25.65	5553992	4221	52	4.74406
2	25.65	124748	1731	54	0
1	25.7	5553992	4221	52	4.74406
2	25.7	124748	1731	54	0
1	25.75	5553992	4221	52	4.74406
2	25.75	124748	1731	54	0
1	25.8	5553992	4221	52	4.74406
2	25.8	124748	1731	54	0
1	25.85	5553992	4221	52	4.74406
2	25.85	124748	1731	54	0
1	25.9	5553992	4221	52	4.74406
2	25.9	124748	1731	54	0
1	25.95	5553992	4221	52	4.74406
2	25.95	124748	1731	54	0
1	26	5553992	4221	52	4.74406
2	26	124748	1731	54	0
1	26.05	5553992	4221	52	4.74406
2	26.05	124748	1731	54	0
1	26.1	5553992	4221	52	4.74406
2	26.1	124748	1731	54	0
1	26.15	5553992	4221	52	4.74406
2	26.15	124748	1731	54	0
1	26.2	5553992	4221	52	4.74406
2	26.2	124748	1731	54	0
1	26.25	5553992	4221	52	4.74406
2	26.25	124748	1731	54	0
1	26.3	5553992	4221	52	4.74406
2	26.3	124748	1731	54	0
1	26.35	5553992	4221	52	4.74406
2	26.35	124748	1731	54	0
1	26.4	5553992	4221	52	4.74406
2	26.4	124748	1731	54	0
1	26.45	5553992	4221	52	4.74406
2	26.45	124748	1731	54	0
1	26.5	5553992	4221	52	4.74406
2	26.5	124748	1731	54	0
1	26.55	5553992	4221	52	4.74406
2	26.55	124748	1731	54	0
1	26.6	5553992	4221	52	4.74406
2	26.6	124748	1731	54	0
1	26.65	5553992	4221	52	4.74406
2	26.65	124748	1731	54	0
1	26.7	5553992	4221	52	4.74406
2	26.7	124748	1731	54	0
1	26.75	5553992	4221	52	4.74406
2	26.75	124748	1731	54	0
1	26.8	5553992	4221	52	4.74406
2	26.8	124748	1731	54	0
1	26.85	5553992	4221	52	4.74406
2	26.85	124748	1731	54	0
1	26.9	5553992	4221	52	4.74406
2	26.9	124748	1731	54	0
1	26.95	5553992	4221	52	4.74406
2	26.95	124748	1731	54	0
1	27	5553992	4221	52	4.74406
2	27	124748	1731	54	0
1	27.05	5553992	4221	52	4.74406
2	27.05	124748	1731	54	0
1	27.1	5553992	4221	52	4.74406
2	27.1	124748	1731	54	0
1	27.15	5553992	4221	52	4.74406
2	27.15	124748	1731	54	0
1	27.2	5553992	4221	52	4.74406
2	27.2	124748	1731	54	0
1	27.25	5553992	4221	52	4.74406
2	27.25	124748	1731	54	0
1	27.3	5553992	4221	52	4.74406
2	27.3	124748	1731	54	0
1	27.35	5553992	4221	52	4.74406
2	27.35	124748	1731	54	0
1	27.4	5553992	4221	52	4.74406
2	27.4	124748	1731	54	0
1	27.45	5553992	4221	52	4.74406
2	27.45	124748	1731	54	0
1	27.5	5553992	4221	52	4.74406
2	27.5	124748	1731	54	0
1	27.55	5553992	4221	52	4.74406
2	27.55	124748	1731	54	0
1	27.6	5553992	4221	52	4.74406
2	27.6	124748	1731	54	0
1	27.65	5553992	4221	52	4.74406
2	27.65	124748	1731	54	0
1	27.7	5553992	4221	52	4.74406
2	27.7	124748	1731	54	0
1	27.75	5553992	4221	52	4.74406
2	27.75	124748	1731	54	0
1	27.8	5553992	4221	52	4.74406
2	27.8	124748	1731	54	0
1	27.85	5553992	4221	52	4.74406
2	27.85	124748	1731	54	0
1	27.9	5553992	4221	52	4.74406
2	27.9	124748	1731	54	0
1	27.95	5553992	4221	52	4.74406
2	27.95	124748	1731	54	0
1	28	5553992	4221	52	4.74406
2	28	124748	1731	54	0
1	28.05	5553992	4221	52	4.74406
2	28.05	124748	1731	54	0
1	28.1	5553992	4221	52	4.74406
2	28.1	124748	1731	54	0
1	28.15	5553992	4221	52	4.74406
2	28.15	124748	1731	54	0
1	28.2	5553992	4221	52	4.74406
2	28.2	124748	1731	54	0
1	28.25	5553992	4221	52	4.74406
2	28.25	124748	1731	54	0
1	28.3	5553992	4221	52	4.74406
2	28.3	124748	1731	54	0
1	28.35	5553992	4221	52	4.74406
2	28.35	124748	1731	54	0
1	28.4	5553992	4221	52	4.74406
2	28.4	124748	1731	54	0
1	28.45	5553992	4221	52	4.74406
2	28.45	124748	1731	54	0
1	28.5	5553992	4221	52	4.74406
2	28.5	124748	1731	54	0
1	28.55	5553992	4221	52	4.74406
2	28.55	124748	1731	54	0
1	28.6	5553992	4221	52	4.74406
2	28.6	124748	1731	54	0
1	28.65	5553992	4221	52	4.74406
2	28.65	124748	1731	54	0
1	28.7	5553992	4221	52	4.74406
2	28.7	124748	1731	54	0
1	28.75	5553992	4221	52	4.74406
2	28.75	124748	1731	54	0
1	28.8	5553992	4221	52	4.74406
2	28.8	124748	1731	54	0
1	28.85	5553992	4221	52	4.74406
2	28.85	124748	1731	54	0
1	28.9	5553992	4221	52	4.74406
2	28.9	124748	1731	54	0
1	28.95	5553992	4221	52	4.74406
2	28.95	124748	1731	54	0
1	29	5553992	4221	52	4.74406
2	29	124748	1731	54	0
1	29.05	5553992	4221	52	4.74406
2	29.05	124748	1731	54	0
1	29.1	5553992	4221	52	4.74406
2	29.1	124748	1731	54	0
1	29.15	5553992	4221	52	4.74406
2	29.15	124748	1731	54	0
1	29.2	5553992	4221	52	4.74406
2	29.2	124748	1731	54	0
1	29.25	5553992	4221	52	4.74406
2	29.25	124748	1731	54	0
1	29.3	5553992	4221	52	4.74406
2	29.3	124748	1731	54	0
1	29.35	5553992	4221	52	4.74406
2	29.35	124748	1731	54	0
1	29.4	5553992	4221	52	4.74406
2	29.4	124748	1731	54	0
1	29.45	5553992	4221	52	4.74406
2	29.45	124748	1731	54	0
1	29.5	5553992	4221	52	4.74406
2	29.5	124748	1731	54	0
1	29.55	5553992	4221	52	4.74406
2	29.55	124748	1731	54	0
1	29.6	5553992	4221	52	4.74406
2	29.6	124748	1731	54	0
1	29.65	5553992	4221	52	4.74406
2	29.65	124748	1731	54	0
1	29.7	5553992	4221	52	4.74406
2	29.7	124748	1731	54	0
1	29.75	5553992	4221	52	4.74406
2	29.75	124748	1731	54	0
1	29.8	5553992	4221	52	4.74406
2	29.8	124748	1731	54	0
1	29.85	5553992	4221	52	4.74406
2	29.85	124748	1731	54	0
1	29.9	5553992	4221	52	4.74406
2	29.9	124748	1731	54	0
1	29.95	5553992	4221	52	4.74406
2	29.95	124748	1731	54	0
