1	1.05	0	0	0	-nan
1	1.1	1260	1	53	-nan
2	1.1	0	0	0	-nan
1	1.15	1260	1	53	-nan
2	1.15	129	2	51	0
1	1.2	9838	7	52	0
2	1.2	129	2	51	0
1	1.25	9838	7	52	0
2	1.25	350	6	50	0
1	1.3	22026	16	55	0
2	1.3	408	7	50	0
1	1.35	22082	17	50	0
2	1.35	627	11	50	0
1	1.4	34222	25	66	0
2	1.4	797	14	54	0
1	1.45	46465	35	62	0
2	1.45	912	16	54	0
1	1.5	51082	39	57	0
2	1.5	1242	22	50	0
1	1.55	81473	60	88	0
2	1.55	1411	25	50	0
1	1.6	95233	71	78	0
2	1.6	1909	34	52	0
1	1.65	125673	93	77	0
2	1.65	2313	41	52	0
1	1.7	156049	114	106	1.55025
2	1.7	2820	50	51	0
1	1.75	186489	136	126	1.43981
2	1.75	3332	59	51	0
1	1.8	218450	159	120	1.33962
2	1.8	3785	67	51	0
1	1.85	248890	181	150	1.25635
2	1.85	4354	77	51	0
1	1.9	279270	202	175	2.36241
2	1.9	4866	86	52	0
1	1.95	306619	221	202	2.23123
2	1.95	5373	95	52	0
1	2	338520	243	224	2.11433
2	2	5848	103	51	0
1	2.05	369005	265	253	2.0111
2	2.05	6449	113	51	0
1	2.1	400972	287	277	2.87044
2	2.1	6984	122	51	0
1	2.15	425398	305	299	2.73995
2	2.15	7531	131	51	0
1	2.2	455846	326	330	2.61675
2	2.2	7911	137	54	0
1	2.25	486352	348	351	2.51106
2	2.25	8394	144	54	0
1	2.3	519838	371	370	2.41026
2	2.3	8951	152	51	0
1	2.35	547306	391	395	3.08675
2	2.35	9508	160	51	0
1	2.4	576231	411	416	2.97482
2	2.4	9922	166	54	0
1	2.45	608256	434	441	2.86678
2	2.45	10466	173	54	0
1	2.5	640286	457	462	2.76826
2	2.5	11033	180	53	0
1	2.55	672253	479	493	3.34333
2	2.55	11686	188	53	0
1	2.6	704216	501	517	3.23399
2	2.6	12258	195	53	0
1	2.65	736236	524	541	3.13156
2	2.65	12829	202	53	0
1	2.7	765165	544	564	3.03624
2	2.7	13530	210	50	0
1	2.75	795671	566	583	3.53959
2	2.75	14198	217	50	0
1	2.8	828463	601	257	3.43613
2	2.8	14917	224	53	0
1	2.85	858965	623	253	3.34291
2	2.85	16169	235	53	0
1	2.9	890990	646	256	3.24939
2	2.9	17142	243	54	0
1	2.95	921568	669	260	3.69368
2	2.95	18115	251	54	0
1	3	955125	693	268	3.5964
2	3	19091	259	52	0
1	3.05	982603	713	258	3.5087
2	3.05	20075	267	52	0
1	3.1	1013176	736	271	3.42233
2	3.1	20840	273	54	0
1	3.15	1045714	767	111	3.34056
2	3.15	21885	281	54	0
1	3.2	1076292	790	108	3.72933
2	3.2	23245	292	54	0
1	3.25	1106811	812	112	3.64504
2	3.25	24340	301	54	0
1	3.3	1140467	838	111	3.56114
2	3.3	25550	312	51	0
1	3.35	1171031	861	106	3.48409
2	3.35	26709	322	51	0
1	3.4	1200076	883	112	3.83572
2	3.4	27729	331	54	0
1	3.45	1230640	906	120	3.75619
2	3.45	28829	340	54	0
1	3.5	1261267	930	117	3.67982
2	3.5	29854	349	54	0
1	3.55	1291827	953	112	3.60649
2	3.55	31004	359	54	0
1	3.6	1325429	978	110	3.92755
2	3.6	32289	370	50	0
1	3.65	1355993	1001	108	3.85238
2	3.65	33448	380	50	0
1	3.7	1386615	1025	112	3.77997
2	3.7	34603	390	50	0
1	3.75	1417175	1048	121	3.71031
2	3.75	35753	400	50	0
1	3.8	1447739	1071	118	4.00739
2	3.8	36778	409	50	0
1	3.85	1478308	1094	116	3.93615
2	3.85	37878	418	50	0
1	3.9	1510391	1118	118	3.86404
2	3.9	39033	428	50	0
1	3.95	1541013	1142	121	3.7977
2	3.95	40053	437	50	0
1	4	1571573	1165	121	3.73367
2	4	41338	448	50	0
1	4.05	1602137	1188	118	4.00548
2	4.05	42363	457	50	0
1	4.1	1632701	1211	123	3.94014
2	4.1	43513	467	50	0
1	4.15	1663265	1234	121	3.8769
2	4.15	44668	477	50	0
1	4.2	1693825	1257	121	3.81567
2	4.2	45638	485	50	0
1	4.25	1724452	1281	123	4.06929
2	4.25	46788	495	50	0
1	4.3	1753434	1302	124	4.00639
2	4.3	47813	504	53	0
1	4.35	1784061	1326	126	3.94591
2	4.35	48968	514	53	0
1	4.4	1817663	1351	118	3.88498
2	4.4	50123	524	50	0
1	4.45	1848223	1374	112	4.12263
2	4.45	51273	534	50	0
1	4.5	1875749	1395	119	4.06429
2	4.5	52243	542	54	0
1	4.55	1906313	1418	127	4.00651
2	4.55	53398	552	54	0
1	4.6	1938396	1442	121	3.94982
2	4.6	54548	562	52	0
1	4.65	1970536	1467	120	4.17048
2	4.65	55703	572	52	0
1	4.7	2001102	1490	117	4.11592
2	4.7	56858	582	50	0
1	4.75	2033185	1514	119	4.05785
2	4.75	58013	592	50	0
1	4.8	2062288	1537	125	4.00556
2	4.8	58978	600	51	0
1	4.85	2092852	1560	124	3.95306
2	4.85	60133	610	51	0
1	4.9	2121893	1582	129	4.1616
2	4.9	61288	620	54	0
1	4.95	2152457	1605	128	4.10845
2	4.95	62308	629	54	0
1	5	2184540	1629	125	4.05416
2	5	63463	639	54	0
1	5.05	2215104	1652	119	4.00376
2	5.05	64433	647	54	0
1	5.1	2245726	1676	123	4.20276
2	5.1	65583	657	53	0
1	5.15	2276291	1699	121	4.15172
2	5.15	66738	667	53	0
1	5.2	2308374	1723	122	4.10148
2	5.2	67893	677	51	0
1	5.25	2338938	1746	121	4.0529
2	5.25	69048	687	51	0
1	5.3	2367983	1768	128	4.24054
2	5.3	70198	697	54	0
1	5.35	2398543	1791	128	4.19149
2	5.35	71223	706	54	0
1	5.4	2432203	1817	118	4.14257
2	5.4	72378	716	50	0
1	5.45	2462767	1840	120	4.09574
2	5.45	73658	727	50	0
1	5.5	2493331	1863	122	4.27496
2	5.5	74628	735	50	0
1	5.55	2525477	1888	126	4.22528
2	5.55	75783	745	50	0
1	5.6	2552941	1908	130	4.18008
2	5.6	76803	754	54	0
1	5.65	2583563	1932	135	4.13484
2	5.65	77828	763	54	0
1	5.7	2615646	1956	130	4.08927
2	5.7	78983	773	53	0
1	5.75	2646210	1979	123	4.25896
2	5.75	80083	782	53	0
1	5.8	2678347	2004	124	4.21481
2	5.8	81363	793	50	0
1	5.85	2708911	2027	122	4.1711
2	5.85	82522	803	50	0
1	5.9	2739475	2050	124	4.12747
2	5.9	83677	813	51	0
1	5.95	2770044	2073	132	4.28986
2	5.95	84697	822	51	0
1	6	2799089	2095	135	4.24717
2	6	85852	832	53	0
1	6.05	2831168	2119	134	4.20284
2	6.05	86877	841	53	0
1	6.1	2863309	2144	124	4.16182
2	6.1	88032	851	50	0
1	6.15	2893873	2167	127	4.31749
2	6.15	89261	861	50	0
1	6.2	2924437	2190	128	4.27581
2	6.2	90286	870	50	0
1	6.25	2955000	2213	131	4.23492
2	6.25	91441	880	50	0
1	6.3	2985561	2236	135	4.19321
2	6.3	92461	889	52	0
1	6.35	3016188	2260	135	4.34264
2	6.35	93616	899	52	0
1	6.4	3046752	2283	131	4.30224
2	6.4	94771	909	52	0
1	6.45	3077316	2306	126	4.26263
2	6.45	95871	918	52	0
1	6.5	3107876	2329	132	4.22297
2	6.5	96891	927	53	0
1	6.55	3138440	2352	132	4.1848
2	6.55	98046	937	53	0
1	6.6	3170523	2376	129	4.32726
2	6.6	99201	947	51	0
1	6.65	3201145	2400	126	4.28877
2	6.65	100351	957	51	0
1	6.7	3230190	2422	132	4.25139
2	6.7	101506	967	53	0
1	6.75	3260750	2445	132	4.2143
2	6.75	102476	975	53	0
1	6.8	3291314	2468	135	4.35194
2	6.8	103626	985	53	0
1	6.85	3323402	2492	128	4.31278
2	6.85	104651	994	53	0
1	6.9	3354024	2516	131	4.27756
2	6.9	105806	1004	51	0
1	6.95	3386103	2540	131	4.2397
2	6.95	107091	1015	51	0
1	7	3415148	2562	137	4.37279
2	7	108111	1024	53	0
1	7.05	3445712	2585	137	4.33656
2	7.05	109266	1034	53	0
1	7.1	3476276	2608	135	4.30092
2	7.1	110236	1042	53	0
1	7.15	3506840	2631	135	4.26586
2	7.15	111386	1052	53	0
1	7.2	3538982	2656	133	4.39375
2	7.2	112541	1062	51	0
1	7.25	3569546	2679	133	4.35848
2	7.25	113696	1072	51	0
1	7.3	3600110	2702	135	4.32242
2	7.3	114851	1082	53	0
1	7.35	3630674	2725	134	4.28831
2	7.35	115871	1091	53	0
1	7.4	3661293	2749	135	4.25472
2	7.4	116971	1100	53	0
1	7.45	3691798	2771	133	4.37805
2	7.45	118126	1110	53	0
1	7.5	3723939	2796	133	4.34393
2	7.5	119276	1120	51	0
1	7.55	3754503	2819	131	4.3107
2	7.55	120431	1130	51	0
1	7.6	3783548	2841	137	4.27829
2	7.6	121456	1139	53	0
1	7.65	3814108	2864	137	4.39771
2	7.65	122606	1149	53	0
1	7.7	3846254	2889	137	4.36313
2	7.7	123631	1158	53	0
1	7.75	3876818	2912	138	4.3308
2	7.75	124731	1167	53	0
1	7.8	3907382	2935	137	4.29951
2	7.8	125886	1177	52	0
1	7.85	3937946	2958	134	4.41525
2	7.85	127036	1187	52	0
1	7.9	3968506	2981	133	4.3832
2	7.9	128191	1197	52	0
1	7.95	4000647	3006	136	4.35
2	7.95	129346	1207	52	0
1	8	4032735	3030	134	4.31859
2	8	130496	1217	50	0
1	8.05	4063299	3053	139	4.43085
2	8.05	131651	1227	50	0.144023
1	8.1	4092340	3075	137	4.40053
2	8.1	132676	1236	51	0.142982
1	8.15	4124423	3099	139	4.3682
2	8.15	133776	1245	51	0.142
1	8.2	4153468	3121	143	4.33812
2	8.2	134796	1254	53	0.141064
1	8.25	4184090	3145	139	4.30811
2	8.25	135951	1264	53	0.139995
1	8.3	4214654	3168	142	4.41659
2	8.3	137106	1274	53	0.13898
1	8.35	4245214	3191	138	4.38651
2	8.35	138256	1284	53	0.138025
1	8.4	4277355	3216	134	4.35595
2	8.4	139226	1292	52	0.137152
1	8.45	4307861	3238	137	4.32671
2	8.45	140381	1302	52	0.136241
1	8.5	4336969	3261	142	4.4324
2	8.5	141531	1312	54	0.135243
1	8.55	4367529	3284	141	4.40299
2	8.55	142556	1321	54	0.134394
1	8.6	4398093	3307	146	4.37403
2	8.6	143711	1331	54	0.133458
1	8.65	4430176	3331	144	4.34397
2	8.65	144866	1341	54	0.132536
1	8.7	4462317	3356	133	4.44736
2	8.7	146016	1351	50	0.131696
1	8.75	4492881	3379	138	4.41868
2	8.75	147305	1362	50	0.13082
1	8.8	4523441	3402	140	4.38974
2	8.8	148275	1370	51	0.130002
1	8.85	4554005	3425	143	4.36176
2	8.85	149425	1380	51	0.129149
1	8.9	4584574	3448	141	4.33414
2	8.9	150580	1390	51	0.128285
1	8.95	4615196	3472	145	4.43351
2	8.95	151605	1399	51	0.127553
1	9	4645699	3494	143	4.40525
2	9	152760	1409	52	0.126694
1	9.05	4676320	3518	141	4.37783
2	9.05	153780	1418	52	0.125888
1	9.1	4708403	3542	146	4.35
2	9.1	155010	1428	51	0.125079
1	9.15	4738967	3565	146	4.44683
2	9.15	156035	1437	51	0.124399
1	9.2	4769531	3588	145	4.41916
2	9.2	157185	1447	52	0.123581
1	9.25	4800149	3612	143	4.39233
2	9.25	158340	1457	52	0.122775
1	9.3	4830718	3635	148	4.36589
2	9.3	159495	1467	52	0.12203
1	9.35	4861282	3658	144	4.46026
2	9.35	160515	1476	52	0.121331
1	9.4	4891846	3681	145	4.43318
2	9.4	161670	1486	53	0.120555
1	9.45	4922410	3704	142	4.40695
2	9.45	162640	1494	53	0.119928
1	9.5	4953028	3728	148	4.38049
2	9.5	163795	1504	54	0.119168
1	9.55	4983592	3751	145	4.47254
2	9.55	164945	1514	54	0.118418
1	9.6	5015675	3775	139	4.44734
2	9.6	166100	1524	50	0.11778
1	9.65	5047758	3799	140	4.42036
2	9.65	167255	1534	50	0.117083
1	9.7	5075280	3820	143	4.39595
2	9.7	168405	1544	53	0.116364
1	9.75	5107368	3844	147	4.36959
2	9.75	169375	1552	53	0.115721
1	9.8	5137990	3868	153	4.45959
2	9.8	170530	1562	52	0.11504
1	9.85	5168554	3891	150	4.43437
2	9.85	171685	1572	52	0.114367
1	9.9	5200637	3915	146	4.40873
2	9.9	172835	1582	51	0.113732
1	9.95	5231197	3938	144	4.38411
2	9.95	173990	1592	51	0.113075
1	10	5260242	3960	151	4.47129
2	10	175015	1601	54	0.112466
1	10.05	5290864	3984	151	4.44657
2	10.05	175980	1609	54	0.111867
1	10.1	5321428	4007	149	4.42262
2	10.1	177135	1619	53	0.11123
1	10.15	5353512	4031	146	4.39726
2	10.15	178290	1629	53	0.110601
1	10.2	5385595	4055	142	4.48248
2	10.2	179440	1639	51	0.11002
1	10.25	5416217	4079	145	4.45824
2	10.25	180595	1649	51	0.109416
1	10.3	5446781	4102	148	4.43429
2	10.3	181750	1659	51	0.108795
1	10.35	5477345	4125	148	4.41057
2	10.35	182905	1669	51	0.108182
1	10.4	5507905	4148	147	4.49413
2	10.4	184055	1679	51	0.107601
1	10.45	5538469	4171	152	4.47036
2	10.45	185155	1688	51	0.107002
1	10.5	5551915	4190	53	4.44802
2	10.5	186180	1697	53	0.106469
1	10.55	5552089	4193	53	4.42498
2	10.55	187276	1706	53	0.105882
1	10.6	5552468	4198	52	4.40231
2	10.6	187805	1710	52	0.105398
1	10.65	5552964	4204	52	4.37906
2	10.65	188289	1714	52	0.104988
1	10.7	5553308	4208	52	4.36221
2	10.7	188422	1715	52	0.104728
1	10.75	5553394	4209	52	4.3515
2	10.75	188422	1715	52	0.104728
1	10.8	5553394	4209	52	4.3515
2	10.8	188422	1715	52	0.104728
1	10.85	5553394	4209	52	4.3515
2	10.85	188422	1715	52	0.104728
1	10.9	5553394	4209	52	4.3515
2	10.9	188422	1715	52	0.104728
1	10.95	5553394	4209	52	4.3515
2	10.95	188422	1715	52	0.104728
1	11	5553394	4209	52	4.3515
2	11	188422	1715	52	0.104728
1	11.05	5553394	4209	52	4.3515
2	11.05	188422	1715	52	0.104728
1	11.1	5553394	4209	52	4.3515
2	11.1	188422	1715	52	0.104728
1	11.15	5553394	4209	52	4.3515
2	11.15	188422	1715	52	0.104728
1	11.2	5553394	4209	52	4.3515
2	11.2	188422	1715	52	0.104728
1	11.25	5553394	4209	52	4.3515
2	11.25	188422	1715	52	0.104728
1	11.3	5553394	4209	52	4.3515
2	11.3	188422	1715	52	0.104728
1	11.35	5553394	4209	52	4.3515
2	11.35	188422	1715	52	0.104728
1	11.4	5553394	4209	52	4.3515
2	11.4	188422	1715	52	0.104728
1	11.45	5553394	4209	52	4.3515
2	11.45	188422	1715	52	0.104728
1	11.5	5553394	4209	52	4.3515
2	11.5	188422	1715	52	0.104728
1	11.55	5553394	4209	52	4.3515
2	11.55	188422	1715	52	0.104728
1	11.6	5553394	4209	52	4.3515
2	11.6	188422	1715	52	0.104728
1	11.65	5553394	4209	52	4.3515
2	11.65	188422	1715	52	0.104728
1	11.7	5553394	4209	52	4.3515
2	11.7	188422	1715	52	0.104728
1	11.75	5553394	4209	52	4.3515
2	11.75	188422	1715	52	0.104728
1	11.8	5553394	4209	52	4.3515
2	11.8	188422	1715	52	0.104728
1	11.85	5553394	4209	52	4.3515
2	11.85	188422	1715	52	0.104728
1	11.9	5553394	4209	52	4.3515
2	11.9	188422	1715	52	0.104728
1	11.95	5553394	4209	52	4.3515
2	11.95	188422	1715	52	0.104728
1	12	5553394	4209	52	4.3515
2	12	188422	1715	52	0.104728
1	12.05	5553394	4209	52	4.3515
2	12.05	188422	1715	52	0.104728
1	12.1	5553394	4209	52	4.3515
2	12.1	188422	1715	52	0.104728
1	12.15	5553394	4209	52	4.3515
2	12.15	188422	1715	52	0.104728
1	12.2	5553394	4209	52	4.3515
2	12.2	188422	1715	52	0.104728
1	12.25	5553394	4209	52	4.3515
2	12.25	188422	1715	52	0.104728
1	12.3	5553394	4209	52	4.3515
2	12.3	188422	1715	52	0.104728
1	12.35	5553394	4209	52	4.3515
2	12.35	188422	1715	52	0.104728
1	12.4	5553394	4209	52	4.3515
2	12.4	188422	1715	52	0.104728
1	12.45	5553394	4209	52	4.3515
2	12.45	188422	1715	52	0.104728
1	12.5	5553394	4209	52	4.3515
2	12.5	188422	1715	52	0.104728
1	12.55	5553394	4209	52	4.3515
2	12.55	188422	1715	52	0.104728
1	12.6	5553394	4209	52	4.3515
2	12.6	188422	1715	52	0.104728
1	12.65	5553394	4209	52	4.3515
2	12.65	188422	1715	52	0.104728
1	12.7	5553394	4209	52	4.3515
2	12.7	188422	1715	52	0.104728
1	12.75	5553394	4209	52	4.3515
2	12.75	188422	1715	52	0.104728
1	12.8	5553394	4209	52	4.3515
2	12.8	188422	1715	52	0.104728
1	12.85	5553394	4209	52	4.3515
2	12.85	188422	1715	52	0.104728
1	12.9	5553394	4209	52	4.3515
2	12.9	188422	1715	52	0.104728
1	12.95	5553394	4209	52	4.3515
2	12.95	188422	1715	52	0.104728
1	13	5553394	4209	52	4.3515
2	13	188422	1715	52	0.104728
1	13.05	5553394	4209	52	4.3515
2	13.05	188422	1715	52	0.104728
1	13.1	5553394	4209	52	4.3515
2	13.1	188422	1715	52	0.104728
1	13.15	5553394	4209	52	4.3515
2	13.15	188422	1715	52	0.104728
1	13.2	5553394	4209	52	4.3515
2	13.2	188422	1715	52	0.104728
1	13.25	5553394	4209	52	4.3515
2	13.25	188422	1715	52	0.104728
1	13.3	5553394	4209	52	4.3515
2	13.3	188422	1715	52	0.104728
1	13.35	5553394	4209	52	4.3515
2	13.35	188422	1715	52	0.104728
1	13.4	5553394	4209	52	4.3515
2	13.4	188422	1715	52	0.104728
1	13.45	5553394	4209	52	4.3515
2	13.45	188422	1715	52	0.104728
1	13.5	5553394	4209	52	4.3515
2	13.5	188422	1715	52	0.104728
1	13.55	5553394	4209	52	4.3515
2	13.55	188422	1715	52	0.104728
1	13.6	5553394	4209	52	4.3515
2	13.6	188422	1715	52	0.104728
1	13.65	5553394	4209	52	4.3515
2	13.65	188422	1715	52	0.104728
1	13.7	5553394	4209	52	4.3515
2	13.7	188422	1715	52	0.104728
1	13.75	5553394	4209	52	4.3515
2	13.75	188422	1715	52	0.104728
1	13.8	5553394	4209	52	4.3515
2	13.8	188422	1715	52	0.104728
1	13.85	5553394	4209	52	4.3515
2	13.85	188422	1715	52	0.104728
1	13.9	5553394	4209	52	4.3515
2	13.9	188422	1715	52	0.104728
1	13.95	5553394	4209	52	4.3515
2	13.95	188422	1715	52	0.104728
1	14	5553394	4209	52	4.3515
2	14	188422	1715	52	0.104728
1	14.05	5553394	4209	52	4.3515
2	14.05	188422	1715	52	0.104728
1	14.1	5553394	4209	52	4.3515
2	14.1	188422	1715	52	0.104728
1	14.15	5553394	4209	52	4.3515
2	14.15	188422	1715	52	0.104728
1	14.2	5553394	4209	52	4.3515
2	14.2	188422	1715	52	0.104728
1	14.25	5553394	4209	52	4.3515
2	14.25	188422	1715	52	0.104728
1	14.3	5553394	4209	52	4.3515
2	14.3	188422	1715	52	0.104728
1	14.35	5553394	4209	52	4.3515
2	14.35	188422	1715	52	0.104728
1	14.4	5553394	4209	52	4.3515
2	14.4	188422	1715	52	0.104728
1	14.45	5553394	4209	52	4.3515
2	14.45	188422	1715	52	0.104728
1	14.5	5553394	4209	52	4.3515
2	14.5	188422	1715	52	0.104728
1	14.55	5553394	4209	52	4.3515
2	14.55	188422	1715	52	0.104728
1	14.6	5553394	4209	52	4.3515
2	14.6	188422	1715	52	0.104728
1	14.65	5553394	4209	52	4.3515
2	14.65	188422	1715	52	0.104728
1	14.7	5553394	4209	52	4.3515
2	14.7	188422	1715	52	0.104728
1	14.75	5553394	4209	52	4.3515
2	14.75	188422	1715	52	0.104728
1	14.8	5553394	4209	52	4.3515
2	14.8	188422	1715	52	0.104728
1	14.85	5553394	4209	52	4.3515
2	14.85	188422	1715	52	0.104728
1	14.9	5553394	4209	52	4.3515
2	14.9	188422	1715	52	0.104728
1	14.95	5553394	4209	52	4.3515
2	14.95	188422	1715	52	0.104728
1	15	5553394	4209	52	4.3515
2	15	188422	1715	52	0.104728
1	15.05	5553394	4209	52	4.3515
2	15.05	188422	1715	52	0.104728
1	15.1	5553394	4209	52	4.3515
2	15.1	188422	1715	52	0.104728
1	15.15	5553394	4209	52	4.3515
2	15.15	188422	1715	52	0.104728
1	15.2	5553394	4209	52	4.3515
2	15.2	188422	1715	52	0.104728
1	15.25	5553394	4209	52	4.3515
2	15.25	188422	1715	52	0.104728
1	15.3	5553394	4209	52	4.3515
2	15.3	188422	1715	52	0.104728
1	15.35	5553394	4209	52	4.3515
2	15.35	188422	1715	52	0.104728
1	15.4	5553394	4209	52	4.3515
2	15.4	188422	1715	52	0.104728
1	15.45	5553394	4209	52	4.3515
2	15.45	188422	1715	52	0.104728
1	15.5	5553394	4209	52	4.3515
2	15.5	188422	1715	52	0.104728
1	15.55	5553394	4209	52	4.3515
2	15.55	188422	1715	52	0.104728
1	15.6	5553394	4209	52	4.3515
2	15.6	188422	1715	52	0.104728
1	15.65	5553394	4209	52	4.3515
2	15.65	188422	1715	52	0.104728
1	15.7	5553394	4209	52	4.3515
2	15.7	188422	1715	52	0.104728
1	15.75	5553394	4209	52	4.3515
2	15.75	188422	1715	52	0.104728
1	15.8	5553394	4209	52	4.3515
2	15.8	188422	1715	52	0.104728
1	15.85	5553394	4209	52	4.3515
2	15.85	188422	1715	52	0.104728
1	15.9	5553394	4209	52	4.3515
2	15.9	188422	1715	52	0.104728
1	15.95	5553394	4209	52	4.3515
2	15.95	188422	1715	52	0.104728
1	16	5553394	4209	52	4.3515
2	16	188422	1715	52	0.104728
1	16.05	5553394	4209	52	4.3515
2	16.05	188422	1715	52	0.104728
1	16.1	5553394	4209	52	4.3515
2	16.1	188422	1715	52	0.104728
1	16.15	5553394	4209	52	4.3515
2	16.15	188422	1715	52	0.104728
1	16.2	5553394	4209	52	4.3515
2	16.2	188422	1715	52	0.104728
1	16.25	5553394	4209	52	4.3515
2	16.25	188422	1715	52	0.104728
1	16.3	5553394	4209	52	4.3515
2	16.3	188422	1715	52	0.104728
1	16.35	5553394	4209	52	4.3515
2	16.35	188422	1715	52	0.104728
1	16.4	5553394	4209	52	4.3515
2	16.4	188422	1715	52	0.104728
1	16.45	5553394	4209	52	4.3515
2	16.45	188422	1715	52	0.104728
1	16.5	5553394	4209	52	4.3515
2	16.5	188422	1715	52	0.104728
1	16.55	5553394	4209	52	4.3515
2	16.55	188422	1715	52	0.104728
1	16.6	5553394	4209	52	4.3515
2	16.6	188422	1715	52	0.104728
1	16.65	5553394	4209	52	4.3515
2	16.65	188422	1715	52	0.104728
1	16.7	5553394	4209	52	4.3515
2	16.7	188422	1715	52	0.104728
1	16.75	5553394	4209	52	4.3515
2	16.75	188422	1715	52	0.104728
1	16.8	5553394	4209	52	4.3515
2	16.8	188422	1715	52	0.104728
1	16.85	5553394	4209	52	4.3515
2	16.85	188422	1715	52	0.104728
1	16.9	5553394	4209	52	4.3515
2	16.9	188422	1715	52	0.104728
1	16.95	5553394	4209	52	4.3515
2	16.95	188422	1715	52	0.104728
1	17	5553394	4209	52	4.3515
2	17	188422	1715	52	0.104728
1	17.05	5553394	4209	52	4.3515
2	17.05	188422	1715	52	0.104728
1	17.1	5553394	4209	52	4.3515
2	17.1	188422	1715	52	0.104728
1	17.15	5553394	4209	52	4.3515
2	17.15	188422	1715	52	0.104728
1	17.2	5553394	4209	52	4.3515
2	17.2	188422	1715	52	0.104728
1	17.25	5553394	4209	52	4.3515
2	17.25	188422	1715	52	0.104728
1	17.3	5553394	4209	52	4.3515
2	17.3	188422	1715	52	0.104728
1	17.35	5553394	4209	52	4.3515
2	17.35	188422	1715	52	0.104728
1	17.4	5553394	4209	52	4.3515
2	17.4	188422	1715	52	0.104728
1	17.45	5553394	4209	52	4.3515
2	17.45	188422	1715	52	0.104728
1	17.5	5553394	4209	52	4.3515
2	17.5	188422	1715	52	0.104728
1	17.55	5553394	4209	52	4.3515
2	17.55	188422	1715	52	0.104728
1	17.6	5553394	4209	52	4.3515
2	17.6	188422	1715	52	0.104728
1	17.65	5553394	4209	52	4.3515
2	17.65	188422	1715	52	0.104728
1	17.7	5553394	4209	52	4.3515
2	17.7	188422	1715	52	0.104728
1	17.75	5553394	4209	52	4.3515
2	17.75	188422	1715	52	0.104728
1	17.8	5553394	4209	52	4.3515
2	17.8	188422	1715	52	0.104728
1	17.85	5553394	4209	52	4.3515
2	17.85	188422	1715	52	0.104728
1	17.9	5553394	4209	52	4.3515
2	17.9	188422	1715	52	0.104728
1	17.95	5553394	4209	52	4.3515
2	17.95	188422	1715	52	0.104728
1	18	5553394	4209	52	4.3515
2	18	188422	1715	52	0.104728
1	18.05	5553394	4209	52	4.3515
2	18.05	188422	1715	52	0.104728
1	18.1	5553394	4209	52	4.3515
2	18.1	188422	1715	52	0.104728
1	18.15	5553394	4209	52	4.3515
2	18.15	188422	1715	52	0.104728
1	18.2	5553394	4209	52	4.3515
2	18.2	188422	1715	52	0.104728
1	18.25	5553394	4209	52	4.3515
2	18.25	188422	1715	52	0.104728
1	18.3	5553394	4209	52	4.3515
2	18.3	188422	1715	52	0.104728
1	18.35	5553394	4209	52	4.3515
2	18.35	188422	1715	52	0.104728
1	18.4	5553394	4209	52	4.3515
2	18.4	188422	1715	52	0.104728
1	18.45	5553394	4209	52	4.3515
2	18.45	188422	1715	52	0.104728
1	18.5	5553394	4209	52	4.3515
2	18.5	188422	1715	52	0.104728
1	18.55	5553394	4209	52	4.3515
2	18.55	188422	1715	52	0.104728
1	18.6	5553394	4209	52	4.3515
2	18.6	188422	1715	52	0.104728
1	18.65	5553394	4209	52	4.3515
2	18.65	188422	1715	52	0.104728
1	18.7	5553394	4209	52	4.3515
2	18.7	188422	1715	52	0.104728
1	18.75	5553394	4209	52	4.3515
2	18.75	188422	1715	52	0.104728
1	18.8	5553394	4209	52	4.3515
2	18.8	188422	1715	52	0.104728
1	18.85	5553394	4209	52	4.3515
2	18.85	188422	1715	52	0.104728
1	18.9	5553394	4209	52	4.3515
2	18.9	188422	1715	52	0.104728
1	18.95	5553394	4209	52	4.3515
2	18.95	188422	1715	52	0.104728
1	19	5553394	4209	52	4.3515
2	19	188422	1715	52	0.104728
1	19.05	5553394	4209	52	4.3515
2	19.05	188422	1715	52	0.104728
1	19.1	5553394	4209	52	4.3515
2	19.1	188422	1715	52	0.104728
1	19.15	5553394	4209	52	4.3515
2	19.15	188422	1715	52	0.104728
1	19.2	5553394	4209	52	4.3515
2	19.2	188422	1715	52	0.104728
1	19.25	5553394	4209	52	4.3515
2	19.25	188422	1715	52	0.104728
1	19.3	5553394	4209	52	4.3515
2	19.3	188422	1715	52	0.104728
1	19.35	5553394	4209	52	4.3515
2	19.35	188422	1715	52	0.104728
1	19.4	5553394	4209	52	4.3515
2	19.4	188422	1715	52	0.104728
1	19.45	5553394	4209	52	4.3515
2	19.45	188422	1715	52	0.104728
1	19.5	5553394	4209	52	4.3515
2	19.5	188422	1715	52	0.104728
1	19.55	5553394	4209	52	4.3515
2	19.55	188422	1715	52	0.104728
1	19.6	5553394	4209	52	4.3515
2	19.6	188422	1715	52	0.104728
1	19.65	5553394	4209	52	4.3515
2	19.65	188422	1715	52	0.104728
1	19.7	5553394	4209	52	4.3515
2	19.7	188422	1715	52	0.104728
1	19.75	5553394	4209	52	4.3515
2	19.75	188422	1715	52	0.104728
1	19.8	5553394	4209	52	4.3515
2	19.8	188422	1715	52	0.104728
1	19.85	5553394	4209	52	4.3515
2	19.85	188422	1715	52	0.104728
1	19.9	5553394	4209	52	4.3515
2	19.9	188422	1715	52	0.104728
1	19.95	5553394	4209	52	4.3515
2	19.95	188422	1715	52	0.104728
1	20	5553394	4209	52	4.3515
2	20	188422	1715	52	0.104728
1	20.05	5553394	4209	52	4.3515
2	20.05	188422	1715	52	0.104728
1	20.1	5553394	4209	52	4.3515
2	20.1	188422	1715	52	0.104728
1	20.15	5553394	4209	52	4.3515
2	20.15	188422	1715	52	0.104728
1	20.2	5553394	4209	52	4.3515
2	20.2	188422	1715	52	0.104728
1	20.25	5553394	4209	52	4.3515
2	20.25	188422	1715	52	0.104728
1	20.3	5553394	4209	52	4.3515
2	20.3	188422	1715	52	0.104728
1	20.35	5553394	4209	52	4.3515
2	20.35	188422	1715	52	0.104728
1	20.4	5553394	4209	52	4.3515
2	20.4	188422	1715	52	0.104728
1	20.45	5553394	4209	52	4.3515
2	20.45	188422	1715	52	0.104728
1	20.5	5553394	4209	52	4.3515
2	20.5	188422	1715	52	0.104728
1	20.55	5553394	4209	52	4.3515
2	20.55	188422	1715	52	0.104728
1	20.6	5553394	4209	52	4.3515
2	20.6	188422	1715	52	0.104728
1	20.65	5553394	4209	52	4.3515
2	20.65	188422	1715	52	0.104728
1	20.7	5553394	4209	52	4.3515
2	20.7	188422	1715	52	0.104728
1	20.75	5553394	4209	52	4.3515
2	20.75	188422	1715	52	0.104728
1	20.8	5553394	4209	52	4.3515
2	20.8	188422	1715	52	0.104728
1	20.85	5553394	4209	52	4.3515
2	20.85	188422	1715	52	0.104728
1	20.9	5553394	4209	52	4.3515
2	20.9	188422	1715	52	0.104728
1	20.95	5553394	4209	52	4.3515
2	20.95	188422	1715	52	0.104728
1	21	5553394	4209	52	4.3515
2	21	188422	1715	52	0.104728
1	21.05	5553394	4209	52	4.3515
2	21.05	188422	1715	52	0.104728
1	21.1	5553394	4209	52	4.3515
2	21.1	188422	1715	52	0.104728
1	21.15	5553394	4209	52	4.3515
2	21.15	188422	1715	52	0.104728
1	21.2	5553394	4209	52	4.3515
2	21.2	188422	1715	52	0.104728
1	21.25	5553394	4209	52	4.3515
2	21.25	188422	1715	52	0.104728
1	21.3	5553394	4209	52	4.3515
2	21.3	188422	1715	52	0.104728
1	21.35	5553394	4209	52	4.3515
2	21.35	188422	1715	52	0.104728
1	21.4	5553394	4209	52	4.3515
2	21.4	188422	1715	52	0.104728
1	21.45	5553394	4209	52	4.3515
2	21.45	188422	1715	52	0.104728
1	21.5	5553394	4209	52	4.3515
2	21.5	188422	1715	52	0.104728
1	21.55	5553394	4209	52	4.3515
2	21.55	188422	1715	52	0.104728
1	21.6	5553394	4209	52	4.3515
2	21.6	188422	1715	52	0.104728
1	21.65	5553394	4209	52	4.3515
2	21.65	188422	1715	52	0.104728
1	21.7	5553394	4209	52	4.3515
2	21.7	188422	1715	52	0.104728
1	21.75	5553394	4209	52	4.3515
2	21.75	188422	1715	52	0.104728
1	21.8	5553394	4209	52	4.3515
2	21.8	188422	1715	52	0.104728
1	21.85	5553394	4209	52	4.3515
2	21.85	188422	1715	52	0.104728
1	21.9	5553394	4209	52	4.3515
2	21.9	188422	1715	52	0.104728
1	21.95	5553394	4209	52	4.3515
2	21.95	188422	1715	52	0.104728
1	22	5553394	4209	52	4.3515
2	22	188422	1715	52	0.104728
1	22.05	5553394	4209	52	4.3515
2	22.05	188422	1715	52	0.104728
1	22.1	5553394	4209	52	4.3515
2	22.1	188422	1715	52	0.104728
1	22.15	5553394	4209	52	4.3515
2	22.15	188422	1715	52	0.104728
1	22.2	5553394	4209	52	4.3515
2	22.2	188422	1715	52	0.104728
1	22.25	5553394	4209	52	4.3515
2	22.25	188422	1715	52	0.104728
1	22.3	5553394	4209	52	4.3515
2	22.3	188422	1715	52	0.104728
1	22.35	5553394	4209	52	4.3515
2	22.35	188422	1715	52	0.104728
1	22.4	5553394	4209	52	4.3515
2	22.4	188422	1715	52	0.104728
1	22.45	5553394	4209	52	4.3515
2	22.45	188422	1715	52	0.104728
1	22.5	5553394	4209	52	4.3515
2	22.5	188422	1715	52	0.104728
1	22.55	5553394	4209	52	4.3515
2	22.55	188422	1715	52	0.104728
1	22.6	5553394	4209	52	4.3515
2	22.6	188422	1715	52	0.104728
1	22.65	5553394	4209	52	4.3515
2	22.65	188422	1715	52	0.104728
1	22.7	5553394	4209	52	4.3515
2	22.7	188422	1715	52	0.104728
1	22.75	5553394	4209	52	4.3515
2	22.75	188422	1715	52	0.104728
1	22.8	5553394	4209	52	4.3515
2	22.8	188422	1715	52	0.104728
1	22.85	5553394	4209	52	4.3515
2	22.85	188422	1715	52	0.104728
1	22.9	5553394	4209	52	4.3515
2	22.9	188422	1715	52	0.104728
1	22.95	5553394	4209	52	4.3515
2	22.95	188422	1715	52	0.104728
1	23	5553394	4209	52	4.3515
2	23	188422	1715	52	0.104728
1	23.05	5553394	4209	52	4.3515
2	23.05	188422	1715	52	0.104728
1	23.1	5553394	4209	52	4.3515
2	23.1	188422	1715	52	0.104728
1	23.15	5553394	4209	52	4.3515
2	23.15	188422	1715	52	0.104728
1	23.2	5553394	4209	52	4.3515
2	23.2	188422	1715	52	0.104728
1	23.25	5553394	4209	52	4.3515
2	23.25	188422	1715	52	0.104728
1	23.3	5553394	4209	52	4.3515
2	23.3	188422	1715	52	0.104728
1	23.35	5553394	4209	52	4.3515
2	23.35	188422	1715	52	0.104728
1	23.4	5553394	4209	52	4.3515
2	23.4	188422	1715	52	0.104728
1	23.45	5553394	4209	52	4.3515
2	23.45	188422	1715	52	0.104728
1	23.5	5553394	4209	52	4.3515
2	23.5	188422	1715	52	0.104728
1	23.55	5553394	4209	52	4.3515
2	23.55	188422	1715	52	0.104728
1	23.6	5553394	4209	52	4.3515
2	23.6	188422	1715	52	0.104728
1	23.65	5553394	4209	52	4.3515
2	23.65	188422	1715	52	0.104728
1	23.7	5553394	4209	52	4.3515
2	23.7	188422	1715	52	0.104728
1	23.75	5553394	4209	52	4.3515
2	23.75	188422	1715	52	0.104728
1	23.8	5553394	4209	52	4.3515
2	23.8	188422	1715	52	0.104728
1	23.85	5553394	4209	52	4.3515
2	23.85	188422	1715	52	0.104728
1	23.9	5553394	4209	52	4.3515
2	23.9	188422	1715	52	0.104728
1	23.95	5553394	4209	52	4.3515
2	23.95	188422	1715	52	0.104728
1	24	5553394	4209	52	4.3515
2	24	188422	1715	52	0.104728
1	24.05	5553394	4209	52	4.3515
2	24.05	188422	1715	52	0.104728
1	24.1	5553394	4209	52	4.3515
2	24.1	188422	1715	52	0.104728
1	24.15	5553394	4209	52	4.3515
2	24.15	188422	1715	52	0.104728
1	24.2	5553394	4209	52	4.3515
2	24.2	188422	1715	52	0.104728
1	24.25	5553394	4209	52	4.3515
2	24.25	188422	1715	52	0.104728
1	24.3	5553394	4209	52	4.3515
2	24.3	188422	1715	52	0.104728
1	24.35	5553394	4209	52	4.3515
2	24.35	188422	1715	52	0.104728
1	24.4	5553394	4209	52	4.3515
2	24.4	188422	1715	52	0.104728
1	24.45	5553394	4209	52	4.3515
2	24.45	188422	1715	52	0.104728
1	24.5	5553394	4209	52	4.3515
2	24.5	188422	1715	52	0.104728
1	24.55	5553394	4209	52	4.3515
2	24.55	188422	1715	52	0.104728
1	24.6	5553394	4209	52	4.3515
2	24.6	188422	1715	52	0.104728
1	24.65	5553394	4209	52	4.3515
2	24.65	188422	1715	52	0.104728
1	24.7	5553394	4209	52	4.3515
2	24.7	188422	1715	52	0.104728
1	24.75	5553394	4209	52	4.3515
2	24.75	188422	1715	52	0.104728
1	24.8	5553394	4209	52	4.3515
2	24.8	188422	1715	52	0.104728
1	24.85	5553394	4209	52	4.3515
2	24.85	188422	1715	52	0.104728
1	24.9	5553394	4209	52	4.3515
2	24.9	188422	1715	52	0.104728
1	24.95	5553394	4209	52	4.3515
2	24.95	188422	1715	52	0.104728
1	25	5553394	4209	52	4.3515
2	25	188422	1715	52	0.104728
1	25.05	5553394	4209	52	4.3515
2	25.05	188422	1715	52	0.104728
1	25.1	5553394	4209	52	4.3515
2	25.1	188422	1715	52	0.104728
1	25.15	5553394	4209	52	4.3515
2	25.15	188422	1715	52	0.104728
1	25.2	5553394	4209	52	4.3515
2	25.2	188422	1715	52	0.104728
1	25.25	5553394	4209	52	4.3515
2	25.25	188422	1715	52	0.104728
1	25.3	5553394	4209	52	4.3515
2	25.3	188422	1715	52	0.104728
1	25.35	5553394	4209	52	4.3515
2	25.35	188422	1715	52	0.104728
1	25.4	5553394	4209	52	4.3515
2	25.4	188422	1715	52	0.104728
1	25.45	5553394	4209	52	4.3515
2	25.45	188422	1715	52	0.104728
1	25.5	5553394	4209	52	4.3515
2	25.5	188422	1715	52	0.104728
1	25.55	5553394	4209	52	4.3515
2	25.55	188422	1715	52	0.104728
1	25.6	5553394	4209	52	4.3515
2	25.6	188422	1715	52	0.104728
1	25.65	5553394	4209	52	4.3515
2	25.65	188422	1715	52	0.104728
1	25.7	5553394	4209	52	4.3515
2	25.7	188422	1715	52	0.104728
1	25.75	5553394	4209	52	4.3515
2	25.75	188422	1715	52	0.104728
1	25.8	5553394	4209	52	4.3515
2	25.8	188422	1715	52	0.104728
1	25.85	5553394	4209	52	4.3515
2	25.85	188422	1715	52	0.104728
1	25.9	5553394	4209	52	4.3515
2	25.9	188422	1715	52	0.104728
1	25.95	5553394	4209	52	4.3515
2	25.95	188422	1715	52	0.104728
1	26	5553394	4209	52	4.3515
2	26	188422	1715	52	0.104728
1	26.05	5553394	4209	52	4.3515
2	26.05	188422	1715	52	0.104728
1	26.1	5553394	4209	52	4.3515
2	26.1	188422	1715	52	0.104728
1	26.15	5553394	4209	52	4.3515
2	26.15	188422	1715	52	0.104728
1	26.2	5553394	4209	52	4.3515
2	26.2	188422	1715	52	0.104728
1	26.25	5553394	4209	52	4.3515
2	26.25	188422	1715	52	0.104728
1	26.3	5553394	4209	52	4.3515
2	26.3	188422	1715	52	0.104728
1	26.35	5553394	4209	52	4.3515
2	26.35	188422	1715	52	0.104728
1	26.4	5553394	4209	52	4.3515
2	26.4	188422	1715	52	0.104728
1	26.45	5553394	4209	52	4.3515
2	26.45	188422	1715	52	0.104728
1	26.5	5553394	4209	52	4.3515
2	26.5	188422	1715	52	0.104728
1	26.55	5553394	4209	52	4.3515
2	26.55	188422	1715	52	0.104728
1	26.6	5553394	4209	52	4.3515
2	26.6	188422	1715	52	0.104728
1	26.65	5553394	4209	52	4.3515
2	26.65	188422	1715	52	0.104728
1	26.7	5553394	4209	52	4.3515
2	26.7	188422	1715	52	0.104728
1	26.75	5553394	4209	52	4.3515
2	26.75	188422	1715	52	0.104728
1	26.8	5553394	4209	52	4.3515
2	26.8	188422	1715	52	0.104728
1	26.85	5553394	4209	52	4.3515
2	26.85	188422	1715	52	0.104728
1	26.9	5553394	4209	52	4.3515
2	26.9	188422	1715	52	0.104728
1	26.95	5553394	4209	52	4.3515
2	26.95	188422	1715	52	0.104728
1	27	5553394	4209	52	4.3515
2	27	188422	1715	52	0.104728
1	27.05	5553394	4209	52	4.3515
2	27.05	188422	1715	52	0.104728
1	27.1	5553394	4209	52	4.3515
2	27.1	188422	1715	52	0.104728
1	27.15	5553394	4209	52	4.3515
2	27.15	188422	1715	52	0.104728
1	27.2	5553394	4209	52	4.3515
2	27.2	188422	1715	52	0.104728
1	27.25	5553394	4209	52	4.3515
2	27.25	188422	1715	52	0.104728
1	27.3	5553394	4209	52	4.3515
2	27.3	188422	1715	52	0.104728
1	27.35	5553394	4209	52	4.3515
2	27.35	188422	1715	52	0.104728
1	27.4	5553394	4209	52	4.3515
2	27.4	188422	1715	52	0.104728
1	27.45	5553394	4209	52	4.3515
2	27.45	188422	1715	52	0.104728
1	27.5	5553394	4209	52	4.3515
2	27.5	188422	1715	52	0.104728
1	27.55	5553394	4209	52	4.3515
2	27.55	188422	1715	52	0.104728
1	27.6	5553394	4209	52	4.3515
2	27.6	188422	1715	52	0.104728
1	27.65	5553394	4209	52	4.3515
2	27.65	188422	1715	52	0.104728
1	27.7	5553394	4209	52	4.3515
2	27.7	188422	1715	52	0.104728
1	27.75	5553394	4209	52	4.3515
2	27.75	188422	1715	52	0.104728
1	27.8	5553394	4209	52	4.3515
2	27.8	188422	1715	52	0.104728
1	27.85	5553394	4209	52	4.3515
2	27.85	188422	1715	52	0.104728
1	27.9	5553394	4209	52	4.3515
2	27.9	188422	1715	52	0.104728
1	27.95	5553394	4209	52	4.3515
2	27.95	188422	1715	52	0.104728
1	28	5553394	4209	52	4.3515
2	28	188422	1715	52	0.104728
1	28.05	5553394	4209	52	4.3515
2	28.05	188422	1715	52	0.104728
1	28.1	5553394	4209	52	4.3515
2	28.1	188422	1715	52	0.104728
1	28.15	5553394	4209	52	4.3515
2	28.15	188422	1715	52	0.104728
1	28.2	5553394	4209	52	4.3515
2	28.2	188422	1715	52	0.104728
1	28.25	5553394	4209	52	4.3515
2	28.25	188422	1715	52	0.104728
1	28.3	5553394	4209	52	4.3515
2	28.3	188422	1715	52	0.104728
1	28.35	5553394	4209	52	4.3515
2	28.35	188422	1715	52	0.104728
1	28.4	5553394	4209	52	4.3515
2	28.4	188422	1715	52	0.104728
1	28.45	5553394	4209	52	4.3515
2	28.45	188422	1715	52	0.104728
1	28.5	5553394	4209	52	4.3515
2	28.5	188422	1715	52	0.104728
1	28.55	5553394	4209	52	4.3515
2	28.55	188422	1715	52	0.104728
1	28.6	5553394	4209	52	4.3515
2	28.6	188422	1715	52	0.104728
1	28.65	5553394	4209	52	4.3515
2	28.65	188422	1715	52	0.104728
1	28.7	5553394	4209	52	4.3515
2	28.7	188422	1715	52	0.104728
1	28.75	5553394	4209	52	4.3515
2	28.75	188422	1715	52	0.104728
1	28.8	5553394	4209	52	4.3515
2	28.8	188422	1715	52	0.104728
1	28.85	5553394	4209	52	4.3515
2	28.85	188422	1715	52	0.104728
1	28.9	5553394	4209	52	4.3515
2	28.9	188422	1715	52	0.104728
1	28.95	5553394	4209	52	4.3515
2	28.95	188422	1715	52	0.104728
1	29	5553394	4209	52	4.3515
2	29	188422	1715	52	0.104728
1	29.05	5553394	4209	52	4.3515
2	29.05	188422	1715	52	0.104728
1	29.1	5553394	4209	52	4.3515
2	29.1	188422	1715	52	0.104728
1	29.15	5553394	4209	52	4.3515
2	29.15	188422	1715	52	0.104728
1	29.2	5553394	4209	52	4.3515
2	29.2	188422	1715	52	0.104728
1	29.25	5553394	4209	52	4.3515
2	29.25	188422	1715	52	0.104728
1	29.3	5553394	4209	52	4.3515
2	29.3	188422	1715	52	0.104728
1	29.35	5553394	4209	52	4.3515
2	29.35	188422	1715	52	0.104728
1	29.4	5553394	4209	52	4.3515
2	29.4	188422	1715	52	0.104728
1	29.45	5553394	4209	52	4.3515
2	29.45	188422	1715	52	0.104728
1	29.5	5553394	4209	52	4.3515
2	29.5	188422	1715	52	0.104728
1	29.55	5553394	4209	52	4.3515
2	29.55	188422	1715	52	0.104728
1	29.6	5553394	4209	52	4.3515
2	29.6	188422	1715	52	0.104728
1	29.65	5553394	4209	52	4.3515
2	29.65	188422	1715	52	0.104728
1	29.7	5553394	4209	52	4.3515
2	29.7	188422	1715	52	0.104728
1	29.75	5553394	4209	52	4.3515
2	29.75	188422	1715	52	0.104728
1	29.8	5553394	4209	52	4.3515
2	29.8	188422	1715	52	0.104728
1	29.85	5553394	4209	52	4.3515
2	29.85	188422	1715	52	0.104728
1	29.9	5553394	4209	52	4.3515
2	29.9	188422	1715	52	0.104728
1	29.95	5553394	4209	52	4.3515
2	29.95	188422	1715	52	0.104728
