1	1.05	0	0	0	-nan
1	1.1	1260	1	52	-nan
2	1.1	0	0	0	-nan
1	1.15	1260	1	52	-nan
2	1.15	129	2	50	0
1	1.2	9838	7	52	0
2	1.2	129	2	50	0
1	1.25	9838	7	52	0
2	1.25	350	6	50	0
1	1.3	22026	16	55	0
2	1.3	408	7	50	0
1	1.35	22082	17	50	0
2	1.35	627	11	50	0
1	1.4	37259	27	67	0
2	1.4	797	14	50	0
1	1.45	46465	35	62	0
2	1.45	967	17	50	0
1	1.5	57152	43	60	0
2	1.5	1242	22	50	0
1	1.55	89108	66	92	0
2	1.55	1518	27	50	0
1	1.6	102813	76	57	0
2	1.6	2018	36	50	0
1	1.65	133253	98	84	1.67913
2	1.65	2370	42	50	0
1	1.7	165150	120	109	1.54466
2	1.7	2934	52	50	0
1	1.75	195645	143	105	1.4348
2	1.75	3446	61	50	0
1	1.8	226085	165	135	1.3398
2	1.8	4015	71	50	0
1	1.85	256470	186	157	1.25656
2	1.85	4522	80	50	0
1	1.9	283822	205	185	2.36415
2	1.9	5034	89	50	0
1	1.95	315775	228	209	2.22945
2	1.95	5435	96	50	0
1	2	346217	250	230	2.11492
2	2	5999	106	50	0
1	2.05	378179	272	261	2.00678
2	2.05	6511	115	50	0
1	2.1	405589	291	280	2.88357
2	2.1	7080	125	50	0
1	2.15	434572	312	314	2.73581
2	2.15	7530	133	50	0
1	2.2	466539	334	338	2.61462
2	2.2	7962	140	50	0
1	2.25	497045	356	359	2.5091
2	2.25	8389	147	50	0
1	2.3	529070	379	387	3.20971
2	2.3	8882	155	50	0
1	2.35	557936	398	408	3.08366
2	2.35	9314	162	50	0
1	2.4	588438	420	427	2.97306
2	2.4	9757	169	50	0
1	2.45	620405	442	451	2.86536
2	2.45	10237	176	50	0
1	2.5	652430	465	479	2.76502
2	2.5	10725	183	50	0
1	2.55	684397	487	503	3.33955
2	2.55	11277	191	50	0
1	2.6	714900	509	525	3.23527
2	2.6	11765	198	50	0
1	2.65	746925	532	549	3.13259
2	2.65	12334	206	50	0
1	2.7	778892	554	573	3.03594
2	2.7	12861	213	50	0
1	2.75	808612	587	262	3.53608
2	2.75	13518	221	50	0
1	2.8	837653	609	258	3.43722
2	2.8	14530	232	50	0
1	2.85	869678	632	253	3.33987
2	2.85	15382	239	50	0
1	2.9	901769	656	258	3.2479
2	2.9	16383	247	50	0
1	2.95	932284	678	259	3.69258
2	2.95	17383	255	50	0
1	3	961342	700	249	3.59518
2	3	18269	262	50	0
1	3.05	991912	723	251	3.50793
2	3.05	19208	269	50	0
1	3.1	1024401	753	94	3.42213
2	3.1	20312	277	50	0
1	3.15	1056372	774	102	3.81412
2	3.15	21807	289	50	0
1	3.2	1086895	796	108	3.72599
2	3.2	22888	298	50	0
1	3.25	1117517	820	116	3.64157
2	3.25	23964	307	50	0
1	3.3	1148019	842	113	3.5612
2	3.3	25128	316	50	0
1	3.35	1178583	865	116	3.48415
2	3.35	26347	326	50	0
1	3.4	1209205	889	116	3.8365
2	3.4	27428	335	50	0
1	3.45	1239774	912	113	3.75693
2	3.45	28642	345	50	0
1	3.5	1271853	936	113	3.67689
2	3.5	29861	355	50	0
1	3.55	1302475	960	111	3.60361
2	3.55	31080	365	50	0
1	3.6	1333039	983	116	3.926
2	3.6	32239	374	50	0
1	3.65	1363603	1006	113	3.85081
2	3.65	33458	384	50	0
1	3.7	1394167	1029	118	3.77852
2	3.7	34539	393	50	0
1	3.75	1424727	1052	118	3.70891
2	3.75	35758	403	50	0
1	3.8	1455291	1075	113	4.00599
2	3.8	36972	413	50	0
1	3.85	1485855	1098	118	3.9348
2	3.85	38053	422	50	0
1	3.9	1516482	1122	118	3.86602
2	3.9	39272	432	50	0
1	3.95	1548564	1146	118	3.79637
2	3.95	40431	441	50	0
1	4	1579125	1169	116	4.07169
2	4	41650	451	50	0
1	4.05	1609689	1192	116	4.0042
2	4.05	42869	461	50	0
1	4.1	1640253	1215	118	3.9389
2	4.1	43945	470	50	0
1	4.15	1670817	1238	118	3.8757
2	4.15	45164	480	50	0
1	4.2	1701435	1262	116	3.81439
2	4.2	46383	490	50	0
1	4.25	1731999	1285	121	4.06801
2	4.25	47547	499	50	0
1	4.3	1762568	1308	118	4.00574
2	4.3	48623	508	50	0
1	4.35	1794709	1333	121	3.94233
2	4.35	49842	518	50	0
1	4.4	1825273	1356	118	3.88375
2	4.4	51061	528	50	0
1	4.45	1855833	1379	116	4.12134
2	4.45	52275	538	50	0
1	4.5	1886397	1402	121	4.06194
2	4.5	53494	548	50	0
1	4.55	1916961	1425	118	4.00422
2	4.55	54575	557	50	0
1	4.6	1947525	1448	123	3.94812
2	4.6	55739	566	50	0
1	4.65	1978143	1472	123	4.17164
2	4.65	56953	576	50	0
1	4.7	2008712	1495	121	4.11473
2	4.7	58172	586	50	0
1	4.75	2040795	1519	121	4.05669
2	4.75	59253	595	50	0
1	4.8	2071359	1542	118	4.00291
2	4.8	60467	605	50	0
1	4.85	2101923	1565	123	4.2139
2	4.85	61686	615	50	0
1	4.9	2132483	1588	121	4.15948
2	4.9	62905	625	50	0
1	4.95	2163105	1612	121	4.10635
2	4.95	63926	633	50	0
1	5	2193669	1635	118	4.05465
2	5	65145	643	50	0
1	5.05	2224233	1658	123	4.00424
2	5.05	66364	653	50	0
1	5.1	2254794	1681	121	4.20226
2	5.1	67583	663	50	0
1	5.15	2286881	1705	121	4.14877
2	5.15	68659	672	50	0
1	5.2	2317503	1729	126	4.09903
2	5.2	69878	682	50	0
1	5.25	2348067	1752	123	4.05046
2	5.25	71042	691	50	0
1	5.3	2378631	1775	123	4.23855
2	5.3	72256	701	50	0
1	5.35	2409191	1798	121	4.18955
2	5.35	73475	711	50	0
1	5.4	2439813	1822	121	4.14161
2	5.4	74556	720	50	0
1	5.45	2470319	1844	123	4.09485
2	5.45	75775	730	50	0
1	5.5	2500941	1868	128	4.27399
2	5.5	76989	740	50	0
1	5.55	2533028	1892	128	4.22438
2	5.55	78208	750	50	0
1	5.6	2563589	1915	128	4.17824
2	5.6	79234	758	50	0
1	5.65	2594153	1938	126	4.13308
2	5.65	80448	768	50	0
1	5.7	2624775	1962	123	4.30401
2	5.7	81667	778	50	0
1	5.75	2655339	1985	128	4.25853
2	5.75	82886	788	50	0
1	5.8	2685899	2008	128	4.21391
2	5.8	84105	798	50	0
1	5.85	2716463	2031	126	4.17026
2	5.85	85181	807	50	0
1	5.9	2747027	2054	123	4.1275
2	5.9	86345	816	50	0
1	5.95	2777654	2078	128	4.28985
2	5.95	87564	826	50	0
1	6	2809679	2101	128	4.24467
2	6	88778	836	50	0
1	6.05	2840297	2125	128	4.2024
2	6.05	89859	845	50	0
1	6.1	2870861	2148	126	4.16103
2	6.1	91078	855	50	0
1	6.15	2901425	2171	128	4.31668
2	6.15	92292	865	50	0
1	6.2	2931989	2194	128	4.27501
2	6.2	93511	875	50	0
1	6.25	2962607	2218	126	4.23406
2	6.25	94537	883	50	0
1	6.3	2993171	2241	131	4.194
2	6.3	95756	893	50	0
1	6.35	3023735	2264	128	4.34346
2	6.35	96970	903	50	0
1	6.4	3055823	2288	131	4.30109
2	6.4	98189	913	50	0
1	6.45	3086387	2311	128	4.2615
2	6.45	99408	923	50	0
1	6.5	3117005	2335	133	4.22261
2	6.5	100484	932	50	0
1	6.55	3147569	2358	131	4.36633
2	6.55	101703	942	50	0
1	6.6	3178133	2381	128	4.32722
2	6.6	102867	951	50	0
1	6.65	3208697	2404	133	4.2888
2	6.65	104086	961	50	0
1	6.7	3239258	2427	131	4.25107
2	6.7	105162	970	50	0
1	6.75	3269821	2450	131	4.21399
2	6.75	106381	980	50	0
1	6.8	3301967	2475	131	4.34966
2	6.8	107600	990	50	0
1	6.85	3332531	2498	128	4.31239
2	6.85	108814	1000	50	0
1	6.9	3363095	2521	133	4.27575
2	6.9	110033	1010	50	0
1	6.95	3393713	2545	128	4.2397
2	6.95	111059	1018	50	0
1	7	3424219	2567	136	4.37248
2	7	112273	1028	50	0
1	7.05	3454841	2591	136	4.33622
2	7.05	113492	1038	50	0
1	7.1	3485405	2614	133	4.30055
2	7.1	114711	1048	50	0
1	7.15	3515969	2637	131	4.2655
2	7.15	115792	1057	50	0
1	7.2	3548053	2661	133	4.39198
2	7.2	117006	1067	50	0
1	7.25	3578675	2685	131	4.3567
2	7.25	118170	1076	50	0
1	7.3	3609239	2708	136	4.32209
2	7.3	119389	1086	50	0
1	7.35	3639803	2731	133	4.28795
2	7.35	120603	1096	50	0
1	7.4	3670363	2754	131	4.41196
2	7.4	121684	1105	50	0
1	7.45	3700927	2777	136	4.37769
2	7.45	122903	1115	50	0
1	7.5	3731491	2800	136	4.34395
2	7.5	124122	1125	50	0
1	7.55	3762113	2824	133	4.31066
2	7.55	125143	1133	50	0
1	7.6	3794201	2848	133	4.27633
2	7.6	126362	1143	50	0
1	7.65	3824761	2871	138	4.39571
2	7.65	127581	1153	50	0
1	7.7	3855325	2894	136	4.36285
2	7.7	128795	1163	50	0
1	7.75	3885889	2917	133	4.33049
2	7.75	130014	1173	50	0
1	7.8	3916511	2941	138	4.29857
2	7.8	131095	1182	50	0.149435
1	7.85	3947071	2964	138	4.41429
2	7.85	132309	1192	50	0.148277
1	7.9	3977635	2987	136	4.38222
2	7.9	133473	1201	50	0.147141
1	7.95	4008199	3010	133	4.35065
2	7.95	134692	1211	50	0.146072
1	8	4040282	3034	141	4.318
2	8	135773	1220	50	0.145123
1	8.05	4070851	3057	138	4.43025
2	8.05	136987	1230	50	0.144033
1	8.1	4101469	3081	138	4.39896
2	8.1	138206	1240	50	0.142959
1	8.15	4132033	3104	136	4.36816
2	8.15	139425	1250	50	0.14195
1	8.2	4162597	3127	141	4.3378
2	8.2	140639	1260	50	0.140904
1	8.25	4193161	3150	138	4.30785
2	8.25	141665	1268	50	0.140024
1	8.3	4223722	3173	136	4.41633
2	8.3	142884	1278	50	0.139008
1	8.35	4254343	3197	141	4.38623
2	8.35	144103	1288	50	0.138008
1	8.4	4286426	3221	136	4.35507
2	8.4	145317	1298	50	0.137067
1	8.45	4316995	3244	141	4.32582
2	8.45	146398	1307	50	0.136231
1	8.5	4347559	3267	138	4.43124
2	8.5	147617	1317	50	0.13527
1	8.55	4378119	3290	143	4.40188
2	8.55	148831	1327	50	0.13428
1	8.6	4408683	3313	141	4.3729
2	8.6	149995	1336	50	0.133388
1	8.65	4439305	3337	141	4.34424
2	8.65	151076	1345	50	0.132597
1	8.7	4469869	3360	143	4.4468
2	8.7	152290	1355	50	0.131686
1	8.75	4500433	3383	141	4.4181
2	8.75	153509	1365	50	0.130828
1	8.8	4532512	3407	143	4.38836
2	8.8	154728	1375	50	0.129942
1	8.85	4563076	3430	141	4.3604
2	8.85	155809	1384	50	0.129111
1	8.9	4593703	3454	138	4.46017
2	8.9	156968	1393	50	0.128326
1	8.95	4624267	3477	143	4.43211
2	8.95	158187	1403	50	0.127473
1	9	4654827	3500	143	4.40441
2	9	159406	1413	50	0.126669
1	9.05	4685391	3523	146	4.37705
2	9.05	160620	1423	50	0.125838
1	9.1	4716013	3547	143	4.35
2	9.1	161701	1432	50	0.125134
1	9.15	4746519	3569	143	4.44685
2	9.15	162920	1442	50	0.124321
1	9.2	4777141	3593	141	4.41967
2	9.2	164139	1452	50	0.12352
1	9.25	4809220	3617	143	4.39156
2	9.25	165298	1461	50	0.122767
1	9.3	4839789	3640	141	4.36511
2	9.3	166379	1470	50	0.122096
1	9.35	4870411	3664	146	4.45947
2	9.35	167598	1480	50	0.121324
1	9.4	4900975	3687	143	4.4329
2	9.4	168812	1490	50	0.120561
1	9.45	4931535	3710	141	4.40667
2	9.45	170031	1500	50	0.119842
1	9.5	4962099	3733	146	4.38075
2	9.5	171250	1510	50	0.119098
1	9.55	4992663	3756	145	4.47284
2	9.55	172271	1518	50	0.118466
1	9.6	5023227	3779	143	4.44684
2	9.6	173490	1528	50	0.117739
1	9.65	5055368	3804	143	4.41982
2	9.65	174709	1538	50	0.11702
1	9.7	5085933	3827	148	4.39443
2	9.7	175928	1548	50	0.116343
1	9.75	5116497	3850	146	4.4843
2	9.75	177142	1558	50	0.115641
1	9.8	5147061	3873	146	4.45883
2	9.8	178223	1567	50	0.115046
1	9.85	5177625	3896	143	4.43365
2	9.85	179442	1577	50	0.114359
1	9.9	5208244	3920	148	4.40873
2	9.9	180601	1586	50	0.113682
1	9.95	5238807	3943	146	4.38409
2	9.95	181820	1596	50	0.113043
1	10	5269371	3966	146	4.47153
2	10	182901	1605	50	0.112474
1	10.05	5294645	3992	55	4.45111
2	10.05	184120	1615	50	0.111817
1	10.1	5294877	3996	50	4.42312
2	10.1	185556	1626	50	0.111152
1	10.15	5295342	4002	50	4.39709
2	10.15	186117	1630	50	0.110607
1	10.2	5295747	4007	50	4.37573
2	10.2	186902	1636	50	0.110052
1	10.25	5296263	4013	50	4.35401
2	10.25	186902	1636	50	0.110052
1	10.3	5296263	4013	50	4.35401
2	10.3	186902	1636	50	0.110052
1	10.35	5296263	4013	50	4.35401
2	10.35	186902	1636	50	0.110052
1	10.4	5296263	4013	50	4.35401
2	10.4	186902	1636	50	0.110052
1	10.45	5296263	4013	50	4.35401
2	10.45	186902	1636	50	0.110052
1	10.5	5296263	4013	50	4.35401
2	10.5	186902	1636	50	0.110052
1	10.55	5296263	4013	50	4.35401
2	10.55	186902	1636	50	0.110052
1	10.6	5296263	4013	50	4.35401
2	10.6	186902	1636	50	0.110052
1	10.65	5296263	4013	50	4.35401
2	10.65	186902	1636	50	0.110052
1	10.7	5296263	4013	50	4.35401
2	10.7	186902	1636	50	0.110052
1	10.75	5296263	4013	50	4.35401
2	10.75	186902	1636	50	0.110052
1	10.8	5296263	4013	50	4.35401
2	10.8	186902	1636	50	0.110052
1	10.85	5296263	4013	50	4.35401
2	10.85	186902	1636	50	0.110052
1	10.9	5296263	4013	50	4.35401
2	10.9	186902	1636	50	0.110052
1	10.95	5296263	4013	50	4.35401
2	10.95	186902	1636	50	0.110052
1	11	5296263	4013	50	4.35401
2	11	186902	1636	50	0.110052
1	11.05	5296263	4013	50	4.35401
2	11.05	186902	1636	50	0.110052
1	11.1	5296263	4013	50	4.35401
2	11.1	186902	1636	50	0.110052
1	11.15	5296263	4013	50	4.35401
2	11.15	186902	1636	50	0.110052
1	11.2	5296263	4013	50	4.35401
2	11.2	186902	1636	50	0.110052
1	11.25	5296263	4013	50	4.35401
2	11.25	186902	1636	50	0.110052
1	11.3	5296263	4013	50	4.35401
2	11.3	186902	1636	50	0.110052
1	11.35	5296263	4013	50	4.35401
2	11.35	186902	1636	50	0.110052
1	11.4	5296263	4013	50	4.35401
2	11.4	186902	1636	50	0.110052
1	11.45	5296263	4013	50	4.35401
2	11.45	186902	1636	50	0.110052
1	11.5	5296263	4013	50	4.35401
2	11.5	186902	1636	50	0.110052
1	11.55	5296263	4013	50	4.35401
2	11.55	186902	1636	50	0.110052
1	11.6	5296263	4013	50	4.35401
2	11.6	186902	1636	50	0.110052
1	11.65	5296263	4013	50	4.35401
2	11.65	186902	1636	50	0.110052
1	11.7	5296263	4013	50	4.35401
2	11.7	186902	1636	50	0.110052
1	11.75	5296263	4013	50	4.35401
2	11.75	186902	1636	50	0.110052
1	11.8	5296263	4013	50	4.35401
2	11.8	186902	1636	50	0.110052
1	11.85	5296263	4013	50	4.35401
2	11.85	186902	1636	50	0.110052
1	11.9	5296263	4013	50	4.35401
2	11.9	186902	1636	50	0.110052
1	11.95	5296263	4013	50	4.35401
2	11.95	186902	1636	50	0.110052
1	12	5296263	4013	50	4.35401
2	12	186902	1636	50	0.110052
1	12.05	5296263	4013	50	4.35401
2	12.05	186902	1636	50	0.110052
1	12.1	5296263	4013	50	4.35401
2	12.1	186902	1636	50	0.110052
1	12.15	5296263	4013	50	4.35401
2	12.15	186902	1636	50	0.110052
1	12.2	5296263	4013	50	4.35401
2	12.2	186902	1636	50	0.110052
1	12.25	5296263	4013	50	4.35401
2	12.25	186902	1636	50	0.110052
1	12.3	5296263	4013	50	4.35401
2	12.3	186902	1636	50	0.110052
1	12.35	5296263	4013	50	4.35401
2	12.35	186902	1636	50	0.110052
1	12.4	5296263	4013	50	4.35401
2	12.4	186902	1636	50	0.110052
1	12.45	5296263	4013	50	4.35401
2	12.45	186902	1636	50	0.110052
1	12.5	5296263	4013	50	4.35401
2	12.5	186902	1636	50	0.110052
1	12.55	5296263	4013	50	4.35401
2	12.55	186902	1636	50	0.110052
1	12.6	5296263	4013	50	4.35401
2	12.6	186902	1636	50	0.110052
1	12.65	5296263	4013	50	4.35401
2	12.65	186902	1636	50	0.110052
1	12.7	5296263	4013	50	4.35401
2	12.7	186902	1636	50	0.110052
1	12.75	5296263	4013	50	4.35401
2	12.75	186902	1636	50	0.110052
1	12.8	5296263	4013	50	4.35401
2	12.8	186902	1636	50	0.110052
1	12.85	5296263	4013	50	4.35401
2	12.85	186902	1636	50	0.110052
1	12.9	5296263	4013	50	4.35401
2	12.9	186902	1636	50	0.110052
1	12.95	5296263	4013	50	4.35401
2	12.95	186902	1636	50	0.110052
1	13	5296263	4013	50	4.35401
2	13	186902	1636	50	0.110052
1	13.05	5296263	4013	50	4.35401
2	13.05	186902	1636	50	0.110052
1	13.1	5296263	4013	50	4.35401
2	13.1	186902	1636	50	0.110052
1	13.15	5296263	4013	50	4.35401
2	13.15	186902	1636	50	0.110052
1	13.2	5296263	4013	50	4.35401
2	13.2	186902	1636	50	0.110052
1	13.25	5296263	4013	50	4.35401
2	13.25	186902	1636	50	0.110052
1	13.3	5296263	4013	50	4.35401
2	13.3	186902	1636	50	0.110052
1	13.35	5296263	4013	50	4.35401
2	13.35	186902	1636	50	0.110052
1	13.4	5296263	4013	50	4.35401
2	13.4	186902	1636	50	0.110052
1	13.45	5296263	4013	50	4.35401
2	13.45	186902	1636	50	0.110052
1	13.5	5296263	4013	50	4.35401
2	13.5	186902	1636	50	0.110052
1	13.55	5296263	4013	50	4.35401
2	13.55	186902	1636	50	0.110052
1	13.6	5296263	4013	50	4.35401
2	13.6	186902	1636	50	0.110052
1	13.65	5296263	4013	50	4.35401
2	13.65	186902	1636	50	0.110052
1	13.7	5296263	4013	50	4.35401
2	13.7	186902	1636	50	0.110052
1	13.75	5296263	4013	50	4.35401
2	13.75	186902	1636	50	0.110052
1	13.8	5296263	4013	50	4.35401
2	13.8	186902	1636	50	0.110052
1	13.85	5296263	4013	50	4.35401
2	13.85	186902	1636	50	0.110052
1	13.9	5296263	4013	50	4.35401
2	13.9	186902	1636	50	0.110052
1	13.95	5296263	4013	50	4.35401
2	13.95	186902	1636	50	0.110052
1	14	5296263	4013	50	4.35401
2	14	186902	1636	50	0.110052
1	14.05	5296263	4013	50	4.35401
2	14.05	186902	1636	50	0.110052
1	14.1	5296263	4013	50	4.35401
2	14.1	186902	1636	50	0.110052
1	14.15	5296263	4013	50	4.35401
2	14.15	186902	1636	50	0.110052
1	14.2	5296263	4013	50	4.35401
2	14.2	186902	1636	50	0.110052
1	14.25	5296263	4013	50	4.35401
2	14.25	186902	1636	50	0.110052
1	14.3	5296263	4013	50	4.35401
2	14.3	186902	1636	50	0.110052
1	14.35	5296263	4013	50	4.35401
2	14.35	186902	1636	50	0.110052
1	14.4	5296263	4013	50	4.35401
2	14.4	186902	1636	50	0.110052
1	14.45	5296263	4013	50	4.35401
2	14.45	186902	1636	50	0.110052
1	14.5	5296263	4013	50	4.35401
2	14.5	186902	1636	50	0.110052
1	14.55	5296263	4013	50	4.35401
2	14.55	186902	1636	50	0.110052
1	14.6	5296263	4013	50	4.35401
2	14.6	186902	1636	50	0.110052
1	14.65	5296263	4013	50	4.35401
2	14.65	186902	1636	50	0.110052
1	14.7	5296263	4013	50	4.35401
2	14.7	186902	1636	50	0.110052
1	14.75	5296263	4013	50	4.35401
2	14.75	186902	1636	50	0.110052
1	14.8	5296263	4013	50	4.35401
2	14.8	186902	1636	50	0.110052
1	14.85	5296263	4013	50	4.35401
2	14.85	186902	1636	50	0.110052
1	14.9	5296263	4013	50	4.35401
2	14.9	186902	1636	50	0.110052
1	14.95	5296263	4013	50	4.35401
2	14.95	186902	1636	50	0.110052
1	15	5296263	4013	50	4.35401
2	15	186902	1636	50	0.110052
1	15.05	5296263	4013	50	4.35401
2	15.05	186902	1636	50	0.110052
1	15.1	5296263	4013	50	4.35401
2	15.1	186902	1636	50	0.110052
1	15.15	5296263	4013	50	4.35401
2	15.15	186902	1636	50	0.110052
1	15.2	5296263	4013	50	4.35401
2	15.2	186902	1636	50	0.110052
1	15.25	5296263	4013	50	4.35401
2	15.25	186902	1636	50	0.110052
1	15.3	5296263	4013	50	4.35401
2	15.3	186902	1636	50	0.110052
1	15.35	5296263	4013	50	4.35401
2	15.35	186902	1636	50	0.110052
1	15.4	5296263	4013	50	4.35401
2	15.4	186902	1636	50	0.110052
1	15.45	5296263	4013	50	4.35401
2	15.45	186902	1636	50	0.110052
1	15.5	5296263	4013	50	4.35401
2	15.5	186902	1636	50	0.110052
1	15.55	5296263	4013	50	4.35401
2	15.55	186902	1636	50	0.110052
1	15.6	5296263	4013	50	4.35401
2	15.6	186902	1636	50	0.110052
1	15.65	5296263	4013	50	4.35401
2	15.65	186902	1636	50	0.110052
1	15.7	5296263	4013	50	4.35401
2	15.7	186902	1636	50	0.110052
1	15.75	5296263	4013	50	4.35401
2	15.75	186902	1636	50	0.110052
1	15.8	5296263	4013	50	4.35401
2	15.8	186902	1636	50	0.110052
1	15.85	5296263	4013	50	4.35401
2	15.85	186902	1636	50	0.110052
1	15.9	5296263	4013	50	4.35401
2	15.9	186902	1636	50	0.110052
1	15.95	5296263	4013	50	4.35401
2	15.95	186902	1636	50	0.110052
1	16	5296263	4013	50	4.35401
2	16	186902	1636	50	0.110052
1	16.05	5296263	4013	50	4.35401
2	16.05	186902	1636	50	0.110052
1	16.1	5296263	4013	50	4.35401
2	16.1	186902	1636	50	0.110052
1	16.15	5296263	4013	50	4.35401
2	16.15	186902	1636	50	0.110052
1	16.2	5296263	4013	50	4.35401
2	16.2	186902	1636	50	0.110052
1	16.25	5296263	4013	50	4.35401
2	16.25	186902	1636	50	0.110052
1	16.3	5296263	4013	50	4.35401
2	16.3	186902	1636	50	0.110052
1	16.35	5296263	4013	50	4.35401
2	16.35	186902	1636	50	0.110052
1	16.4	5296263	4013	50	4.35401
2	16.4	186902	1636	50	0.110052
1	16.45	5296263	4013	50	4.35401
2	16.45	186902	1636	50	0.110052
1	16.5	5296263	4013	50	4.35401
2	16.5	186902	1636	50	0.110052
1	16.55	5296263	4013	50	4.35401
2	16.55	186902	1636	50	0.110052
1	16.6	5296263	4013	50	4.35401
2	16.6	186902	1636	50	0.110052
1	16.65	5296263	4013	50	4.35401
2	16.65	186902	1636	50	0.110052
1	16.7	5296263	4013	50	4.35401
2	16.7	186902	1636	50	0.110052
1	16.75	5296263	4013	50	4.35401
2	16.75	186902	1636	50	0.110052
1	16.8	5296263	4013	50	4.35401
2	16.8	186902	1636	50	0.110052
1	16.85	5296263	4013	50	4.35401
2	16.85	186902	1636	50	0.110052
1	16.9	5296263	4013	50	4.35401
2	16.9	186902	1636	50	0.110052
1	16.95	5296263	4013	50	4.35401
2	16.95	186902	1636	50	0.110052
1	17	5296263	4013	50	4.35401
2	17	186902	1636	50	0.110052
1	17.05	5296263	4013	50	4.35401
2	17.05	186902	1636	50	0.110052
1	17.1	5296263	4013	50	4.35401
2	17.1	186902	1636	50	0.110052
1	17.15	5296263	4013	50	4.35401
2	17.15	186902	1636	50	0.110052
1	17.2	5296263	4013	50	4.35401
2	17.2	186902	1636	50	0.110052
1	17.25	5296263	4013	50	4.35401
2	17.25	186902	1636	50	0.110052
1	17.3	5296263	4013	50	4.35401
2	17.3	186902	1636	50	0.110052
1	17.35	5296263	4013	50	4.35401
2	17.35	186902	1636	50	0.110052
1	17.4	5296263	4013	50	4.35401
2	17.4	186902	1636	50	0.110052
1	17.45	5296263	4013	50	4.35401
2	17.45	186902	1636	50	0.110052
1	17.5	5296263	4013	50	4.35401
2	17.5	186902	1636	50	0.110052
1	17.55	5296263	4013	50	4.35401
2	17.55	186902	1636	50	0.110052
1	17.6	5296263	4013	50	4.35401
2	17.6	186902	1636	50	0.110052
1	17.65	5296263	4013	50	4.35401
2	17.65	186902	1636	50	0.110052
1	17.7	5296263	4013	50	4.35401
2	17.7	186902	1636	50	0.110052
1	17.75	5296263	4013	50	4.35401
2	17.75	186902	1636	50	0.110052
1	17.8	5296263	4013	50	4.35401
2	17.8	186902	1636	50	0.110052
1	17.85	5296263	4013	50	4.35401
2	17.85	186902	1636	50	0.110052
1	17.9	5296263	4013	50	4.35401
2	17.9	186902	1636	50	0.110052
1	17.95	5296263	4013	50	4.35401
2	17.95	186902	1636	50	0.110052
1	18	5296263	4013	50	4.35401
2	18	186902	1636	50	0.110052
1	18.05	5296263	4013	50	4.35401
2	18.05	186902	1636	50	0.110052
1	18.1	5296263	4013	50	4.35401
2	18.1	186902	1636	50	0.110052
1	18.15	5296263	4013	50	4.35401
2	18.15	186902	1636	50	0.110052
1	18.2	5296263	4013	50	4.35401
2	18.2	186902	1636	50	0.110052
1	18.25	5296263	4013	50	4.35401
2	18.25	186902	1636	50	0.110052
1	18.3	5296263	4013	50	4.35401
2	18.3	186902	1636	50	0.110052
1	18.35	5296263	4013	50	4.35401
2	18.35	186902	1636	50	0.110052
1	18.4	5296263	4013	50	4.35401
2	18.4	186902	1636	50	0.110052
1	18.45	5296263	4013	50	4.35401
2	18.45	186902	1636	50	0.110052
1	18.5	5296263	4013	50	4.35401
2	18.5	186902	1636	50	0.110052
1	18.55	5296263	4013	50	4.35401
2	18.55	186902	1636	50	0.110052
1	18.6	5296263	4013	50	4.35401
2	18.6	186902	1636	50	0.110052
1	18.65	5296263	4013	50	4.35401
2	18.65	186902	1636	50	0.110052
1	18.7	5296263	4013	50	4.35401
2	18.7	186902	1636	50	0.110052
1	18.75	5296263	4013	50	4.35401
2	18.75	186902	1636	50	0.110052
1	18.8	5296263	4013	50	4.35401
2	18.8	186902	1636	50	0.110052
1	18.85	5296263	4013	50	4.35401
2	18.85	186902	1636	50	0.110052
1	18.9	5296263	4013	50	4.35401
2	18.9	186902	1636	50	0.110052
1	18.95	5296263	4013	50	4.35401
2	18.95	186902	1636	50	0.110052
1	19	5296263	4013	50	4.35401
2	19	186902	1636	50	0.110052
1	19.05	5296263	4013	50	4.35401
2	19.05	186902	1636	50	0.110052
1	19.1	5296263	4013	50	4.35401
2	19.1	186902	1636	50	0.110052
1	19.15	5296263	4013	50	4.35401
2	19.15	186902	1636	50	0.110052
1	19.2	5296263	4013	50	4.35401
2	19.2	186902	1636	50	0.110052
1	19.25	5296263	4013	50	4.35401
2	19.25	186902	1636	50	0.110052
1	19.3	5296263	4013	50	4.35401
2	19.3	186902	1636	50	0.110052
1	19.35	5296263	4013	50	4.35401
2	19.35	186902	1636	50	0.110052
1	19.4	5296263	4013	50	4.35401
2	19.4	186902	1636	50	0.110052
1	19.45	5296263	4013	50	4.35401
2	19.45	186902	1636	50	0.110052
1	19.5	5296263	4013	50	4.35401
2	19.5	186902	1636	50	0.110052
1	19.55	5296263	4013	50	4.35401
2	19.55	186902	1636	50	0.110052
1	19.6	5296263	4013	50	4.35401
2	19.6	186902	1636	50	0.110052
1	19.65	5296263	4013	50	4.35401
2	19.65	186902	1636	50	0.110052
1	19.7	5296263	4013	50	4.35401
2	19.7	186902	1636	50	0.110052
1	19.75	5296263	4013	50	4.35401
2	19.75	186902	1636	50	0.110052
1	19.8	5296263	4013	50	4.35401
2	19.8	186902	1636	50	0.110052
1	19.85	5296263	4013	50	4.35401
2	19.85	186902	1636	50	0.110052
1	19.9	5296263	4013	50	4.35401
2	19.9	186902	1636	50	0.110052
1	19.95	5296263	4013	50	4.35401
2	19.95	186902	1636	50	0.110052
1	20	5296263	4013	50	4.35401
2	20	186902	1636	50	0.110052
1	20.05	5296263	4013	50	4.35401
2	20.05	186902	1636	50	0.110052
1	20.1	5296263	4013	50	4.35401
2	20.1	186902	1636	50	0.110052
1	20.15	5296263	4013	50	4.35401
2	20.15	186902	1636	50	0.110052
1	20.2	5296263	4013	50	4.35401
2	20.2	186902	1636	50	0.110052
1	20.25	5296263	4013	50	4.35401
2	20.25	186902	1636	50	0.110052
1	20.3	5296263	4013	50	4.35401
2	20.3	186902	1636	50	0.110052
1	20.35	5296263	4013	50	4.35401
2	20.35	186902	1636	50	0.110052
1	20.4	5296263	4013	50	4.35401
2	20.4	186902	1636	50	0.110052
1	20.45	5296263	4013	50	4.35401
2	20.45	186902	1636	50	0.110052
1	20.5	5296263	4013	50	4.35401
2	20.5	186902	1636	50	0.110052
1	20.55	5296263	4013	50	4.35401
2	20.55	186902	1636	50	0.110052
1	20.6	5296263	4013	50	4.35401
2	20.6	186902	1636	50	0.110052
1	20.65	5296263	4013	50	4.35401
2	20.65	186902	1636	50	0.110052
1	20.7	5296263	4013	50	4.35401
2	20.7	186902	1636	50	0.110052
1	20.75	5296263	4013	50	4.35401
2	20.75	186902	1636	50	0.110052
1	20.8	5296263	4013	50	4.35401
2	20.8	186902	1636	50	0.110052
1	20.85	5296263	4013	50	4.35401
2	20.85	186902	1636	50	0.110052
1	20.9	5296263	4013	50	4.35401
2	20.9	186902	1636	50	0.110052
1	20.95	5296263	4013	50	4.35401
2	20.95	186902	1636	50	0.110052
1	21	5296263	4013	50	4.35401
2	21	186902	1636	50	0.110052
1	21.05	5296263	4013	50	4.35401
2	21.05	186902	1636	50	0.110052
1	21.1	5296263	4013	50	4.35401
2	21.1	186902	1636	50	0.110052
1	21.15	5296263	4013	50	4.35401
2	21.15	186902	1636	50	0.110052
1	21.2	5296263	4013	50	4.35401
2	21.2	186902	1636	50	0.110052
1	21.25	5296263	4013	50	4.35401
2	21.25	186902	1636	50	0.110052
1	21.3	5296263	4013	50	4.35401
2	21.3	186902	1636	50	0.110052
1	21.35	5296263	4013	50	4.35401
2	21.35	186902	1636	50	0.110052
1	21.4	5296263	4013	50	4.35401
2	21.4	186902	1636	50	0.110052
1	21.45	5296263	4013	50	4.35401
2	21.45	186902	1636	50	0.110052
1	21.5	5296263	4013	50	4.35401
2	21.5	186902	1636	50	0.110052
1	21.55	5296263	4013	50	4.35401
2	21.55	186902	1636	50	0.110052
1	21.6	5296263	4013	50	4.35401
2	21.6	186902	1636	50	0.110052
1	21.65	5296263	4013	50	4.35401
2	21.65	186902	1636	50	0.110052
1	21.7	5296263	4013	50	4.35401
2	21.7	186902	1636	50	0.110052
1	21.75	5296263	4013	50	4.35401
2	21.75	186902	1636	50	0.110052
1	21.8	5296263	4013	50	4.35401
2	21.8	186902	1636	50	0.110052
1	21.85	5296263	4013	50	4.35401
2	21.85	186902	1636	50	0.110052
1	21.9	5296263	4013	50	4.35401
2	21.9	186902	1636	50	0.110052
1	21.95	5296263	4013	50	4.35401
2	21.95	186902	1636	50	0.110052
1	22	5296263	4013	50	4.35401
2	22	186902	1636	50	0.110052
1	22.05	5296263	4013	50	4.35401
2	22.05	186902	1636	50	0.110052
1	22.1	5296263	4013	50	4.35401
2	22.1	186902	1636	50	0.110052
1	22.15	5296263	4013	50	4.35401
2	22.15	186902	1636	50	0.110052
1	22.2	5296263	4013	50	4.35401
2	22.2	186902	1636	50	0.110052
1	22.25	5296263	4013	50	4.35401
2	22.25	186902	1636	50	0.110052
1	22.3	5296263	4013	50	4.35401
2	22.3	186902	1636	50	0.110052
1	22.35	5296263	4013	50	4.35401
2	22.35	186902	1636	50	0.110052
1	22.4	5296263	4013	50	4.35401
2	22.4	186902	1636	50	0.110052
1	22.45	5296263	4013	50	4.35401
2	22.45	186902	1636	50	0.110052
1	22.5	5296263	4013	50	4.35401
2	22.5	186902	1636	50	0.110052
1	22.55	5296263	4013	50	4.35401
2	22.55	186902	1636	50	0.110052
1	22.6	5296263	4013	50	4.35401
2	22.6	186902	1636	50	0.110052
1	22.65	5296263	4013	50	4.35401
2	22.65	186902	1636	50	0.110052
1	22.7	5296263	4013	50	4.35401
2	22.7	186902	1636	50	0.110052
1	22.75	5296263	4013	50	4.35401
2	22.75	186902	1636	50	0.110052
1	22.8	5296263	4013	50	4.35401
2	22.8	186902	1636	50	0.110052
1	22.85	5296263	4013	50	4.35401
2	22.85	186902	1636	50	0.110052
1	22.9	5296263	4013	50	4.35401
2	22.9	186902	1636	50	0.110052
1	22.95	5296263	4013	50	4.35401
2	22.95	186902	1636	50	0.110052
1	23	5296263	4013	50	4.35401
2	23	186902	1636	50	0.110052
1	23.05	5296263	4013	50	4.35401
2	23.05	186902	1636	50	0.110052
1	23.1	5296263	4013	50	4.35401
2	23.1	186902	1636	50	0.110052
1	23.15	5296263	4013	50	4.35401
2	23.15	186902	1636	50	0.110052
1	23.2	5296263	4013	50	4.35401
2	23.2	186902	1636	50	0.110052
1	23.25	5296263	4013	50	4.35401
2	23.25	186902	1636	50	0.110052
1	23.3	5296263	4013	50	4.35401
2	23.3	186902	1636	50	0.110052
1	23.35	5296263	4013	50	4.35401
2	23.35	186902	1636	50	0.110052
1	23.4	5296263	4013	50	4.35401
2	23.4	186902	1636	50	0.110052
1	23.45	5296263	4013	50	4.35401
2	23.45	186902	1636	50	0.110052
1	23.5	5296263	4013	50	4.35401
2	23.5	186902	1636	50	0.110052
1	23.55	5296263	4013	50	4.35401
2	23.55	186902	1636	50	0.110052
1	23.6	5296263	4013	50	4.35401
2	23.6	186902	1636	50	0.110052
1	23.65	5296263	4013	50	4.35401
2	23.65	186902	1636	50	0.110052
1	23.7	5296263	4013	50	4.35401
2	23.7	186902	1636	50	0.110052
1	23.75	5296263	4013	50	4.35401
2	23.75	186902	1636	50	0.110052
1	23.8	5296263	4013	50	4.35401
2	23.8	186902	1636	50	0.110052
1	23.85	5296263	4013	50	4.35401
2	23.85	186902	1636	50	0.110052
1	23.9	5296263	4013	50	4.35401
2	23.9	186902	1636	50	0.110052
1	23.95	5296263	4013	50	4.35401
2	23.95	186902	1636	50	0.110052
1	24	5296263	4013	50	4.35401
2	24	186902	1636	50	0.110052
1	24.05	5296263	4013	50	4.35401
2	24.05	186902	1636	50	0.110052
1	24.1	5296263	4013	50	4.35401
2	24.1	186902	1636	50	0.110052
1	24.15	5296263	4013	50	4.35401
2	24.15	186902	1636	50	0.110052
1	24.2	5296263	4013	50	4.35401
2	24.2	186902	1636	50	0.110052
1	24.25	5296263	4013	50	4.35401
2	24.25	186902	1636	50	0.110052
1	24.3	5296263	4013	50	4.35401
2	24.3	186902	1636	50	0.110052
1	24.35	5296263	4013	50	4.35401
2	24.35	186902	1636	50	0.110052
1	24.4	5296263	4013	50	4.35401
2	24.4	186902	1636	50	0.110052
1	24.45	5296263	4013	50	4.35401
2	24.45	186902	1636	50	0.110052
1	24.5	5296263	4013	50	4.35401
2	24.5	186902	1636	50	0.110052
1	24.55	5296263	4013	50	4.35401
2	24.55	186902	1636	50	0.110052
1	24.6	5296263	4013	50	4.35401
2	24.6	186902	1636	50	0.110052
1	24.65	5296263	4013	50	4.35401
2	24.65	186902	1636	50	0.110052
1	24.7	5296263	4013	50	4.35401
2	24.7	186902	1636	50	0.110052
1	24.75	5296263	4013	50	4.35401
2	24.75	186902	1636	50	0.110052
1	24.8	5296263	4013	50	4.35401
2	24.8	186902	1636	50	0.110052
1	24.85	5296263	4013	50	4.35401
2	24.85	186902	1636	50	0.110052
1	24.9	5296263	4013	50	4.35401
2	24.9	186902	1636	50	0.110052
1	24.95	5296263	4013	50	4.35401
2	24.95	186902	1636	50	0.110052
1	25	5296263	4013	50	4.35401
2	25	186902	1636	50	0.110052
1	25.05	5296263	4013	50	4.35401
2	25.05	186902	1636	50	0.110052
1	25.1	5296263	4013	50	4.35401
2	25.1	186902	1636	50	0.110052
1	25.15	5296263	4013	50	4.35401
2	25.15	186902	1636	50	0.110052
1	25.2	5296263	4013	50	4.35401
2	25.2	186902	1636	50	0.110052
1	25.25	5296263	4013	50	4.35401
2	25.25	186902	1636	50	0.110052
1	25.3	5296263	4013	50	4.35401
2	25.3	186902	1636	50	0.110052
1	25.35	5296263	4013	50	4.35401
2	25.35	186902	1636	50	0.110052
1	25.4	5296263	4013	50	4.35401
2	25.4	186902	1636	50	0.110052
1	25.45	5296263	4013	50	4.35401
2	25.45	186902	1636	50	0.110052
1	25.5	5296263	4013	50	4.35401
2	25.5	186902	1636	50	0.110052
1	25.55	5296263	4013	50	4.35401
2	25.55	186902	1636	50	0.110052
1	25.6	5296263	4013	50	4.35401
2	25.6	186902	1636	50	0.110052
1	25.65	5296263	4013	50	4.35401
2	25.65	186902	1636	50	0.110052
1	25.7	5296263	4013	50	4.35401
2	25.7	186902	1636	50	0.110052
1	25.75	5296263	4013	50	4.35401
2	25.75	186902	1636	50	0.110052
1	25.8	5296263	4013	50	4.35401
2	25.8	186902	1636	50	0.110052
1	25.85	5296263	4013	50	4.35401
2	25.85	186902	1636	50	0.110052
1	25.9	5296263	4013	50	4.35401
2	25.9	186902	1636	50	0.110052
1	25.95	5296263	4013	50	4.35401
2	25.95	186902	1636	50	0.110052
1	26	5296263	4013	50	4.35401
2	26	186902	1636	50	0.110052
1	26.05	5296263	4013	50	4.35401
2	26.05	186902	1636	50	0.110052
1	26.1	5296263	4013	50	4.35401
2	26.1	186902	1636	50	0.110052
1	26.15	5296263	4013	50	4.35401
2	26.15	186902	1636	50	0.110052
1	26.2	5296263	4013	50	4.35401
2	26.2	186902	1636	50	0.110052
1	26.25	5296263	4013	50	4.35401
2	26.25	186902	1636	50	0.110052
1	26.3	5296263	4013	50	4.35401
2	26.3	186902	1636	50	0.110052
1	26.35	5296263	4013	50	4.35401
2	26.35	186902	1636	50	0.110052
1	26.4	5296263	4013	50	4.35401
2	26.4	186902	1636	50	0.110052
1	26.45	5296263	4013	50	4.35401
2	26.45	186902	1636	50	0.110052
1	26.5	5296263	4013	50	4.35401
2	26.5	186902	1636	50	0.110052
1	26.55	5296263	4013	50	4.35401
2	26.55	186902	1636	50	0.110052
1	26.6	5296263	4013	50	4.35401
2	26.6	186902	1636	50	0.110052
1	26.65	5296263	4013	50	4.35401
2	26.65	186902	1636	50	0.110052
1	26.7	5296263	4013	50	4.35401
2	26.7	186902	1636	50	0.110052
1	26.75	5296263	4013	50	4.35401
2	26.75	186902	1636	50	0.110052
1	26.8	5296263	4013	50	4.35401
2	26.8	186902	1636	50	0.110052
1	26.85	5296263	4013	50	4.35401
2	26.85	186902	1636	50	0.110052
1	26.9	5296263	4013	50	4.35401
2	26.9	186902	1636	50	0.110052
1	26.95	5296263	4013	50	4.35401
2	26.95	186902	1636	50	0.110052
1	27	5296263	4013	50	4.35401
2	27	186902	1636	50	0.110052
1	27.05	5296263	4013	50	4.35401
2	27.05	186902	1636	50	0.110052
1	27.1	5296263	4013	50	4.35401
2	27.1	186902	1636	50	0.110052
1	27.15	5296263	4013	50	4.35401
2	27.15	186902	1636	50	0.110052
1	27.2	5296263	4013	50	4.35401
2	27.2	186902	1636	50	0.110052
1	27.25	5296263	4013	50	4.35401
2	27.25	186902	1636	50	0.110052
1	27.3	5296263	4013	50	4.35401
2	27.3	186902	1636	50	0.110052
1	27.35	5296263	4013	50	4.35401
2	27.35	186902	1636	50	0.110052
1	27.4	5296263	4013	50	4.35401
2	27.4	186902	1636	50	0.110052
1	27.45	5296263	4013	50	4.35401
2	27.45	186902	1636	50	0.110052
1	27.5	5296263	4013	50	4.35401
2	27.5	186902	1636	50	0.110052
1	27.55	5296263	4013	50	4.35401
2	27.55	186902	1636	50	0.110052
1	27.6	5296263	4013	50	4.35401
2	27.6	186902	1636	50	0.110052
1	27.65	5296263	4013	50	4.35401
2	27.65	186902	1636	50	0.110052
1	27.7	5296263	4013	50	4.35401
2	27.7	186902	1636	50	0.110052
1	27.75	5296263	4013	50	4.35401
2	27.75	186902	1636	50	0.110052
1	27.8	5296263	4013	50	4.35401
2	27.8	186902	1636	50	0.110052
1	27.85	5296263	4013	50	4.35401
2	27.85	186902	1636	50	0.110052
1	27.9	5296263	4013	50	4.35401
2	27.9	186902	1636	50	0.110052
1	27.95	5296263	4013	50	4.35401
2	27.95	186902	1636	50	0.110052
1	28	5296263	4013	50	4.35401
2	28	186902	1636	50	0.110052
1	28.05	5296263	4013	50	4.35401
2	28.05	186902	1636	50	0.110052
1	28.1	5296263	4013	50	4.35401
2	28.1	186902	1636	50	0.110052
1	28.15	5296263	4013	50	4.35401
2	28.15	186902	1636	50	0.110052
1	28.2	5296263	4013	50	4.35401
2	28.2	186902	1636	50	0.110052
1	28.25	5296263	4013	50	4.35401
2	28.25	186902	1636	50	0.110052
1	28.3	5296263	4013	50	4.35401
2	28.3	186902	1636	50	0.110052
1	28.35	5296263	4013	50	4.35401
2	28.35	186902	1636	50	0.110052
1	28.4	5296263	4013	50	4.35401
2	28.4	186902	1636	50	0.110052
1	28.45	5296263	4013	50	4.35401
2	28.45	186902	1636	50	0.110052
1	28.5	5296263	4013	50	4.35401
2	28.5	186902	1636	50	0.110052
1	28.55	5296263	4013	50	4.35401
2	28.55	186902	1636	50	0.110052
1	28.6	5296263	4013	50	4.35401
2	28.6	186902	1636	50	0.110052
1	28.65	5296263	4013	50	4.35401
2	28.65	186902	1636	50	0.110052
1	28.7	5296263	4013	50	4.35401
2	28.7	186902	1636	50	0.110052
1	28.75	5296263	4013	50	4.35401
2	28.75	186902	1636	50	0.110052
1	28.8	5296263	4013	50	4.35401
2	28.8	186902	1636	50	0.110052
1	28.85	5296263	4013	50	4.35401
2	28.85	186902	1636	50	0.110052
1	28.9	5296263	4013	50	4.35401
2	28.9	186902	1636	50	0.110052
1	28.95	5296263	4013	50	4.35401
2	28.95	186902	1636	50	0.110052
1	29	5296263	4013	50	4.35401
2	29	186902	1636	50	0.110052
1	29.05	5296263	4013	50	4.35401
2	29.05	186902	1636	50	0.110052
1	29.1	5296263	4013	50	4.35401
2	29.1	186902	1636	50	0.110052
1	29.15	5296263	4013	50	4.35401
2	29.15	186902	1636	50	0.110052
1	29.2	5296263	4013	50	4.35401
2	29.2	186902	1636	50	0.110052
1	29.25	5296263	4013	50	4.35401
2	29.25	186902	1636	50	0.110052
1	29.3	5296263	4013	50	4.35401
2	29.3	186902	1636	50	0.110052
1	29.35	5296263	4013	50	4.35401
2	29.35	186902	1636	50	0.110052
1	29.4	5296263	4013	50	4.35401
2	29.4	186902	1636	50	0.110052
1	29.45	5296263	4013	50	4.35401
2	29.45	186902	1636	50	0.110052
1	29.5	5296263	4013	50	4.35401
2	29.5	186902	1636	50	0.110052
1	29.55	5296263	4013	50	4.35401
2	29.55	186902	1636	50	0.110052
1	29.6	5296263	4013	50	4.35401
2	29.6	186902	1636	50	0.110052
1	29.65	5296263	4013	50	4.35401
2	29.65	186902	1636	50	0.110052
1	29.7	5296263	4013	50	4.35401
2	29.7	186902	1636	50	0.110052
1	29.75	5296263	4013	50	4.35401
2	29.75	186902	1636	50	0.110052
1	29.8	5296263	4013	50	4.35401
2	29.8	186902	1636	50	0.110052
1	29.85	5296263	4013	50	4.35401
2	29.85	186902	1636	50	0.110052
1	29.9	5296263	4013	50	4.35401
2	29.9	186902	1636	50	0.110052
1	29.95	5296263	4013	50	4.35401
2	29.95	186902	1636	50	0.110052
