1	1.05	0	0	0	-nan
1	1.1	1260	1	52	-nan
2	1.1	0	0	0	-nan
1	1.15	1260	1	52	-nan
2	1.15	129	2	50	0
1	1.2	9838	7	52	0
2	1.2	129	2	50	0
1	1.25	9838	7	52	0
2	1.25	408	7	50	0
1	1.3	22026	16	55	0
2	1.3	408	7	50	0
1	1.35	22082	17	50	0
2	1.35	627	11	50	0
1	1.4	38775	28	69	0
2	1.4	797	14	50	0
1	1.45	46465	35	61	0
2	1.45	1021	18	50	0
1	1.5	58668	44	61	0
2	1.5	1242	22	50	0
1	1.55	92140	68	87	0
2	1.55	1517	27	50	0
1	1.6	104329	77	57	0
2	1.6	2074	37	50	0
1	1.65	137801	101	87	1.67283
2	1.65	2422	43	50	0
1	1.7	171269	125	112	1.54381
2	1.7	2875	51	50	0
1	1.75	204758	149	100	1.43304
2	1.75	3498	62	50	0
1	1.8	235198	171	131	1.33862
2	1.8	4013	71	50	0
1	1.85	265583	192	155	2.51107
2	1.85	4577	81	50	0
1	1.9	294443	212	185	2.36162
2	1.9	5089	90	50	0
1	1.95	327920	236	210	2.22992
2	1.95	5601	99	50	0
1	2	359888	259	235	2.11182
2	2	6165	109	50	0
1	2.05	391855	281	263	2.00473
2	2.05	6677	118	50	0
1	2.1	422361	303	282	2.87775
2	2.1	7246	128	50	0
1	2.15	451287	323	313	2.73781
2	2.15	7753	137	50	0
1	2.2	484831	347	338	2.61382
2	2.2	8185	144	50	0
1	2.25	516856	370	360	2.50522
2	2.25	8678	152	50	0
1	2.3	548823	392	383	3.20763
2	2.3	9105	159	50	0
1	2.35	577801	413	399	3.08517
2	2.35	9598	167	50	0
1	2.4	611345	437	425	2.96853
2	2.4	10054	174	50	0
1	2.45	643312	459	448	2.86536
2	2.45	10607	182	50	0
1	2.5	676856	483	473	3.45512
2	2.5	11090	189	50	0
1	2.55	708882	506	503	3.3425
2	2.55	11647	197	50	0
1	2.6	743887	530	520	3.2322
2	2.6	12204	205	50	0
1	2.65	775907	553	543	3.13324
2	2.65	12780	213	50	0
1	2.7	809451	577	569	3.64333
2	2.7	13332	220	50	0
1	2.75	842169	611	267	3.53582
2	2.75	14005	228	50	0
1	2.8	874189	634	251	3.43537
2	2.8	15138	240	50	0
1	2.85	907796	659	249	3.34154
2	2.85	15957	247	50	0
1	2.9	941349	683	250	3.78844
2	2.9	17015	256	50	0
1	2.95	973397	706	256	3.68902
2	2.95	17901	264	50	0
1	3	1000868	726	258	3.5977
2	3	18960	274	50	0
1	3.05	1036064	753	251	3.50387
2	3.05	19949	282	50	0
1	3.1	1071578	785	90	3.90685
2	3.1	21306	293	50	0
1	3.15	1103634	808	96	3.81501
2	3.15	22746	304	50	0
1	3.2	1135789	833	105	3.72745
2	3.2	23910	313	50	0
1	3.25	1169410	858	109	3.63993
2	3.25	25212	323	50	0
1	3.3	1199974	881	111	4.00495
2	3.3	26481	334	50	0
1	3.35	1230538	904	116	3.91862
2	3.35	27700	344	50	0
1	3.4	1262679	929	119	3.83542
2	3.4	28781	353	50	0
1	3.45	1294758	953	118	3.75583
2	3.45	30133	364	50	0
1	3.5	1328365	978	109	4.0869
2	3.5	31352	374	50	0
1	3.55	1362025	1004	112	4.0041
2	3.55	32571	384	50	0
1	3.6	1392589	1027	112	3.92638
2	3.6	33928	395	50	0
1	3.65	1423149	1050	113	3.85136
2	3.65	35004	404	50	0
1	3.7	1455232	1074	117	4.15561
2	3.7	36223	414	50	0
1	3.75	1487378	1099	122	4.07779
2	3.75	37442	424	50	0
1	3.8	1520980	1124	115	4.00375
2	3.8	38661	434	50	0
1	3.85	1554636	1150	114	3.9326
2	3.85	40013	445	50	0
1	3.9	1586719	1174	109	4.21452
2	3.9	41232	455	50	0
1	3.95	1618807	1198	111	4.14145
2	3.95	42451	465	50	0
1	4	1650948	1223	116	4.07088
2	4	43615	474	50	0
1	4.05	1681512	1246	119	4.00599
2	4.05	44829	484	50	0
1	4.1	1713591	1270	114	4.26856
2	4.1	46048	494	50	0
1	4.15	1745732	1295	114	4.19948
2	4.15	47267	504	50	0
1	4.2	1779339	1320	117	4.13184
2	4.2	48624	515	50	0
1	4.25	1812999	1346	117	4.06643
2	4.25	49838	525	50	0
1	4.3	1845078	1370	117	4.31282
2	4.3	51195	536	50	0
1	4.35	1878680	1395	115	4.24526
2	4.35	52414	546	50	0
1	4.4	1909307	1419	115	4.18365
2	4.4	53633	556	50	0
1	4.45	1941390	1443	119	4.1209
2	4.45	54847	566	50	0
1	4.5	1973470	1467	118	4.35307
2	4.5	56066	576	50	0
1	4.55	2007129	1493	119	4.28992
2	4.55	57285	586	50	0
1	4.6	2039217	1517	114	4.22866
2	4.6	58642	597	50	0
1	4.65	2069781	1540	120	4.17183
2	4.65	59856	607	50	0
1	4.7	2103441	1566	122	4.38799
2	4.7	60937	616	50	0
1	4.75	2137039	1591	118	4.32784
2	4.75	62294	627	50	0
1	4.8	2170704	1617	118	4.26989
2	4.8	63508	637	50	0
1	4.85	2204306	1642	112	4.21347
2	4.85	64865	648	50	0
1	4.9	2236389	1666	115	4.41989
2	4.9	66084	658	50	0
1	4.95	2270045	1692	118	4.36165
2	4.95	67303	668	50	0
1	5	2303652	1717	115	4.30649
2	5	68660	679	50	0
1	5.05	2337312	1743	117	4.25268
2	5.05	69874	689	50	0
1	5.1	2367876	1766	116	4.44907
2	5.1	71231	700	50	0
1	5.15	2399955	1790	121	4.39382
2	5.15	72450	710	50	0
1	5.2	2432101	1815	124	4.34026
2	5.2	73614	719	50	0
1	5.25	2464184	1839	125	4.28812
2	5.25	74828	729	50	0
1	5.3	2496325	1864	123	4.47475
2	5.3	76047	739	50	0
1	5.35	2529927	1889	118	4.42204
2	5.35	77266	749	50	0
1	5.4	2562011	1913	121	4.37004
2	5.4	78623	760	50	0
1	5.45	2592575	1936	121	4.32148
2	5.45	79699	769	50	0
1	5.5	2624716	1961	121	4.49866
2	5.5	80918	779	50	0
1	5.55	2658318	1986	125	4.44739
2	5.55	82275	790	50	0
1	5.6	2690397	2010	123	4.39914
2	5.6	83489	800	50	0
1	5.65	2722543	2035	123	4.35181
2	5.65	84708	810	50	0
1	5.7	2754626	2059	124	4.51959
2	5.7	85927	820	50	0
1	5.75	2786767	2084	128	4.47075
2	5.75	87146	830	50	0
1	5.8	2817328	2107	128	4.42447
2	5.8	88498	841	50	0
1	5.85	2847891	2130	127	4.37916
2	5.85	89579	850	50	0
1	5.9	2879974	2154	131	4.33231
2	5.9	90743	859	50	0
1	5.95	2910543	2177	129	4.49279
2	5.95	91962	869	50	0
1	6	2944203	2203	129	4.44656
2	6	93176	879	50	0
1	6.05	2976282	2227	128	4.40353
2	6.05	94395	889	50	0
1	6.1	3009942	2253	126	4.35954
2	6.1	95614	899	50	0
1	6.15	3043549	2278	122	4.5126
2	6.15	96971	910	50	0
1	6.2	3074113	2301	126	4.46993
2	6.2	98185	920	50	0
1	6.25	3106250	2326	129	4.42583
2	6.25	99404	930	50	0
1	6.3	3136814	2349	132	4.38473
2	6.3	100623	940	50	0
1	6.35	3168897	2373	134	4.53125
2	6.35	101837	950	50	0
1	6.4	3202562	2399	129	4.48836
2	6.4	103056	960	50	0
1	6.45	3236163	2424	128	4.44647
2	6.45	104413	971	50	0
1	6.5	3268301	2449	126	4.40667
2	6.5	105632	981	50	0
1	6.55	3301908	2474	122	4.5476
2	6.55	106846	991	50	0
1	6.6	3333991	2498	124	4.5073
2	6.6	108203	1002	50	0
1	6.65	3366132	2523	127	4.46762
2	6.65	109422	1012	50	0
1	6.7	3398211	2547	129	4.42741
2	6.7	110641	1022	50	0
1	6.75	3430294	2571	131	4.56335
2	6.75	111800	1031	50	0
1	6.8	3462382	2595	131	4.5241
2	6.8	113019	1041	50	0
1	6.85	3494523	2620	133	4.48549
2	6.85	114238	1051	50	0
1	6.9	3526602	2644	131	4.44772
2	6.9	115457	1061	50	0
1	6.95	3560262	2670	128	4.57834
2	6.95	116671	1071	50	0
1	7	3590826	2693	128	4.54047
2	7	118028	1082	50	0
1	7.05	3621395	2716	135	4.50314
2	7.05	119247	1092	50	0
1	7.1	3653478	2740	136	4.46569
2	7.1	120328	1101	50	0
1	7.15	3685615	2765	139	4.5929
2	7.15	121542	1111	50	0
1	7.2	3717698	2789	138	4.55479
2	7.2	122899	1122	50	0
1	7.25	3748262	2812	135	4.51904
2	7.25	124118	1132	50	0
1	7.3	3781927	2838	137	4.48161
2	7.3	125194	1141	50	0
1	7.35	3814006	2862	136	4.6053
2	7.35	126413	1151	50	0
1	7.4	3846089	2886	129	4.56951
2	7.4	127715	1161	50	0
1	7.45	3878230	2911	128	4.5342
2	7.45	128934	1171	50	0
1	7.5	3910313	2935	132	4.4981
2	7.5	130148	1181	50	0
1	7.55	3940880	2958	132	4.61811
2	7.55	131367	1191	50	0.155221
1	7.6	3974538	2984	133	4.5824
2	7.6	132586	1201	50	0.153992
1	7.65	4008140	3009	136	4.54741
2	7.65	133943	1212	50	0.152744
1	7.7	4038704	3032	133	4.51398
2	7.7	135157	1222	50	0.15163
1	7.75	4070850	3057	134	4.62855
2	7.75	136376	1232	50	0.150463
1	7.8	4102929	3081	135	4.59509
2	7.8	137595	1242	50	0.14936
1	7.85	4136589	3107	132	4.56059
2	7.85	138814	1252	50	0.148277
1	7.9	4168672	3131	134	4.52712
2	7.9	140166	1263	50	0.147113
1	7.95	4199236	3154	136	4.64066
2	7.95	141385	1273	50	0.146034
1	8	4231320	3178	133	4.60674
2	8	142466	1282	50	0.145071
1	8.05	4263461	3203	135	4.57323
2	8.05	143685	1292	50	0.143961
1	8.1	4294025	3226	140	4.54169
2	8.1	144982	1302	50	0.142911
1	8.15	4326108	3250	143	4.64995
2	8.15	146063	1311	50	0.142024
1	8.2	4358249	3275	143	4.6168
2	8.2	147282	1321	50	0.141001
1	8.25	4388809	3298	141	4.58565
2	8.25	148496	1331	50	0.139996
1	8.3	4420897	3322	143	4.55349
2	8.3	149715	1341	50	0.139051
1	8.35	4451461	3345	141	4.52328
2	8.35	150934	1351	50	0.138075
1	8.4	4485121	3371	140	4.62855
2	8.4	152153	1361	50	0.137112
1	8.45	4518719	3396	134	4.59726
2	8.45	153505	1372	50	0.136132
1	8.5	4550807	3420	134	4.56585
2	8.5	154724	1382	50	0.135253
1	8.55	4582948	3445	135	4.53471
2	8.55	155943	1392	50	0.134331
1	8.6	4613512	3468	143	4.63815
2	8.6	157162	1402	50	0.133458
1	8.65	4645592	3492	141	4.60714
2	8.65	158376	1412	50	0.132519
1	8.7	4677732	3517	140	4.57707
2	8.7	159540	1421	50	0.131672
1	8.75	4709820	3541	141	4.54747
2	8.75	160759	1431	50	0.130813
1	8.8	4743480	3567	140	4.64727
2	8.8	161978	1441	50	0.130005
1	8.85	4777082	3592	132	4.61758
2	8.85	163330	1452	50	0.129089
1	8.9	4810743	3618	135	4.58775
2	8.9	164549	1462	50	0.128338
1	8.95	4844345	3643	130	4.55826
2	8.95	165906	1473	50	0.127436
1	9	4874909	3666	138	4.65604
2	9	167125	1483	50	0.12669
1	9.05	4905473	3689	140	4.62747
2	9.05	168339	1493	50	0.125876
1	9.1	4939129	3715	144	4.59839
2	9.1	169558	1503	50	0.125065
1	9.15	4972736	3740	139	4.56981
2	9.15	170777	1513	50	0.12435
1	9.2	5004877	3765	139	4.66448
2	9.2	172134	1524	50	0.123507
1	9.25	5036960	3789	139	4.636
2	9.25	173348	1534	50	0.122784
1	9.3	5069039	3813	141	4.60791
2	9.3	174567	1544	50	0.122034
1	9.35	5101185	3838	145	4.58013
2	9.35	175786	1554	50	0.121294
1	9.4	5133268	3862	144	4.67274
2	9.4	177005	1564	50	0.120563
1	9.45	5165351	3886	144	4.6452
2	9.45	178219	1574	50	0.119879
1	9.5	5199011	3912	139	4.61737
2	9.5	179438	1584	50	0.119172
1	9.55	5232614	3937	140	4.58995
2	9.55	180795	1595	50	0.118425
1	9.6	5264755	3962	135	4.68047
2	9.6	182014	1605	50	0.117752
1	9.65	5298357	3987	137	4.65236
2	9.65	183366	1616	50	0.11701
1	9.7	5330440	4011	140	4.62613
2	9.7	184585	1626	50	0.116339
1	9.75	5364101	4037	143	4.59894
2	9.75	185804	1636	50	0.115682
1	9.8	5394665	4060	142	4.68811
2	9.8	187023	1646	50	0.115004
1	9.85	5426748	4084	143	4.66127
2	9.85	188182	1655	50	0.114405
1	9.9	5460408	4110	140	4.63472
2	9.9	189401	1665	50	0.11375
1	9.95	5494011	4135	141	4.60858
2	9.95	190758	1676	50	0.11307
1	10	5527671	4161	137	4.69393
2	10	191977	1686	50	0.11246
1	10.05	5551692	4186	53	4.67483
2	10.05	193329	1697	50	0.111788
1	10.1	5551929	4190	50	4.64549
2	10.1	194687	1708	50	0.11118
1	10.15	5552366	4196	50	4.61809
2	10.15	195386	1713	50	0.11067
1	10.2	5552857	4202	50	4.59715
2	10.2	196171	1719	50	0.110078
1	10.25	5553373	4208	50	4.5728
2	10.25	196171	1719	50	0.110078
1	10.3	5553373	4208	50	4.5728
2	10.3	196171	1719	50	0.110078
1	10.35	5553373	4208	50	4.5728
2	10.35	196171	1719	50	0.110078
1	10.4	5553373	4208	50	4.5728
2	10.4	196171	1719	50	0.110078
1	10.45	5553373	4208	50	4.5728
2	10.45	196171	1719	50	0.110078
1	10.5	5553373	4208	50	4.5728
2	10.5	196171	1719	50	0.110078
1	10.55	5553373	4208	50	4.5728
2	10.55	196171	1719	50	0.110078
1	10.6	5553373	4208	50	4.5728
2	10.6	196171	1719	50	0.110078
1	10.65	5553373	4208	50	4.5728
2	10.65	196171	1719	50	0.110078
1	10.7	5553373	4208	50	4.5728
2	10.7	196171	1719	50	0.110078
1	10.75	5553373	4208	50	4.5728
2	10.75	196171	1719	50	0.110078
1	10.8	5553373	4208	50	4.5728
2	10.8	196171	1719	50	0.110078
1	10.85	5553373	4208	50	4.5728
2	10.85	196171	1719	50	0.110078
1	10.9	5553373	4208	50	4.5728
2	10.9	196171	1719	50	0.110078
1	10.95	5553373	4208	50	4.5728
2	10.95	196171	1719	50	0.110078
1	11	5553373	4208	50	4.5728
2	11	196171	1719	50	0.110078
1	11.05	5553373	4208	50	4.5728
2	11.05	196171	1719	50	0.110078
1	11.1	5553373	4208	50	4.5728
2	11.1	196171	1719	50	0.110078
1	11.15	5553373	4208	50	4.5728
2	11.15	196171	1719	50	0.110078
1	11.2	5553373	4208	50	4.5728
2	11.2	196171	1719	50	0.110078
1	11.25	5553373	4208	50	4.5728
2	11.25	196171	1719	50	0.110078
1	11.3	5553373	4208	50	4.5728
2	11.3	196171	1719	50	0.110078
1	11.35	5553373	4208	50	4.5728
2	11.35	196171	1719	50	0.110078
1	11.4	5553373	4208	50	4.5728
2	11.4	196171	1719	50	0.110078
1	11.45	5553373	4208	50	4.5728
2	11.45	196171	1719	50	0.110078
1	11.5	5553373	4208	50	4.5728
2	11.5	196171	1719	50	0.110078
1	11.55	5553373	4208	50	4.5728
2	11.55	196171	1719	50	0.110078
1	11.6	5553373	4208	50	4.5728
2	11.6	196171	1719	50	0.110078
1	11.65	5553373	4208	50	4.5728
2	11.65	196171	1719	50	0.110078
1	11.7	5553373	4208	50	4.5728
2	11.7	196171	1719	50	0.110078
1	11.75	5553373	4208	50	4.5728
2	11.75	196171	1719	50	0.110078
1	11.8	5553373	4208	50	4.5728
2	11.8	196171	1719	50	0.110078
1	11.85	5553373	4208	50	4.5728
2	11.85	196171	1719	50	0.110078
1	11.9	5553373	4208	50	4.5728
2	11.9	196171	1719	50	0.110078
1	11.95	5553373	4208	50	4.5728
2	11.95	196171	1719	50	0.110078
1	12	5553373	4208	50	4.5728
2	12	196171	1719	50	0.110078
1	12.05	5553373	4208	50	4.5728
2	12.05	196171	1719	50	0.110078
1	12.1	5553373	4208	50	4.5728
2	12.1	196171	1719	50	0.110078
1	12.15	5553373	4208	50	4.5728
2	12.15	196171	1719	50	0.110078
1	12.2	5553373	4208	50	4.5728
2	12.2	196171	1719	50	0.110078
1	12.25	5553373	4208	50	4.5728
2	12.25	196171	1719	50	0.110078
1	12.3	5553373	4208	50	4.5728
2	12.3	196171	1719	50	0.110078
1	12.35	5553373	4208	50	4.5728
2	12.35	196171	1719	50	0.110078
1	12.4	5553373	4208	50	4.5728
2	12.4	196171	1719	50	0.110078
1	12.45	5553373	4208	50	4.5728
2	12.45	196171	1719	50	0.110078
1	12.5	5553373	4208	50	4.5728
2	12.5	196171	1719	50	0.110078
1	12.55	5553373	4208	50	4.5728
2	12.55	196171	1719	50	0.110078
1	12.6	5553373	4208	50	4.5728
2	12.6	196171	1719	50	0.110078
1	12.65	5553373	4208	50	4.5728
2	12.65	196171	1719	50	0.110078
1	12.7	5553373	4208	50	4.5728
2	12.7	196171	1719	50	0.110078
1	12.75	5553373	4208	50	4.5728
2	12.75	196171	1719	50	0.110078
1	12.8	5553373	4208	50	4.5728
2	12.8	196171	1719	50	0.110078
1	12.85	5553373	4208	50	4.5728
2	12.85	196171	1719	50	0.110078
1	12.9	5553373	4208	50	4.5728
2	12.9	196171	1719	50	0.110078
1	12.95	5553373	4208	50	4.5728
2	12.95	196171	1719	50	0.110078
1	13	5553373	4208	50	4.5728
2	13	196171	1719	50	0.110078
1	13.05	5553373	4208	50	4.5728
2	13.05	196171	1719	50	0.110078
1	13.1	5553373	4208	50	4.5728
2	13.1	196171	1719	50	0.110078
1	13.15	5553373	4208	50	4.5728
2	13.15	196171	1719	50	0.110078
1	13.2	5553373	4208	50	4.5728
2	13.2	196171	1719	50	0.110078
1	13.25	5553373	4208	50	4.5728
2	13.25	196171	1719	50	0.110078
1	13.3	5553373	4208	50	4.5728
2	13.3	196171	1719	50	0.110078
1	13.35	5553373	4208	50	4.5728
2	13.35	196171	1719	50	0.110078
1	13.4	5553373	4208	50	4.5728
2	13.4	196171	1719	50	0.110078
1	13.45	5553373	4208	50	4.5728
2	13.45	196171	1719	50	0.110078
1	13.5	5553373	4208	50	4.5728
2	13.5	196171	1719	50	0.110078
1	13.55	5553373	4208	50	4.5728
2	13.55	196171	1719	50	0.110078
1	13.6	5553373	4208	50	4.5728
2	13.6	196171	1719	50	0.110078
1	13.65	5553373	4208	50	4.5728
2	13.65	196171	1719	50	0.110078
1	13.7	5553373	4208	50	4.5728
2	13.7	196171	1719	50	0.110078
1	13.75	5553373	4208	50	4.5728
2	13.75	196171	1719	50	0.110078
1	13.8	5553373	4208	50	4.5728
2	13.8	196171	1719	50	0.110078
1	13.85	5553373	4208	50	4.5728
2	13.85	196171	1719	50	0.110078
1	13.9	5553373	4208	50	4.5728
2	13.9	196171	1719	50	0.110078
1	13.95	5553373	4208	50	4.5728
2	13.95	196171	1719	50	0.110078
1	14	5553373	4208	50	4.5728
2	14	196171	1719	50	0.110078
1	14.05	5553373	4208	50	4.5728
2	14.05	196171	1719	50	0.110078
1	14.1	5553373	4208	50	4.5728
2	14.1	196171	1719	50	0.110078
1	14.15	5553373	4208	50	4.5728
2	14.15	196171	1719	50	0.110078
1	14.2	5553373	4208	50	4.5728
2	14.2	196171	1719	50	0.110078
1	14.25	5553373	4208	50	4.5728
2	14.25	196171	1719	50	0.110078
1	14.3	5553373	4208	50	4.5728
2	14.3	196171	1719	50	0.110078
1	14.35	5553373	4208	50	4.5728
2	14.35	196171	1719	50	0.110078
1	14.4	5553373	4208	50	4.5728
2	14.4	196171	1719	50	0.110078
1	14.45	5553373	4208	50	4.5728
2	14.45	196171	1719	50	0.110078
1	14.5	5553373	4208	50	4.5728
2	14.5	196171	1719	50	0.110078
1	14.55	5553373	4208	50	4.5728
2	14.55	196171	1719	50	0.110078
1	14.6	5553373	4208	50	4.5728
2	14.6	196171	1719	50	0.110078
1	14.65	5553373	4208	50	4.5728
2	14.65	196171	1719	50	0.110078
1	14.7	5553373	4208	50	4.5728
2	14.7	196171	1719	50	0.110078
1	14.75	5553373	4208	50	4.5728
2	14.75	196171	1719	50	0.110078
1	14.8	5553373	4208	50	4.5728
2	14.8	196171	1719	50	0.110078
1	14.85	5553373	4208	50	4.5728
2	14.85	196171	1719	50	0.110078
1	14.9	5553373	4208	50	4.5728
2	14.9	196171	1719	50	0.110078
1	14.95	5553373	4208	50	4.5728
2	14.95	196171	1719	50	0.110078
1	15	5553373	4208	50	4.5728
2	15	196171	1719	50	0.110078
1	15.05	5553373	4208	50	4.5728
2	15.05	196171	1719	50	0.110078
1	15.1	5553373	4208	50	4.5728
2	15.1	196171	1719	50	0.110078
1	15.15	5553373	4208	50	4.5728
2	15.15	196171	1719	50	0.110078
1	15.2	5553373	4208	50	4.5728
2	15.2	196171	1719	50	0.110078
1	15.25	5553373	4208	50	4.5728
2	15.25	196171	1719	50	0.110078
1	15.3	5553373	4208	50	4.5728
2	15.3	196171	1719	50	0.110078
1	15.35	5553373	4208	50	4.5728
2	15.35	196171	1719	50	0.110078
1	15.4	5553373	4208	50	4.5728
2	15.4	196171	1719	50	0.110078
1	15.45	5553373	4208	50	4.5728
2	15.45	196171	1719	50	0.110078
1	15.5	5553373	4208	50	4.5728
2	15.5	196171	1719	50	0.110078
1	15.55	5553373	4208	50	4.5728
2	15.55	196171	1719	50	0.110078
1	15.6	5553373	4208	50	4.5728
2	15.6	196171	1719	50	0.110078
1	15.65	5553373	4208	50	4.5728
2	15.65	196171	1719	50	0.110078
1	15.7	5553373	4208	50	4.5728
2	15.7	196171	1719	50	0.110078
1	15.75	5553373	4208	50	4.5728
2	15.75	196171	1719	50	0.110078
1	15.8	5553373	4208	50	4.5728
2	15.8	196171	1719	50	0.110078
1	15.85	5553373	4208	50	4.5728
2	15.85	196171	1719	50	0.110078
1	15.9	5553373	4208	50	4.5728
2	15.9	196171	1719	50	0.110078
1	15.95	5553373	4208	50	4.5728
2	15.95	196171	1719	50	0.110078
1	16	5553373	4208	50	4.5728
2	16	196171	1719	50	0.110078
1	16.05	5553373	4208	50	4.5728
2	16.05	196171	1719	50	0.110078
1	16.1	5553373	4208	50	4.5728
2	16.1	196171	1719	50	0.110078
1	16.15	5553373	4208	50	4.5728
2	16.15	196171	1719	50	0.110078
1	16.2	5553373	4208	50	4.5728
2	16.2	196171	1719	50	0.110078
1	16.25	5553373	4208	50	4.5728
2	16.25	196171	1719	50	0.110078
1	16.3	5553373	4208	50	4.5728
2	16.3	196171	1719	50	0.110078
1	16.35	5553373	4208	50	4.5728
2	16.35	196171	1719	50	0.110078
1	16.4	5553373	4208	50	4.5728
2	16.4	196171	1719	50	0.110078
1	16.45	5553373	4208	50	4.5728
2	16.45	196171	1719	50	0.110078
1	16.5	5553373	4208	50	4.5728
2	16.5	196171	1719	50	0.110078
1	16.55	5553373	4208	50	4.5728
2	16.55	196171	1719	50	0.110078
1	16.6	5553373	4208	50	4.5728
2	16.6	196171	1719	50	0.110078
1	16.65	5553373	4208	50	4.5728
2	16.65	196171	1719	50	0.110078
1	16.7	5553373	4208	50	4.5728
2	16.7	196171	1719	50	0.110078
1	16.75	5553373	4208	50	4.5728
2	16.75	196171	1719	50	0.110078
1	16.8	5553373	4208	50	4.5728
2	16.8	196171	1719	50	0.110078
1	16.85	5553373	4208	50	4.5728
2	16.85	196171	1719	50	0.110078
1	16.9	5553373	4208	50	4.5728
2	16.9	196171	1719	50	0.110078
1	16.95	5553373	4208	50	4.5728
2	16.95	196171	1719	50	0.110078
1	17	5553373	4208	50	4.5728
2	17	196171	1719	50	0.110078
1	17.05	5553373	4208	50	4.5728
2	17.05	196171	1719	50	0.110078
1	17.1	5553373	4208	50	4.5728
2	17.1	196171	1719	50	0.110078
1	17.15	5553373	4208	50	4.5728
2	17.15	196171	1719	50	0.110078
1	17.2	5553373	4208	50	4.5728
2	17.2	196171	1719	50	0.110078
1	17.25	5553373	4208	50	4.5728
2	17.25	196171	1719	50	0.110078
1	17.3	5553373	4208	50	4.5728
2	17.3	196171	1719	50	0.110078
1	17.35	5553373	4208	50	4.5728
2	17.35	196171	1719	50	0.110078
1	17.4	5553373	4208	50	4.5728
2	17.4	196171	1719	50	0.110078
1	17.45	5553373	4208	50	4.5728
2	17.45	196171	1719	50	0.110078
1	17.5	5553373	4208	50	4.5728
2	17.5	196171	1719	50	0.110078
1	17.55	5553373	4208	50	4.5728
2	17.55	196171	1719	50	0.110078
1	17.6	5553373	4208	50	4.5728
2	17.6	196171	1719	50	0.110078
1	17.65	5553373	4208	50	4.5728
2	17.65	196171	1719	50	0.110078
1	17.7	5553373	4208	50	4.5728
2	17.7	196171	1719	50	0.110078
1	17.75	5553373	4208	50	4.5728
2	17.75	196171	1719	50	0.110078
1	17.8	5553373	4208	50	4.5728
2	17.8	196171	1719	50	0.110078
1	17.85	5553373	4208	50	4.5728
2	17.85	196171	1719	50	0.110078
1	17.9	5553373	4208	50	4.5728
2	17.9	196171	1719	50	0.110078
1	17.95	5553373	4208	50	4.5728
2	17.95	196171	1719	50	0.110078
1	18	5553373	4208	50	4.5728
2	18	196171	1719	50	0.110078
1	18.05	5553373	4208	50	4.5728
2	18.05	196171	1719	50	0.110078
1	18.1	5553373	4208	50	4.5728
2	18.1	196171	1719	50	0.110078
1	18.15	5553373	4208	50	4.5728
2	18.15	196171	1719	50	0.110078
1	18.2	5553373	4208	50	4.5728
2	18.2	196171	1719	50	0.110078
1	18.25	5553373	4208	50	4.5728
2	18.25	196171	1719	50	0.110078
1	18.3	5553373	4208	50	4.5728
2	18.3	196171	1719	50	0.110078
1	18.35	5553373	4208	50	4.5728
2	18.35	196171	1719	50	0.110078
1	18.4	5553373	4208	50	4.5728
2	18.4	196171	1719	50	0.110078
1	18.45	5553373	4208	50	4.5728
2	18.45	196171	1719	50	0.110078
1	18.5	5553373	4208	50	4.5728
2	18.5	196171	1719	50	0.110078
1	18.55	5553373	4208	50	4.5728
2	18.55	196171	1719	50	0.110078
1	18.6	5553373	4208	50	4.5728
2	18.6	196171	1719	50	0.110078
1	18.65	5553373	4208	50	4.5728
2	18.65	196171	1719	50	0.110078
1	18.7	5553373	4208	50	4.5728
2	18.7	196171	1719	50	0.110078
1	18.75	5553373	4208	50	4.5728
2	18.75	196171	1719	50	0.110078
1	18.8	5553373	4208	50	4.5728
2	18.8	196171	1719	50	0.110078
1	18.85	5553373	4208	50	4.5728
2	18.85	196171	1719	50	0.110078
1	18.9	5553373	4208	50	4.5728
2	18.9	196171	1719	50	0.110078
1	18.95	5553373	4208	50	4.5728
2	18.95	196171	1719	50	0.110078
1	19	5553373	4208	50	4.5728
2	19	196171	1719	50	0.110078
1	19.05	5553373	4208	50	4.5728
2	19.05	196171	1719	50	0.110078
1	19.1	5553373	4208	50	4.5728
2	19.1	196171	1719	50	0.110078
1	19.15	5553373	4208	50	4.5728
2	19.15	196171	1719	50	0.110078
1	19.2	5553373	4208	50	4.5728
2	19.2	196171	1719	50	0.110078
1	19.25	5553373	4208	50	4.5728
2	19.25	196171	1719	50	0.110078
1	19.3	5553373	4208	50	4.5728
2	19.3	196171	1719	50	0.110078
1	19.35	5553373	4208	50	4.5728
2	19.35	196171	1719	50	0.110078
1	19.4	5553373	4208	50	4.5728
2	19.4	196171	1719	50	0.110078
1	19.45	5553373	4208	50	4.5728
2	19.45	196171	1719	50	0.110078
1	19.5	5553373	4208	50	4.5728
2	19.5	196171	1719	50	0.110078
1	19.55	5553373	4208	50	4.5728
2	19.55	196171	1719	50	0.110078
1	19.6	5553373	4208	50	4.5728
2	19.6	196171	1719	50	0.110078
1	19.65	5553373	4208	50	4.5728
2	19.65	196171	1719	50	0.110078
1	19.7	5553373	4208	50	4.5728
2	19.7	196171	1719	50	0.110078
1	19.75	5553373	4208	50	4.5728
2	19.75	196171	1719	50	0.110078
1	19.8	5553373	4208	50	4.5728
2	19.8	196171	1719	50	0.110078
1	19.85	5553373	4208	50	4.5728
2	19.85	196171	1719	50	0.110078
1	19.9	5553373	4208	50	4.5728
2	19.9	196171	1719	50	0.110078
1	19.95	5553373	4208	50	4.5728
2	19.95	196171	1719	50	0.110078
1	20	5553373	4208	50	4.5728
2	20	196171	1719	50	0.110078
1	20.05	5553373	4208	50	4.5728
2	20.05	196171	1719	50	0.110078
1	20.1	5553373	4208	50	4.5728
2	20.1	196171	1719	50	0.110078
1	20.15	5553373	4208	50	4.5728
2	20.15	196171	1719	50	0.110078
1	20.2	5553373	4208	50	4.5728
2	20.2	196171	1719	50	0.110078
1	20.25	5553373	4208	50	4.5728
2	20.25	196171	1719	50	0.110078
1	20.3	5553373	4208	50	4.5728
2	20.3	196171	1719	50	0.110078
1	20.35	5553373	4208	50	4.5728
2	20.35	196171	1719	50	0.110078
1	20.4	5553373	4208	50	4.5728
2	20.4	196171	1719	50	0.110078
1	20.45	5553373	4208	50	4.5728
2	20.45	196171	1719	50	0.110078
1	20.5	5553373	4208	50	4.5728
2	20.5	196171	1719	50	0.110078
1	20.55	5553373	4208	50	4.5728
2	20.55	196171	1719	50	0.110078
1	20.6	5553373	4208	50	4.5728
2	20.6	196171	1719	50	0.110078
1	20.65	5553373	4208	50	4.5728
2	20.65	196171	1719	50	0.110078
1	20.7	5553373	4208	50	4.5728
2	20.7	196171	1719	50	0.110078
1	20.75	5553373	4208	50	4.5728
2	20.75	196171	1719	50	0.110078
1	20.8	5553373	4208	50	4.5728
2	20.8	196171	1719	50	0.110078
1	20.85	5553373	4208	50	4.5728
2	20.85	196171	1719	50	0.110078
1	20.9	5553373	4208	50	4.5728
2	20.9	196171	1719	50	0.110078
1	20.95	5553373	4208	50	4.5728
2	20.95	196171	1719	50	0.110078
1	21	5553373	4208	50	4.5728
2	21	196171	1719	50	0.110078
1	21.05	5553373	4208	50	4.5728
2	21.05	196171	1719	50	0.110078
1	21.1	5553373	4208	50	4.5728
2	21.1	196171	1719	50	0.110078
1	21.15	5553373	4208	50	4.5728
2	21.15	196171	1719	50	0.110078
1	21.2	5553373	4208	50	4.5728
2	21.2	196171	1719	50	0.110078
1	21.25	5553373	4208	50	4.5728
2	21.25	196171	1719	50	0.110078
1	21.3	5553373	4208	50	4.5728
2	21.3	196171	1719	50	0.110078
1	21.35	5553373	4208	50	4.5728
2	21.35	196171	1719	50	0.110078
1	21.4	5553373	4208	50	4.5728
2	21.4	196171	1719	50	0.110078
1	21.45	5553373	4208	50	4.5728
2	21.45	196171	1719	50	0.110078
1	21.5	5553373	4208	50	4.5728
2	21.5	196171	1719	50	0.110078
1	21.55	5553373	4208	50	4.5728
2	21.55	196171	1719	50	0.110078
1	21.6	5553373	4208	50	4.5728
2	21.6	196171	1719	50	0.110078
1	21.65	5553373	4208	50	4.5728
2	21.65	196171	1719	50	0.110078
1	21.7	5553373	4208	50	4.5728
2	21.7	196171	1719	50	0.110078
1	21.75	5553373	4208	50	4.5728
2	21.75	196171	1719	50	0.110078
1	21.8	5553373	4208	50	4.5728
2	21.8	196171	1719	50	0.110078
1	21.85	5553373	4208	50	4.5728
2	21.85	196171	1719	50	0.110078
1	21.9	5553373	4208	50	4.5728
2	21.9	196171	1719	50	0.110078
1	21.95	5553373	4208	50	4.5728
2	21.95	196171	1719	50	0.110078
1	22	5553373	4208	50	4.5728
2	22	196171	1719	50	0.110078
1	22.05	5553373	4208	50	4.5728
2	22.05	196171	1719	50	0.110078
1	22.1	5553373	4208	50	4.5728
2	22.1	196171	1719	50	0.110078
1	22.15	5553373	4208	50	4.5728
2	22.15	196171	1719	50	0.110078
1	22.2	5553373	4208	50	4.5728
2	22.2	196171	1719	50	0.110078
1	22.25	5553373	4208	50	4.5728
2	22.25	196171	1719	50	0.110078
1	22.3	5553373	4208	50	4.5728
2	22.3	196171	1719	50	0.110078
1	22.35	5553373	4208	50	4.5728
2	22.35	196171	1719	50	0.110078
1	22.4	5553373	4208	50	4.5728
2	22.4	196171	1719	50	0.110078
1	22.45	5553373	4208	50	4.5728
2	22.45	196171	1719	50	0.110078
1	22.5	5553373	4208	50	4.5728
2	22.5	196171	1719	50	0.110078
1	22.55	5553373	4208	50	4.5728
2	22.55	196171	1719	50	0.110078
1	22.6	5553373	4208	50	4.5728
2	22.6	196171	1719	50	0.110078
1	22.65	5553373	4208	50	4.5728
2	22.65	196171	1719	50	0.110078
1	22.7	5553373	4208	50	4.5728
2	22.7	196171	1719	50	0.110078
1	22.75	5553373	4208	50	4.5728
2	22.75	196171	1719	50	0.110078
1	22.8	5553373	4208	50	4.5728
2	22.8	196171	1719	50	0.110078
1	22.85	5553373	4208	50	4.5728
2	22.85	196171	1719	50	0.110078
1	22.9	5553373	4208	50	4.5728
2	22.9	196171	1719	50	0.110078
1	22.95	5553373	4208	50	4.5728
2	22.95	196171	1719	50	0.110078
1	23	5553373	4208	50	4.5728
2	23	196171	1719	50	0.110078
1	23.05	5553373	4208	50	4.5728
2	23.05	196171	1719	50	0.110078
1	23.1	5553373	4208	50	4.5728
2	23.1	196171	1719	50	0.110078
1	23.15	5553373	4208	50	4.5728
2	23.15	196171	1719	50	0.110078
1	23.2	5553373	4208	50	4.5728
2	23.2	196171	1719	50	0.110078
1	23.25	5553373	4208	50	4.5728
2	23.25	196171	1719	50	0.110078
1	23.3	5553373	4208	50	4.5728
2	23.3	196171	1719	50	0.110078
1	23.35	5553373	4208	50	4.5728
2	23.35	196171	1719	50	0.110078
1	23.4	5553373	4208	50	4.5728
2	23.4	196171	1719	50	0.110078
1	23.45	5553373	4208	50	4.5728
2	23.45	196171	1719	50	0.110078
1	23.5	5553373	4208	50	4.5728
2	23.5	196171	1719	50	0.110078
1	23.55	5553373	4208	50	4.5728
2	23.55	196171	1719	50	0.110078
1	23.6	5553373	4208	50	4.5728
2	23.6	196171	1719	50	0.110078
1	23.65	5553373	4208	50	4.5728
2	23.65	196171	1719	50	0.110078
1	23.7	5553373	4208	50	4.5728
2	23.7	196171	1719	50	0.110078
1	23.75	5553373	4208	50	4.5728
2	23.75	196171	1719	50	0.110078
1	23.8	5553373	4208	50	4.5728
2	23.8	196171	1719	50	0.110078
1	23.85	5553373	4208	50	4.5728
2	23.85	196171	1719	50	0.110078
1	23.9	5553373	4208	50	4.5728
2	23.9	196171	1719	50	0.110078
1	23.95	5553373	4208	50	4.5728
2	23.95	196171	1719	50	0.110078
1	24	5553373	4208	50	4.5728
2	24	196171	1719	50	0.110078
1	24.05	5553373	4208	50	4.5728
2	24.05	196171	1719	50	0.110078
1	24.1	5553373	4208	50	4.5728
2	24.1	196171	1719	50	0.110078
1	24.15	5553373	4208	50	4.5728
2	24.15	196171	1719	50	0.110078
1	24.2	5553373	4208	50	4.5728
2	24.2	196171	1719	50	0.110078
1	24.25	5553373	4208	50	4.5728
2	24.25	196171	1719	50	0.110078
1	24.3	5553373	4208	50	4.5728
2	24.3	196171	1719	50	0.110078
1	24.35	5553373	4208	50	4.5728
2	24.35	196171	1719	50	0.110078
1	24.4	5553373	4208	50	4.5728
2	24.4	196171	1719	50	0.110078
1	24.45	5553373	4208	50	4.5728
2	24.45	196171	1719	50	0.110078
1	24.5	5553373	4208	50	4.5728
2	24.5	196171	1719	50	0.110078
1	24.55	5553373	4208	50	4.5728
2	24.55	196171	1719	50	0.110078
1	24.6	5553373	4208	50	4.5728
2	24.6	196171	1719	50	0.110078
1	24.65	5553373	4208	50	4.5728
2	24.65	196171	1719	50	0.110078
1	24.7	5553373	4208	50	4.5728
2	24.7	196171	1719	50	0.110078
1	24.75	5553373	4208	50	4.5728
2	24.75	196171	1719	50	0.110078
1	24.8	5553373	4208	50	4.5728
2	24.8	196171	1719	50	0.110078
1	24.85	5553373	4208	50	4.5728
2	24.85	196171	1719	50	0.110078
1	24.9	5553373	4208	50	4.5728
2	24.9	196171	1719	50	0.110078
1	24.95	5553373	4208	50	4.5728
2	24.95	196171	1719	50	0.110078
1	25	5553373	4208	50	4.5728
2	25	196171	1719	50	0.110078
1	25.05	5553373	4208	50	4.5728
2	25.05	196171	1719	50	0.110078
1	25.1	5553373	4208	50	4.5728
2	25.1	196171	1719	50	0.110078
1	25.15	5553373	4208	50	4.5728
2	25.15	196171	1719	50	0.110078
1	25.2	5553373	4208	50	4.5728
2	25.2	196171	1719	50	0.110078
1	25.25	5553373	4208	50	4.5728
2	25.25	196171	1719	50	0.110078
1	25.3	5553373	4208	50	4.5728
2	25.3	196171	1719	50	0.110078
1	25.35	5553373	4208	50	4.5728
2	25.35	196171	1719	50	0.110078
1	25.4	5553373	4208	50	4.5728
2	25.4	196171	1719	50	0.110078
1	25.45	5553373	4208	50	4.5728
2	25.45	196171	1719	50	0.110078
1	25.5	5553373	4208	50	4.5728
2	25.5	196171	1719	50	0.110078
1	25.55	5553373	4208	50	4.5728
2	25.55	196171	1719	50	0.110078
1	25.6	5553373	4208	50	4.5728
2	25.6	196171	1719	50	0.110078
1	25.65	5553373	4208	50	4.5728
2	25.65	196171	1719	50	0.110078
1	25.7	5553373	4208	50	4.5728
2	25.7	196171	1719	50	0.110078
1	25.75	5553373	4208	50	4.5728
2	25.75	196171	1719	50	0.110078
1	25.8	5553373	4208	50	4.5728
2	25.8	196171	1719	50	0.110078
1	25.85	5553373	4208	50	4.5728
2	25.85	196171	1719	50	0.110078
1	25.9	5553373	4208	50	4.5728
2	25.9	196171	1719	50	0.110078
1	25.95	5553373	4208	50	4.5728
2	25.95	196171	1719	50	0.110078
1	26	5553373	4208	50	4.5728
2	26	196171	1719	50	0.110078
1	26.05	5553373	4208	50	4.5728
2	26.05	196171	1719	50	0.110078
1	26.1	5553373	4208	50	4.5728
2	26.1	196171	1719	50	0.110078
1	26.15	5553373	4208	50	4.5728
2	26.15	196171	1719	50	0.110078
1	26.2	5553373	4208	50	4.5728
2	26.2	196171	1719	50	0.110078
1	26.25	5553373	4208	50	4.5728
2	26.25	196171	1719	50	0.110078
1	26.3	5553373	4208	50	4.5728
2	26.3	196171	1719	50	0.110078
1	26.35	5553373	4208	50	4.5728
2	26.35	196171	1719	50	0.110078
1	26.4	5553373	4208	50	4.5728
2	26.4	196171	1719	50	0.110078
1	26.45	5553373	4208	50	4.5728
2	26.45	196171	1719	50	0.110078
1	26.5	5553373	4208	50	4.5728
2	26.5	196171	1719	50	0.110078
1	26.55	5553373	4208	50	4.5728
2	26.55	196171	1719	50	0.110078
1	26.6	5553373	4208	50	4.5728
2	26.6	196171	1719	50	0.110078
1	26.65	5553373	4208	50	4.5728
2	26.65	196171	1719	50	0.110078
1	26.7	5553373	4208	50	4.5728
2	26.7	196171	1719	50	0.110078
1	26.75	5553373	4208	50	4.5728
2	26.75	196171	1719	50	0.110078
1	26.8	5553373	4208	50	4.5728
2	26.8	196171	1719	50	0.110078
1	26.85	5553373	4208	50	4.5728
2	26.85	196171	1719	50	0.110078
1	26.9	5553373	4208	50	4.5728
2	26.9	196171	1719	50	0.110078
1	26.95	5553373	4208	50	4.5728
2	26.95	196171	1719	50	0.110078
1	27	5553373	4208	50	4.5728
2	27	196171	1719	50	0.110078
1	27.05	5553373	4208	50	4.5728
2	27.05	196171	1719	50	0.110078
1	27.1	5553373	4208	50	4.5728
2	27.1	196171	1719	50	0.110078
1	27.15	5553373	4208	50	4.5728
2	27.15	196171	1719	50	0.110078
1	27.2	5553373	4208	50	4.5728
2	27.2	196171	1719	50	0.110078
1	27.25	5553373	4208	50	4.5728
2	27.25	196171	1719	50	0.110078
1	27.3	5553373	4208	50	4.5728
2	27.3	196171	1719	50	0.110078
1	27.35	5553373	4208	50	4.5728
2	27.35	196171	1719	50	0.110078
1	27.4	5553373	4208	50	4.5728
2	27.4	196171	1719	50	0.110078
1	27.45	5553373	4208	50	4.5728
2	27.45	196171	1719	50	0.110078
1	27.5	5553373	4208	50	4.5728
2	27.5	196171	1719	50	0.110078
1	27.55	5553373	4208	50	4.5728
2	27.55	196171	1719	50	0.110078
1	27.6	5553373	4208	50	4.5728
2	27.6	196171	1719	50	0.110078
1	27.65	5553373	4208	50	4.5728
2	27.65	196171	1719	50	0.110078
1	27.7	5553373	4208	50	4.5728
2	27.7	196171	1719	50	0.110078
1	27.75	5553373	4208	50	4.5728
2	27.75	196171	1719	50	0.110078
1	27.8	5553373	4208	50	4.5728
2	27.8	196171	1719	50	0.110078
1	27.85	5553373	4208	50	4.5728
2	27.85	196171	1719	50	0.110078
1	27.9	5553373	4208	50	4.5728
2	27.9	196171	1719	50	0.110078
1	27.95	5553373	4208	50	4.5728
2	27.95	196171	1719	50	0.110078
1	28	5553373	4208	50	4.5728
2	28	196171	1719	50	0.110078
1	28.05	5553373	4208	50	4.5728
2	28.05	196171	1719	50	0.110078
1	28.1	5553373	4208	50	4.5728
2	28.1	196171	1719	50	0.110078
1	28.15	5553373	4208	50	4.5728
2	28.15	196171	1719	50	0.110078
1	28.2	5553373	4208	50	4.5728
2	28.2	196171	1719	50	0.110078
1	28.25	5553373	4208	50	4.5728
2	28.25	196171	1719	50	0.110078
1	28.3	5553373	4208	50	4.5728
2	28.3	196171	1719	50	0.110078
1	28.35	5553373	4208	50	4.5728
2	28.35	196171	1719	50	0.110078
1	28.4	5553373	4208	50	4.5728
2	28.4	196171	1719	50	0.110078
1	28.45	5553373	4208	50	4.5728
2	28.45	196171	1719	50	0.110078
1	28.5	5553373	4208	50	4.5728
2	28.5	196171	1719	50	0.110078
1	28.55	5553373	4208	50	4.5728
2	28.55	196171	1719	50	0.110078
1	28.6	5553373	4208	50	4.5728
2	28.6	196171	1719	50	0.110078
1	28.65	5553373	4208	50	4.5728
2	28.65	196171	1719	50	0.110078
1	28.7	5553373	4208	50	4.5728
2	28.7	196171	1719	50	0.110078
1	28.75	5553373	4208	50	4.5728
2	28.75	196171	1719	50	0.110078
1	28.8	5553373	4208	50	4.5728
2	28.8	196171	1719	50	0.110078
1	28.85	5553373	4208	50	4.5728
2	28.85	196171	1719	50	0.110078
1	28.9	5553373	4208	50	4.5728
2	28.9	196171	1719	50	0.110078
1	28.95	5553373	4208	50	4.5728
2	28.95	196171	1719	50	0.110078
1	29	5553373	4208	50	4.5728
2	29	196171	1719	50	0.110078
1	29.05	5553373	4208	50	4.5728
2	29.05	196171	1719	50	0.110078
1	29.1	5553373	4208	50	4.5728
2	29.1	196171	1719	50	0.110078
1	29.15	5553373	4208	50	4.5728
2	29.15	196171	1719	50	0.110078
1	29.2	5553373	4208	50	4.5728
2	29.2	196171	1719	50	0.110078
1	29.25	5553373	4208	50	4.5728
2	29.25	196171	1719	50	0.110078
1	29.3	5553373	4208	50	4.5728
2	29.3	196171	1719	50	0.110078
1	29.35	5553373	4208	50	4.5728
2	29.35	196171	1719	50	0.110078
1	29.4	5553373	4208	50	4.5728
2	29.4	196171	1719	50	0.110078
1	29.45	5553373	4208	50	4.5728
2	29.45	196171	1719	50	0.110078
1	29.5	5553373	4208	50	4.5728
2	29.5	196171	1719	50	0.110078
1	29.55	5553373	4208	50	4.5728
2	29.55	196171	1719	50	0.110078
1	29.6	5553373	4208	50	4.5728
2	29.6	196171	1719	50	0.110078
1	29.65	5553373	4208	50	4.5728
2	29.65	196171	1719	50	0.110078
1	29.7	5553373	4208	50	4.5728
2	29.7	196171	1719	50	0.110078
1	29.75	5553373	4208	50	4.5728
2	29.75	196171	1719	50	0.110078
1	29.8	5553373	4208	50	4.5728
2	29.8	196171	1719	50	0.110078
1	29.85	5553373	4208	50	4.5728
2	29.85	196171	1719	50	0.110078
1	29.9	5553373	4208	50	4.5728
2	29.9	196171	1719	50	0.110078
1	29.95	5553373	4208	50	4.5728
2	29.95	196171	1719	50	0.110078
