1	1.05	0	0	0	-nan
1	1.1	1260	1	52	-nan
2	1.1	0	0	0	-nan
1	1.15	1260	1	52	-nan
2	1.15	129	2	50	0
1	1.2	9838	7	55	0
2	1.2	129	2	50	0
1	1.25	9838	7	55	0
2	1.25	350	6	53	0
1	1.3	22026	16	56	0
2	1.3	408	7	52	0
1	1.35	22082	17	52	0
2	1.35	627	11	52	0
1	1.4	32706	24	59	0
2	1.4	797	14	50	0
1	1.45	46465	35	60	0
2	1.45	912	16	50	0
1	1.5	49564	38	58	0
2	1.5	1242	22	54	0
1	1.55	84505	62	82	0
2	1.55	1298	23	54	0
1	1.6	95233	71	68	0
2	1.6	1852	33	53	0
1	1.65	122581	90	80	0
2	1.65	2315	41	53	0
1	1.7	157570	115	103	1.54856
2	1.7	2765	49	51	0
1	1.75	192613	141	110	1.43666
2	1.75	3338	59	51	0
1	1.8	224582	164	115	1.33957
2	1.8	3964	70	50	0
1	1.85	254967	185	140	1.25646
2	1.85	4528	80	50	0
1	1.9	289951	210	167	2.36086
2	1.9	4983	88	52	0
1	1.95	321907	233	191	2.23214
2	1.95	5609	99	52	0
1	2	355339	256	217	2.11501
2	2	6173	109	51	0
1	2.05	388888	280	245	2.00715
2	2.05	6685	118	51	0
1	2.1	422432	304	268	2.86884
2	2.1	7254	128	51	0
1	2.15	449839	323	300	2.73501
2	2.15	7823	138	51	0
1	2.2	483383	347	321	2.61545
2	2.2	8185	144	53	0
1	2.25	518388	371	340	2.50638
2	2.25	8678	152	53	0
1	2.3	554970	397	362	3.20853
2	2.3	9171	160	53	0
1	2.35	588517	421	382	3.08608
2	2.35	9720	169	53	0
1	2.4	623580	446	409	2.97156
2	2.4	10233	177	51	0
1	2.45	657066	469	436	3.58068
2	2.45	10823	186	51	0
1	2.5	689091	492	462	3.45367
2	2.5	11283	193	53	0
1	2.55	721112	515	486	3.33952
2	2.55	11738	200	53	0
1	2.6	759218	542	504	3.23038
2	2.6	12364	209	50	0
1	2.65	791243	565	528	3.75767
2	2.65	12941	217	50	0
1	2.7	821691	586	558	3.64485
2	2.7	13553	225	53	0
1	2.75	854329	619	252	3.53461
2	2.75	14137	232	53	0
1	2.8	889450	645	247	3.43586
2	2.8	15141	243	52	0
1	2.85	926046	671	245	3.89383
2	2.85	16018	251	52	0
1	2.9	959657	696	254	3.78829
2	2.9	17063	261	54	0
1	2.95	993215	720	248	3.69078
2	2.95	17998	270	54	0
1	3	1025191	742	246	3.5949
2	3	19111	281	50	0
1	3.05	1057840	775	93	4.00788
2	3.05	20101	289	50	0
1	3.1	1091460	800	96	3.90772
2	3.1	21734	302	53	0
1	3.15	1126610	826	104	3.81441
2	3.15	22898	311	53	0
1	3.2	1163325	854	99	3.72831
2	3.2	24195	321	50	0
1	3.25	1200028	882	93	4.09609
2	3.25	25690	333	50	0
1	3.3	1230592	905	104	4.00439
2	3.3	27047	344	52	0
1	3.35	1261156	928	108	3.91943
2	3.35	28128	353	52	0
1	3.4	1296273	954	110	3.83378
2	3.4	29342	363	51	0
1	3.45	1329938	980	109	4.17125
2	3.45	30699	374	51	0
1	3.5	1363540	1005	108	4.08751
2	3.5	32056	385	50	0
1	3.55	1397200	1031	104	4.00528
2	3.55	33275	395	50	0
1	3.6	1427760	1054	114	3.928
2	3.6	34632	406	50	0
1	3.65	1459848	1078	114	4.23469
2	3.65	35708	415	50	0
1	3.7	1490470	1102	118	4.15519
2	3.7	36927	425	50	0
1	3.75	1520976	1124	123	4.07873
2	3.75	38146	435	50	0
1	3.8	1554632	1150	115	4.00569
2	3.8	39222	444	53	0
1	3.85	1591335	1178	113	4.29193
2	3.85	40579	455	53	0
1	3.9	1624937	1203	103	4.21627
2	3.9	42074	467	51	0
1	3.95	1657020	1227	105	4.14245
2	3.95	43293	477	51	0
1	4	1687642	1251	115	4.07385
2	4	44512	487	52	0
1	4.05	1719721	1275	119	4.33965
2	4.05	45726	497	52	0
1	4.1	1751809	1299	118	4.26784
2	4.1	46945	507	53	0
1	4.15	1785469	1325	114	4.19653
2	4.15	48109	516	53	0
1	4.2	1817552	1349	111	4.13192
2	4.2	49323	526	53	0
1	4.25	1851213	1375	114	4.37917
2	4.25	50542	536	53	0
1	4.3	1887853	1402	106	4.31295
2	4.3	51954	548	50	0
1	4.35	1923032	1429	103	4.24787
2	4.35	53311	559	50	0
1	4.4	1956697	1455	107	4.18451
2	4.4	54668	570	52	0
1	4.45	1991872	1482	103	4.41721
2	4.45	55882	580	52	0
1	4.5	2025479	1507	107	4.35175
2	4.5	57239	591	52	0
1	4.55	2057562	1531	111	4.29073
2	4.55	58596	602	52	0
1	4.6	2092741	1558	109	4.22989
2	4.6	59815	612	53	0
1	4.65	2129440	1586	107	4.44795
2	4.65	61172	623	53	0
1	4.7	2163042	1611	106	4.38756
2	4.7	62524	634	52	0
1	4.75	2196702	1637	106	4.32706
2	4.75	63881	645	52	0
1	4.8	2231828	1663	112	4.53704
2	4.8	65100	655	51	0
1	4.85	2267003	1690	112	4.47705
2	4.85	66457	666	51	0
1	4.9	2302187	1717	109	4.41882
2	4.9	67814	677	53	0
1	4.95	2338827	1744	107	4.36207
2	4.95	69028	687	53	0
1	5	2377107	1774	96	4.56024
2	5	70578	700	50	0
1	5.05	2412224	1800	97	4.50462
2	5.05	72073	712	50	0
1	5.1	2447408	1827	103	4.44821
2	5.1	73430	723	51	0
1	5.15	2482529	1853	111	4.39431
2	5.15	74787	734	51	0
1	5.2	2514670	1878	113	4.58095
2	5.2	76199	746	51	0
1	5.25	2545230	1901	123	4.52702
2	5.25	77358	755	51	0
1	5.3	2575794	1924	126	4.47463
2	5.3	78439	764	54	0
1	5.35	2609401	1949	125	4.42207
2	5.35	79658	774	54	0
1	5.4	2646099	1977	115	4.60102
2	5.4	81010	785	50	0
1	5.45	2679760	2003	112	4.54915
2	5.45	82367	796	50	0
1	5.5	2714939	2030	113	4.49794
2	5.5	83586	806	52	0
1	5.55	2751584	2057	112	4.44799
2	5.55	84943	817	52	0
1	5.6	2786763	2084	108	4.61908
2	5.6	86355	829	52	0
1	5.65	2821880	2110	108	4.56879
2	5.65	87707	840	52	0
1	5.7	2857064	2137	110	4.51962
2	5.7	89064	851	53	0
1	5.75	2893762	2165	109	4.68343
2	5.75	90421	862	53	0
1	5.8	2927369	2190	111	4.63534
2	5.8	91778	873	51	0
1	5.85	2961025	2216	112	4.58586
2	5.85	93135	884	51	0
1	5.9	2991589	2239	118	4.54029
2	5.9	94349	894	51	0
1	5.95	3023672	2263	124	4.69759
2	5.95	95568	904	51	0
1	6	3055818	2288	128	4.64918
2	6	96787	914	53	0
1	6.05	3087901	2312	128	4.60384
2	6.05	98006	924	53	0
1	6.1	3123076	2339	127	4.55655
2	6.1	99220	934	53	0
1	6.15	3156678	2364	120	4.70854
2	6.15	100577	945	53	0
1	6.2	3190343	2390	120	4.66338
2	6.2	101796	955	53	0
1	6.25	3223945	2415	117	4.61906
2	6.25	103153	966	53	0
1	6.3	3260644	2443	116	4.57411
2	6.3	104510	977	51	0
1	6.35	3295765	2469	113	4.71912
2	6.35	105862	988	51	0
1	6.4	3327906	2494	119	4.67567
2	6.4	107081	998	53	0
1	6.45	3361513	2519	117	4.63285
2	6.45	108438	1009	53	0
1	6.5	3393650	2544	121	4.59053
2	6.5	109657	1019	52	0
1	6.55	3425733	2568	124	4.72966
2	6.55	111009	1030	52	0
1	6.6	3460912	2595	126	4.68815
2	6.6	112228	1040	51	0
1	6.65	3497557	2622	120	4.64524
2	6.65	113585	1051	51	0
1	6.7	3532732	2649	117	4.60501
2	6.7	114997	1063	50	0
1	6.75	3567916	2676	115	4.74019
2	6.75	116354	1074	50	0
1	6.8	3603095	2703	117	4.69881
2	6.8	117706	1085	50	0
1	6.85	3638221	2729	119	4.6581
2	6.85	119063	1096	50	0
1	6.9	3671877	2755	117	4.78904
2	6.9	120282	1106	53	0
1	6.95	3706998	2781	117	4.74895
2	6.95	121639	1117	53	0
1	7	3740663	2807	118	4.70851
2	7	122996	1128	52	0
1	7.05	3772746	2831	122	4.66936
2	7.05	124210	1138	52	0
1	7.1	3803306	2854	131	4.79694
2	7.1	125429	1148	53	0
1	7.15	3835447	2879	132	4.75718
2	7.15	126648	1158	53	0
1	7.2	3869054	2904	134	4.71851
2	7.2	127867	1168	54	0
1	7.25	3904233	2931	126	4.67994
2	7.25	129081	1178	54	0
1	7.3	3942452	2960	114	4.80166
2	7.3	130576	1190	51	0
1	7.35	3977572	2986	110	4.76378
2	7.35	131933	1201	51	0.160139
1	7.4	4009713	3011	116	4.72721
2	7.4	133290	1212	54	0.158797
1	7.45	4044839	3037	118	4.69028
2	7.45	134509	1222	54	0.157581
1	7.5	4081535	3065	121	4.80853
2	7.5	135861	1233	50	0.156446
1	7.55	4115135	3090	118	4.77125
2	7.55	137411	1246	50	0.155111
1	7.6	4145762	3114	126	4.73547
2	7.6	138437	1254	54	0.15403
1	7.65	4179364	3139	135	4.69999
2	7.65	139656	1264	54	0.15282
1	7.7	4216062	3167	128	4.81364
2	7.7	141063	1276	51	0.15159
1	7.75	4248146	3191	120	4.77897
2	7.75	142420	1287	51	0.150507
1	7.8	4280287	3216	126	4.74329
2	7.8	143777	1298	51	0.149318
1	7.85	4312370	3240	134	4.70805
2	7.85	144996	1308	51	0.148206
1	7.9	4342934	3263	137	4.81913
2	7.9	146160	1317	53	0.147111
1	7.95	4373552	3287	144	4.78496
2	7.95	147236	1326	53	0.146123
1	8	4408678	3313	137	4.75058
2	8	148455	1336	53	0.145036
1	8.05	4443857	3340	126	4.71708
2	8.05	149812	1347	53	0.143981
1	8.1	4480502	3367	121	4.82457
2	8.1	151169	1358	52	0.142944
1	8.15	4515677	3394	119	4.79028
2	8.15	152576	1370	52	0.141903
1	8.2	4550861	3421	117	4.75748
2	8.2	153933	1381	51	0.140954
1	8.25	4586040	3448	123	4.72452
2	8.25	155290	1392	51	0.139948
1	8.3	4622680	3475	117	4.82956
2	8.3	156647	1403	50	0.138997
1	8.35	4657860	3502	118	4.79687
2	8.35	158004	1414	50	0.138067
1	8.4	4691520	3528	126	4.76353
2	8.4	159356	1425	54	0.137056
1	8.45	4726646	3554	125	4.86702
2	8.45	160575	1435	54	0.136143
1	8.5	4761825	3581	122	4.83409
2	8.5	161932	1446	54	0.135236
1	8.55	4796942	3607	123	4.80157
2	8.55	163289	1457	54	0.134287
1	8.6	4832126	3634	122	4.77077
2	8.6	164646	1468	53	0.133399
1	8.65	4868824	3662	118	4.87012
2	8.65	166053	1480	53	0.13254
1	8.7	4902431	3687	122	4.83829
2	8.7	167410	1491	53	0.131646
1	8.75	4936087	3713	124	4.80664
2	8.75	168629	1501	53	0.130867
1	8.8	4971271	3740	128	4.77591
2	8.8	169986	1512	54	0.129918
1	8.85	5007911	3767	124	4.87336
2	8.85	171343	1523	54	0.12908
1	8.9	5041571	3793	125	4.84248
2	8.9	172695	1534	53	0.128298
1	8.95	5073655	3817	126	4.8124
2	8.95	174052	1545	53	0.127459
1	9	5105738	3841	132	4.78237
2	9	175271	1555	54	0.126652
1	9.05	5139398	3867	136	4.877
2	9.05	176490	1565	54	0.12586
1	9.1	5176101	3895	132	4.84619
2	9.1	177847	1576	51	0.12507
1	9.15	5209699	3920	131	4.81682
2	9.15	179199	1587	51	0.12428
1	9.2	5240263	3943	134	4.78784
2	9.2	180418	1597	53	0.123562
1	9.25	5273923	3969	136	4.87941
2	9.25	181637	1607	53	0.122789
1	9.3	5306011	3993	136	4.85091
2	9.3	182994	1618	52	0.12199
1	9.35	5339671	4019	138	4.82077
2	9.35	184208	1628	52	0.121276
1	9.4	5371750	4043	141	4.79265
2	9.4	185427	1638	54	0.120528
1	9.45	5406934	4070	136	4.88268
2	9.45	186646	1648	54	0.119822
1	9.5	5440536	4095	137	4.85393
2	9.5	188003	1659	54	0.119095
1	9.55	5474196	4121	129	4.82538
2	9.55	189217	1669	54	0.118427
1	9.6	5510837	4148	127	4.91461
2	9.6	190574	1680	51	0.117741
1	9.65	5546016	4175	126	4.88613
2	9.65	192069	1692	51	0.116999
1	9.7	5551717	4188	53	4.86503
2	9.7	193288	1702	53	0.116382
1	9.75	5551954	4192	53	4.83245
2	9.75	194455	1711	53	0.115658
1	9.8	5552508	4199	54	4.80577
2	9.8	195150	1716	54	0.115015
1	9.85	5552938	4204	54	4.77464
2	9.85	195518	1719	54	0.114716
1	9.9	5553282	4208	50	4.76328
2	9.9	195518	1719	54	0.114716
1	9.95	5553282	4208	50	4.76328
2	9.95	195518	1719	54	0.114716
1	10	5553282	4208	50	4.76328
2	10	195518	1719	54	0.114716
1	10.05	5553282	4208	50	4.76328
2	10.05	195518	1719	54	0.114716
1	10.1	5553282	4208	50	4.76328
2	10.1	195518	1719	54	0.114716
1	10.15	5553282	4208	50	4.76328
2	10.15	195518	1719	54	0.114716
1	10.2	5553282	4208	50	4.76328
2	10.2	195518	1719	54	0.114716
1	10.25	5553282	4208	50	4.76328
2	10.25	195518	1719	54	0.114716
1	10.3	5553282	4208	50	4.76328
2	10.3	195518	1719	54	0.114716
1	10.35	5553282	4208	50	4.76328
2	10.35	195518	1719	54	0.114716
1	10.4	5553282	4208	50	4.76328
2	10.4	195518	1719	54	0.114716
1	10.45	5553282	4208	50	4.76328
2	10.45	195518	1719	54	0.114716
1	10.5	5553282	4208	50	4.76328
2	10.5	195518	1719	54	0.114716
1	10.55	5553282	4208	50	4.76328
2	10.55	195518	1719	54	0.114716
1	10.6	5553282	4208	50	4.76328
2	10.6	195518	1719	54	0.114716
1	10.65	5553282	4208	50	4.76328
2	10.65	195518	1719	54	0.114716
1	10.7	5553282	4208	50	4.76328
2	10.7	195518	1719	54	0.114716
1	10.75	5553282	4208	50	4.76328
2	10.75	195518	1719	54	0.114716
1	10.8	5553282	4208	50	4.76328
2	10.8	195518	1719	54	0.114716
1	10.85	5553282	4208	50	4.76328
2	10.85	195518	1719	54	0.114716
1	10.9	5553282	4208	50	4.76328
2	10.9	195518	1719	54	0.114716
1	10.95	5553282	4208	50	4.76328
2	10.95	195518	1719	54	0.114716
1	11	5553282	4208	50	4.76328
2	11	195518	1719	54	0.114716
1	11.05	5553282	4208	50	4.76328
2	11.05	195518	1719	54	0.114716
1	11.1	5553282	4208	50	4.76328
2	11.1	195518	1719	54	0.114716
1	11.15	5553282	4208	50	4.76328
2	11.15	195518	1719	54	0.114716
1	11.2	5553282	4208	50	4.76328
2	11.2	195518	1719	54	0.114716
1	11.25	5553282	4208	50	4.76328
2	11.25	195518	1719	54	0.114716
1	11.3	5553282	4208	50	4.76328
2	11.3	195518	1719	54	0.114716
1	11.35	5553282	4208	50	4.76328
2	11.35	195518	1719	54	0.114716
1	11.4	5553282	4208	50	4.76328
2	11.4	195518	1719	54	0.114716
1	11.45	5553282	4208	50	4.76328
2	11.45	195518	1719	54	0.114716
1	11.5	5553282	4208	50	4.76328
2	11.5	195518	1719	54	0.114716
1	11.55	5553282	4208	50	4.76328
2	11.55	195518	1719	54	0.114716
1	11.6	5553282	4208	50	4.76328
2	11.6	195518	1719	54	0.114716
1	11.65	5553282	4208	50	4.76328
2	11.65	195518	1719	54	0.114716
1	11.7	5553282	4208	50	4.76328
2	11.7	195518	1719	54	0.114716
1	11.75	5553282	4208	50	4.76328
2	11.75	195518	1719	54	0.114716
1	11.8	5553282	4208	50	4.76328
2	11.8	195518	1719	54	0.114716
1	11.85	5553282	4208	50	4.76328
2	11.85	195518	1719	54	0.114716
1	11.9	5553282	4208	50	4.76328
2	11.9	195518	1719	54	0.114716
1	11.95	5553282	4208	50	4.76328
2	11.95	195518	1719	54	0.114716
1	12	5553282	4208	50	4.76328
2	12	195518	1719	54	0.114716
1	12.05	5553282	4208	50	4.76328
2	12.05	195518	1719	54	0.114716
1	12.1	5553282	4208	50	4.76328
2	12.1	195518	1719	54	0.114716
1	12.15	5553282	4208	50	4.76328
2	12.15	195518	1719	54	0.114716
1	12.2	5553282	4208	50	4.76328
2	12.2	195518	1719	54	0.114716
1	12.25	5553282	4208	50	4.76328
2	12.25	195518	1719	54	0.114716
1	12.3	5553282	4208	50	4.76328
2	12.3	195518	1719	54	0.114716
1	12.35	5553282	4208	50	4.76328
2	12.35	195518	1719	54	0.114716
1	12.4	5553282	4208	50	4.76328
2	12.4	195518	1719	54	0.114716
1	12.45	5553282	4208	50	4.76328
2	12.45	195518	1719	54	0.114716
1	12.5	5553282	4208	50	4.76328
2	12.5	195518	1719	54	0.114716
1	12.55	5553282	4208	50	4.76328
2	12.55	195518	1719	54	0.114716
1	12.6	5553282	4208	50	4.76328
2	12.6	195518	1719	54	0.114716
1	12.65	5553282	4208	50	4.76328
2	12.65	195518	1719	54	0.114716
1	12.7	5553282	4208	50	4.76328
2	12.7	195518	1719	54	0.114716
1	12.75	5553282	4208	50	4.76328
2	12.75	195518	1719	54	0.114716
1	12.8	5553282	4208	50	4.76328
2	12.8	195518	1719	54	0.114716
1	12.85	5553282	4208	50	4.76328
2	12.85	195518	1719	54	0.114716
1	12.9	5553282	4208	50	4.76328
2	12.9	195518	1719	54	0.114716
1	12.95	5553282	4208	50	4.76328
2	12.95	195518	1719	54	0.114716
1	13	5553282	4208	50	4.76328
2	13	195518	1719	54	0.114716
1	13.05	5553282	4208	50	4.76328
2	13.05	195518	1719	54	0.114716
1	13.1	5553282	4208	50	4.76328
2	13.1	195518	1719	54	0.114716
1	13.15	5553282	4208	50	4.76328
2	13.15	195518	1719	54	0.114716
1	13.2	5553282	4208	50	4.76328
2	13.2	195518	1719	54	0.114716
1	13.25	5553282	4208	50	4.76328
2	13.25	195518	1719	54	0.114716
1	13.3	5553282	4208	50	4.76328
2	13.3	195518	1719	54	0.114716
1	13.35	5553282	4208	50	4.76328
2	13.35	195518	1719	54	0.114716
1	13.4	5553282	4208	50	4.76328
2	13.4	195518	1719	54	0.114716
1	13.45	5553282	4208	50	4.76328
2	13.45	195518	1719	54	0.114716
1	13.5	5553282	4208	50	4.76328
2	13.5	195518	1719	54	0.114716
1	13.55	5553282	4208	50	4.76328
2	13.55	195518	1719	54	0.114716
1	13.6	5553282	4208	50	4.76328
2	13.6	195518	1719	54	0.114716
1	13.65	5553282	4208	50	4.76328
2	13.65	195518	1719	54	0.114716
1	13.7	5553282	4208	50	4.76328
2	13.7	195518	1719	54	0.114716
1	13.75	5553282	4208	50	4.76328
2	13.75	195518	1719	54	0.114716
1	13.8	5553282	4208	50	4.76328
2	13.8	195518	1719	54	0.114716
1	13.85	5553282	4208	50	4.76328
2	13.85	195518	1719	54	0.114716
1	13.9	5553282	4208	50	4.76328
2	13.9	195518	1719	54	0.114716
1	13.95	5553282	4208	50	4.76328
2	13.95	195518	1719	54	0.114716
1	14	5553282	4208	50	4.76328
2	14	195518	1719	54	0.114716
1	14.05	5553282	4208	50	4.76328
2	14.05	195518	1719	54	0.114716
1	14.1	5553282	4208	50	4.76328
2	14.1	195518	1719	54	0.114716
1	14.15	5553282	4208	50	4.76328
2	14.15	195518	1719	54	0.114716
1	14.2	5553282	4208	50	4.76328
2	14.2	195518	1719	54	0.114716
1	14.25	5553282	4208	50	4.76328
2	14.25	195518	1719	54	0.114716
1	14.3	5553282	4208	50	4.76328
2	14.3	195518	1719	54	0.114716
1	14.35	5553282	4208	50	4.76328
2	14.35	195518	1719	54	0.114716
1	14.4	5553282	4208	50	4.76328
2	14.4	195518	1719	54	0.114716
1	14.45	5553282	4208	50	4.76328
2	14.45	195518	1719	54	0.114716
1	14.5	5553282	4208	50	4.76328
2	14.5	195518	1719	54	0.114716
1	14.55	5553282	4208	50	4.76328
2	14.55	195518	1719	54	0.114716
1	14.6	5553282	4208	50	4.76328
2	14.6	195518	1719	54	0.114716
1	14.65	5553282	4208	50	4.76328
2	14.65	195518	1719	54	0.114716
1	14.7	5553282	4208	50	4.76328
2	14.7	195518	1719	54	0.114716
1	14.75	5553282	4208	50	4.76328
2	14.75	195518	1719	54	0.114716
1	14.8	5553282	4208	50	4.76328
2	14.8	195518	1719	54	0.114716
1	14.85	5553282	4208	50	4.76328
2	14.85	195518	1719	54	0.114716
1	14.9	5553282	4208	50	4.76328
2	14.9	195518	1719	54	0.114716
1	14.95	5553282	4208	50	4.76328
2	14.95	195518	1719	54	0.114716
1	15	5553282	4208	50	4.76328
2	15	195518	1719	54	0.114716
1	15.05	5553282	4208	50	4.76328
2	15.05	195518	1719	54	0.114716
1	15.1	5553282	4208	50	4.76328
2	15.1	195518	1719	54	0.114716
1	15.15	5553282	4208	50	4.76328
2	15.15	195518	1719	54	0.114716
1	15.2	5553282	4208	50	4.76328
2	15.2	195518	1719	54	0.114716
1	15.25	5553282	4208	50	4.76328
2	15.25	195518	1719	54	0.114716
1	15.3	5553282	4208	50	4.76328
2	15.3	195518	1719	54	0.114716
1	15.35	5553282	4208	50	4.76328
2	15.35	195518	1719	54	0.114716
1	15.4	5553282	4208	50	4.76328
2	15.4	195518	1719	54	0.114716
1	15.45	5553282	4208	50	4.76328
2	15.45	195518	1719	54	0.114716
1	15.5	5553282	4208	50	4.76328
2	15.5	195518	1719	54	0.114716
1	15.55	5553282	4208	50	4.76328
2	15.55	195518	1719	54	0.114716
1	15.6	5553282	4208	50	4.76328
2	15.6	195518	1719	54	0.114716
1	15.65	5553282	4208	50	4.76328
2	15.65	195518	1719	54	0.114716
1	15.7	5553282	4208	50	4.76328
2	15.7	195518	1719	54	0.114716
1	15.75	5553282	4208	50	4.76328
2	15.75	195518	1719	54	0.114716
1	15.8	5553282	4208	50	4.76328
2	15.8	195518	1719	54	0.114716
1	15.85	5553282	4208	50	4.76328
2	15.85	195518	1719	54	0.114716
1	15.9	5553282	4208	50	4.76328
2	15.9	195518	1719	54	0.114716
1	15.95	5553282	4208	50	4.76328
2	15.95	195518	1719	54	0.114716
1	16	5553282	4208	50	4.76328
2	16	195518	1719	54	0.114716
1	16.05	5553282	4208	50	4.76328
2	16.05	195518	1719	54	0.114716
1	16.1	5553282	4208	50	4.76328
2	16.1	195518	1719	54	0.114716
1	16.15	5553282	4208	50	4.76328
2	16.15	195518	1719	54	0.114716
1	16.2	5553282	4208	50	4.76328
2	16.2	195518	1719	54	0.114716
1	16.25	5553282	4208	50	4.76328
2	16.25	195518	1719	54	0.114716
1	16.3	5553282	4208	50	4.76328
2	16.3	195518	1719	54	0.114716
1	16.35	5553282	4208	50	4.76328
2	16.35	195518	1719	54	0.114716
1	16.4	5553282	4208	50	4.76328
2	16.4	195518	1719	54	0.114716
1	16.45	5553282	4208	50	4.76328
2	16.45	195518	1719	54	0.114716
1	16.5	5553282	4208	50	4.76328
2	16.5	195518	1719	54	0.114716
1	16.55	5553282	4208	50	4.76328
2	16.55	195518	1719	54	0.114716
1	16.6	5553282	4208	50	4.76328
2	16.6	195518	1719	54	0.114716
1	16.65	5553282	4208	50	4.76328
2	16.65	195518	1719	54	0.114716
1	16.7	5553282	4208	50	4.76328
2	16.7	195518	1719	54	0.114716
1	16.75	5553282	4208	50	4.76328
2	16.75	195518	1719	54	0.114716
1	16.8	5553282	4208	50	4.76328
2	16.8	195518	1719	54	0.114716
1	16.85	5553282	4208	50	4.76328
2	16.85	195518	1719	54	0.114716
1	16.9	5553282	4208	50	4.76328
2	16.9	195518	1719	54	0.114716
1	16.95	5553282	4208	50	4.76328
2	16.95	195518	1719	54	0.114716
1	17	5553282	4208	50	4.76328
2	17	195518	1719	54	0.114716
1	17.05	5553282	4208	50	4.76328
2	17.05	195518	1719	54	0.114716
1	17.1	5553282	4208	50	4.76328
2	17.1	195518	1719	54	0.114716
1	17.15	5553282	4208	50	4.76328
2	17.15	195518	1719	54	0.114716
1	17.2	5553282	4208	50	4.76328
2	17.2	195518	1719	54	0.114716
1	17.25	5553282	4208	50	4.76328
2	17.25	195518	1719	54	0.114716
1	17.3	5553282	4208	50	4.76328
2	17.3	195518	1719	54	0.114716
1	17.35	5553282	4208	50	4.76328
2	17.35	195518	1719	54	0.114716
1	17.4	5553282	4208	50	4.76328
2	17.4	195518	1719	54	0.114716
1	17.45	5553282	4208	50	4.76328
2	17.45	195518	1719	54	0.114716
1	17.5	5553282	4208	50	4.76328
2	17.5	195518	1719	54	0.114716
1	17.55	5553282	4208	50	4.76328
2	17.55	195518	1719	54	0.114716
1	17.6	5553282	4208	50	4.76328
2	17.6	195518	1719	54	0.114716
1	17.65	5553282	4208	50	4.76328
2	17.65	195518	1719	54	0.114716
1	17.7	5553282	4208	50	4.76328
2	17.7	195518	1719	54	0.114716
1	17.75	5553282	4208	50	4.76328
2	17.75	195518	1719	54	0.114716
1	17.8	5553282	4208	50	4.76328
2	17.8	195518	1719	54	0.114716
1	17.85	5553282	4208	50	4.76328
2	17.85	195518	1719	54	0.114716
1	17.9	5553282	4208	50	4.76328
2	17.9	195518	1719	54	0.114716
1	17.95	5553282	4208	50	4.76328
2	17.95	195518	1719	54	0.114716
1	18	5553282	4208	50	4.76328
2	18	195518	1719	54	0.114716
1	18.05	5553282	4208	50	4.76328
2	18.05	195518	1719	54	0.114716
1	18.1	5553282	4208	50	4.76328
2	18.1	195518	1719	54	0.114716
1	18.15	5553282	4208	50	4.76328
2	18.15	195518	1719	54	0.114716
1	18.2	5553282	4208	50	4.76328
2	18.2	195518	1719	54	0.114716
1	18.25	5553282	4208	50	4.76328
2	18.25	195518	1719	54	0.114716
1	18.3	5553282	4208	50	4.76328
2	18.3	195518	1719	54	0.114716
1	18.35	5553282	4208	50	4.76328
2	18.35	195518	1719	54	0.114716
1	18.4	5553282	4208	50	4.76328
2	18.4	195518	1719	54	0.114716
1	18.45	5553282	4208	50	4.76328
2	18.45	195518	1719	54	0.114716
1	18.5	5553282	4208	50	4.76328
2	18.5	195518	1719	54	0.114716
1	18.55	5553282	4208	50	4.76328
2	18.55	195518	1719	54	0.114716
1	18.6	5553282	4208	50	4.76328
2	18.6	195518	1719	54	0.114716
1	18.65	5553282	4208	50	4.76328
2	18.65	195518	1719	54	0.114716
1	18.7	5553282	4208	50	4.76328
2	18.7	195518	1719	54	0.114716
1	18.75	5553282	4208	50	4.76328
2	18.75	195518	1719	54	0.114716
1	18.8	5553282	4208	50	4.76328
2	18.8	195518	1719	54	0.114716
1	18.85	5553282	4208	50	4.76328
2	18.85	195518	1719	54	0.114716
1	18.9	5553282	4208	50	4.76328
2	18.9	195518	1719	54	0.114716
1	18.95	5553282	4208	50	4.76328
2	18.95	195518	1719	54	0.114716
1	19	5553282	4208	50	4.76328
2	19	195518	1719	54	0.114716
1	19.05	5553282	4208	50	4.76328
2	19.05	195518	1719	54	0.114716
1	19.1	5553282	4208	50	4.76328
2	19.1	195518	1719	54	0.114716
1	19.15	5553282	4208	50	4.76328
2	19.15	195518	1719	54	0.114716
1	19.2	5553282	4208	50	4.76328
2	19.2	195518	1719	54	0.114716
1	19.25	5553282	4208	50	4.76328
2	19.25	195518	1719	54	0.114716
1	19.3	5553282	4208	50	4.76328
2	19.3	195518	1719	54	0.114716
1	19.35	5553282	4208	50	4.76328
2	19.35	195518	1719	54	0.114716
1	19.4	5553282	4208	50	4.76328
2	19.4	195518	1719	54	0.114716
1	19.45	5553282	4208	50	4.76328
2	19.45	195518	1719	54	0.114716
1	19.5	5553282	4208	50	4.76328
2	19.5	195518	1719	54	0.114716
1	19.55	5553282	4208	50	4.76328
2	19.55	195518	1719	54	0.114716
1	19.6	5553282	4208	50	4.76328
2	19.6	195518	1719	54	0.114716
1	19.65	5553282	4208	50	4.76328
2	19.65	195518	1719	54	0.114716
1	19.7	5553282	4208	50	4.76328
2	19.7	195518	1719	54	0.114716
1	19.75	5553282	4208	50	4.76328
2	19.75	195518	1719	54	0.114716
1	19.8	5553282	4208	50	4.76328
2	19.8	195518	1719	54	0.114716
1	19.85	5553282	4208	50	4.76328
2	19.85	195518	1719	54	0.114716
1	19.9	5553282	4208	50	4.76328
2	19.9	195518	1719	54	0.114716
1	19.95	5553282	4208	50	4.76328
2	19.95	195518	1719	54	0.114716
1	20	5553282	4208	50	4.76328
2	20	195518	1719	54	0.114716
1	20.05	5553282	4208	50	4.76328
2	20.05	195518	1719	54	0.114716
1	20.1	5553282	4208	50	4.76328
2	20.1	195518	1719	54	0.114716
1	20.15	5553282	4208	50	4.76328
2	20.15	195518	1719	54	0.114716
1	20.2	5553282	4208	50	4.76328
2	20.2	195518	1719	54	0.114716
1	20.25	5553282	4208	50	4.76328
2	20.25	195518	1719	54	0.114716
1	20.3	5553282	4208	50	4.76328
2	20.3	195518	1719	54	0.114716
1	20.35	5553282	4208	50	4.76328
2	20.35	195518	1719	54	0.114716
1	20.4	5553282	4208	50	4.76328
2	20.4	195518	1719	54	0.114716
1	20.45	5553282	4208	50	4.76328
2	20.45	195518	1719	54	0.114716
1	20.5	5553282	4208	50	4.76328
2	20.5	195518	1719	54	0.114716
1	20.55	5553282	4208	50	4.76328
2	20.55	195518	1719	54	0.114716
1	20.6	5553282	4208	50	4.76328
2	20.6	195518	1719	54	0.114716
1	20.65	5553282	4208	50	4.76328
2	20.65	195518	1719	54	0.114716
1	20.7	5553282	4208	50	4.76328
2	20.7	195518	1719	54	0.114716
1	20.75	5553282	4208	50	4.76328
2	20.75	195518	1719	54	0.114716
1	20.8	5553282	4208	50	4.76328
2	20.8	195518	1719	54	0.114716
1	20.85	5553282	4208	50	4.76328
2	20.85	195518	1719	54	0.114716
1	20.9	5553282	4208	50	4.76328
2	20.9	195518	1719	54	0.114716
1	20.95	5553282	4208	50	4.76328
2	20.95	195518	1719	54	0.114716
1	21	5553282	4208	50	4.76328
2	21	195518	1719	54	0.114716
1	21.05	5553282	4208	50	4.76328
2	21.05	195518	1719	54	0.114716
1	21.1	5553282	4208	50	4.76328
2	21.1	195518	1719	54	0.114716
1	21.15	5553282	4208	50	4.76328
2	21.15	195518	1719	54	0.114716
1	21.2	5553282	4208	50	4.76328
2	21.2	195518	1719	54	0.114716
1	21.25	5553282	4208	50	4.76328
2	21.25	195518	1719	54	0.114716
1	21.3	5553282	4208	50	4.76328
2	21.3	195518	1719	54	0.114716
1	21.35	5553282	4208	50	4.76328
2	21.35	195518	1719	54	0.114716
1	21.4	5553282	4208	50	4.76328
2	21.4	195518	1719	54	0.114716
1	21.45	5553282	4208	50	4.76328
2	21.45	195518	1719	54	0.114716
1	21.5	5553282	4208	50	4.76328
2	21.5	195518	1719	54	0.114716
1	21.55	5553282	4208	50	4.76328
2	21.55	195518	1719	54	0.114716
1	21.6	5553282	4208	50	4.76328
2	21.6	195518	1719	54	0.114716
1	21.65	5553282	4208	50	4.76328
2	21.65	195518	1719	54	0.114716
1	21.7	5553282	4208	50	4.76328
2	21.7	195518	1719	54	0.114716
1	21.75	5553282	4208	50	4.76328
2	21.75	195518	1719	54	0.114716
1	21.8	5553282	4208	50	4.76328
2	21.8	195518	1719	54	0.114716
1	21.85	5553282	4208	50	4.76328
2	21.85	195518	1719	54	0.114716
1	21.9	5553282	4208	50	4.76328
2	21.9	195518	1719	54	0.114716
1	21.95	5553282	4208	50	4.76328
2	21.95	195518	1719	54	0.114716
1	22	5553282	4208	50	4.76328
2	22	195518	1719	54	0.114716
1	22.05	5553282	4208	50	4.76328
2	22.05	195518	1719	54	0.114716
1	22.1	5553282	4208	50	4.76328
2	22.1	195518	1719	54	0.114716
1	22.15	5553282	4208	50	4.76328
2	22.15	195518	1719	54	0.114716
1	22.2	5553282	4208	50	4.76328
2	22.2	195518	1719	54	0.114716
1	22.25	5553282	4208	50	4.76328
2	22.25	195518	1719	54	0.114716
1	22.3	5553282	4208	50	4.76328
2	22.3	195518	1719	54	0.114716
1	22.35	5553282	4208	50	4.76328
2	22.35	195518	1719	54	0.114716
1	22.4	5553282	4208	50	4.76328
2	22.4	195518	1719	54	0.114716
1	22.45	5553282	4208	50	4.76328
2	22.45	195518	1719	54	0.114716
1	22.5	5553282	4208	50	4.76328
2	22.5	195518	1719	54	0.114716
1	22.55	5553282	4208	50	4.76328
2	22.55	195518	1719	54	0.114716
1	22.6	5553282	4208	50	4.76328
2	22.6	195518	1719	54	0.114716
1	22.65	5553282	4208	50	4.76328
2	22.65	195518	1719	54	0.114716
1	22.7	5553282	4208	50	4.76328
2	22.7	195518	1719	54	0.114716
1	22.75	5553282	4208	50	4.76328
2	22.75	195518	1719	54	0.114716
1	22.8	5553282	4208	50	4.76328
2	22.8	195518	1719	54	0.114716
1	22.85	5553282	4208	50	4.76328
2	22.85	195518	1719	54	0.114716
1	22.9	5553282	4208	50	4.76328
2	22.9	195518	1719	54	0.114716
1	22.95	5553282	4208	50	4.76328
2	22.95	195518	1719	54	0.114716
1	23	5553282	4208	50	4.76328
2	23	195518	1719	54	0.114716
1	23.05	5553282	4208	50	4.76328
2	23.05	195518	1719	54	0.114716
1	23.1	5553282	4208	50	4.76328
2	23.1	195518	1719	54	0.114716
1	23.15	5553282	4208	50	4.76328
2	23.15	195518	1719	54	0.114716
1	23.2	5553282	4208	50	4.76328
2	23.2	195518	1719	54	0.114716
1	23.25	5553282	4208	50	4.76328
2	23.25	195518	1719	54	0.114716
1	23.3	5553282	4208	50	4.76328
2	23.3	195518	1719	54	0.114716
1	23.35	5553282	4208	50	4.76328
2	23.35	195518	1719	54	0.114716
1	23.4	5553282	4208	50	4.76328
2	23.4	195518	1719	54	0.114716
1	23.45	5553282	4208	50	4.76328
2	23.45	195518	1719	54	0.114716
1	23.5	5553282	4208	50	4.76328
2	23.5	195518	1719	54	0.114716
1	23.55	5553282	4208	50	4.76328
2	23.55	195518	1719	54	0.114716
1	23.6	5553282	4208	50	4.76328
2	23.6	195518	1719	54	0.114716
1	23.65	5553282	4208	50	4.76328
2	23.65	195518	1719	54	0.114716
1	23.7	5553282	4208	50	4.76328
2	23.7	195518	1719	54	0.114716
1	23.75	5553282	4208	50	4.76328
2	23.75	195518	1719	54	0.114716
1	23.8	5553282	4208	50	4.76328
2	23.8	195518	1719	54	0.114716
1	23.85	5553282	4208	50	4.76328
2	23.85	195518	1719	54	0.114716
1	23.9	5553282	4208	50	4.76328
2	23.9	195518	1719	54	0.114716
1	23.95	5553282	4208	50	4.76328
2	23.95	195518	1719	54	0.114716
1	24	5553282	4208	50	4.76328
2	24	195518	1719	54	0.114716
1	24.05	5553282	4208	50	4.76328
2	24.05	195518	1719	54	0.114716
1	24.1	5553282	4208	50	4.76328
2	24.1	195518	1719	54	0.114716
1	24.15	5553282	4208	50	4.76328
2	24.15	195518	1719	54	0.114716
1	24.2	5553282	4208	50	4.76328
2	24.2	195518	1719	54	0.114716
1	24.25	5553282	4208	50	4.76328
2	24.25	195518	1719	54	0.114716
1	24.3	5553282	4208	50	4.76328
2	24.3	195518	1719	54	0.114716
1	24.35	5553282	4208	50	4.76328
2	24.35	195518	1719	54	0.114716
1	24.4	5553282	4208	50	4.76328
2	24.4	195518	1719	54	0.114716
1	24.45	5553282	4208	50	4.76328
2	24.45	195518	1719	54	0.114716
1	24.5	5553282	4208	50	4.76328
2	24.5	195518	1719	54	0.114716
1	24.55	5553282	4208	50	4.76328
2	24.55	195518	1719	54	0.114716
1	24.6	5553282	4208	50	4.76328
2	24.6	195518	1719	54	0.114716
1	24.65	5553282	4208	50	4.76328
2	24.65	195518	1719	54	0.114716
1	24.7	5553282	4208	50	4.76328
2	24.7	195518	1719	54	0.114716
1	24.75	5553282	4208	50	4.76328
2	24.75	195518	1719	54	0.114716
1	24.8	5553282	4208	50	4.76328
2	24.8	195518	1719	54	0.114716
1	24.85	5553282	4208	50	4.76328
2	24.85	195518	1719	54	0.114716
1	24.9	5553282	4208	50	4.76328
2	24.9	195518	1719	54	0.114716
1	24.95	5553282	4208	50	4.76328
2	24.95	195518	1719	54	0.114716
1	25	5553282	4208	50	4.76328
2	25	195518	1719	54	0.114716
1	25.05	5553282	4208	50	4.76328
2	25.05	195518	1719	54	0.114716
1	25.1	5553282	4208	50	4.76328
2	25.1	195518	1719	54	0.114716
1	25.15	5553282	4208	50	4.76328
2	25.15	195518	1719	54	0.114716
1	25.2	5553282	4208	50	4.76328
2	25.2	195518	1719	54	0.114716
1	25.25	5553282	4208	50	4.76328
2	25.25	195518	1719	54	0.114716
1	25.3	5553282	4208	50	4.76328
2	25.3	195518	1719	54	0.114716
1	25.35	5553282	4208	50	4.76328
2	25.35	195518	1719	54	0.114716
1	25.4	5553282	4208	50	4.76328
2	25.4	195518	1719	54	0.114716
1	25.45	5553282	4208	50	4.76328
2	25.45	195518	1719	54	0.114716
1	25.5	5553282	4208	50	4.76328
2	25.5	195518	1719	54	0.114716
1	25.55	5553282	4208	50	4.76328
2	25.55	195518	1719	54	0.114716
1	25.6	5553282	4208	50	4.76328
2	25.6	195518	1719	54	0.114716
1	25.65	5553282	4208	50	4.76328
2	25.65	195518	1719	54	0.114716
1	25.7	5553282	4208	50	4.76328
2	25.7	195518	1719	54	0.114716
1	25.75	5553282	4208	50	4.76328
2	25.75	195518	1719	54	0.114716
1	25.8	5553282	4208	50	4.76328
2	25.8	195518	1719	54	0.114716
1	25.85	5553282	4208	50	4.76328
2	25.85	195518	1719	54	0.114716
1	25.9	5553282	4208	50	4.76328
2	25.9	195518	1719	54	0.114716
1	25.95	5553282	4208	50	4.76328
2	25.95	195518	1719	54	0.114716
1	26	5553282	4208	50	4.76328
2	26	195518	1719	54	0.114716
1	26.05	5553282	4208	50	4.76328
2	26.05	195518	1719	54	0.114716
1	26.1	5553282	4208	50	4.76328
2	26.1	195518	1719	54	0.114716
1	26.15	5553282	4208	50	4.76328
2	26.15	195518	1719	54	0.114716
1	26.2	5553282	4208	50	4.76328
2	26.2	195518	1719	54	0.114716
1	26.25	5553282	4208	50	4.76328
2	26.25	195518	1719	54	0.114716
1	26.3	5553282	4208	50	4.76328
2	26.3	195518	1719	54	0.114716
1	26.35	5553282	4208	50	4.76328
2	26.35	195518	1719	54	0.114716
1	26.4	5553282	4208	50	4.76328
2	26.4	195518	1719	54	0.114716
1	26.45	5553282	4208	50	4.76328
2	26.45	195518	1719	54	0.114716
1	26.5	5553282	4208	50	4.76328
2	26.5	195518	1719	54	0.114716
1	26.55	5553282	4208	50	4.76328
2	26.55	195518	1719	54	0.114716
1	26.6	5553282	4208	50	4.76328
2	26.6	195518	1719	54	0.114716
1	26.65	5553282	4208	50	4.76328
2	26.65	195518	1719	54	0.114716
1	26.7	5553282	4208	50	4.76328
2	26.7	195518	1719	54	0.114716
1	26.75	5553282	4208	50	4.76328
2	26.75	195518	1719	54	0.114716
1	26.8	5553282	4208	50	4.76328
2	26.8	195518	1719	54	0.114716
1	26.85	5553282	4208	50	4.76328
2	26.85	195518	1719	54	0.114716
1	26.9	5553282	4208	50	4.76328
2	26.9	195518	1719	54	0.114716
1	26.95	5553282	4208	50	4.76328
2	26.95	195518	1719	54	0.114716
1	27	5553282	4208	50	4.76328
2	27	195518	1719	54	0.114716
1	27.05	5553282	4208	50	4.76328
2	27.05	195518	1719	54	0.114716
1	27.1	5553282	4208	50	4.76328
2	27.1	195518	1719	54	0.114716
1	27.15	5553282	4208	50	4.76328
2	27.15	195518	1719	54	0.114716
1	27.2	5553282	4208	50	4.76328
2	27.2	195518	1719	54	0.114716
1	27.25	5553282	4208	50	4.76328
2	27.25	195518	1719	54	0.114716
1	27.3	5553282	4208	50	4.76328
2	27.3	195518	1719	54	0.114716
1	27.35	5553282	4208	50	4.76328
2	27.35	195518	1719	54	0.114716
1	27.4	5553282	4208	50	4.76328
2	27.4	195518	1719	54	0.114716
1	27.45	5553282	4208	50	4.76328
2	27.45	195518	1719	54	0.114716
1	27.5	5553282	4208	50	4.76328
2	27.5	195518	1719	54	0.114716
1	27.55	5553282	4208	50	4.76328
2	27.55	195518	1719	54	0.114716
1	27.6	5553282	4208	50	4.76328
2	27.6	195518	1719	54	0.114716
1	27.65	5553282	4208	50	4.76328
2	27.65	195518	1719	54	0.114716
1	27.7	5553282	4208	50	4.76328
2	27.7	195518	1719	54	0.114716
1	27.75	5553282	4208	50	4.76328
2	27.75	195518	1719	54	0.114716
1	27.8	5553282	4208	50	4.76328
2	27.8	195518	1719	54	0.114716
1	27.85	5553282	4208	50	4.76328
2	27.85	195518	1719	54	0.114716
1	27.9	5553282	4208	50	4.76328
2	27.9	195518	1719	54	0.114716
1	27.95	5553282	4208	50	4.76328
2	27.95	195518	1719	54	0.114716
1	28	5553282	4208	50	4.76328
2	28	195518	1719	54	0.114716
1	28.05	5553282	4208	50	4.76328
2	28.05	195518	1719	54	0.114716
1	28.1	5553282	4208	50	4.76328
2	28.1	195518	1719	54	0.114716
1	28.15	5553282	4208	50	4.76328
2	28.15	195518	1719	54	0.114716
1	28.2	5553282	4208	50	4.76328
2	28.2	195518	1719	54	0.114716
1	28.25	5553282	4208	50	4.76328
2	28.25	195518	1719	54	0.114716
1	28.3	5553282	4208	50	4.76328
2	28.3	195518	1719	54	0.114716
1	28.35	5553282	4208	50	4.76328
2	28.35	195518	1719	54	0.114716
1	28.4	5553282	4208	50	4.76328
2	28.4	195518	1719	54	0.114716
1	28.45	5553282	4208	50	4.76328
2	28.45	195518	1719	54	0.114716
1	28.5	5553282	4208	50	4.76328
2	28.5	195518	1719	54	0.114716
1	28.55	5553282	4208	50	4.76328
2	28.55	195518	1719	54	0.114716
1	28.6	5553282	4208	50	4.76328
2	28.6	195518	1719	54	0.114716
1	28.65	5553282	4208	50	4.76328
2	28.65	195518	1719	54	0.114716
1	28.7	5553282	4208	50	4.76328
2	28.7	195518	1719	54	0.114716
1	28.75	5553282	4208	50	4.76328
2	28.75	195518	1719	54	0.114716
1	28.8	5553282	4208	50	4.76328
2	28.8	195518	1719	54	0.114716
1	28.85	5553282	4208	50	4.76328
2	28.85	195518	1719	54	0.114716
1	28.9	5553282	4208	50	4.76328
2	28.9	195518	1719	54	0.114716
1	28.95	5553282	4208	50	4.76328
2	28.95	195518	1719	54	0.114716
1	29	5553282	4208	50	4.76328
2	29	195518	1719	54	0.114716
1	29.05	5553282	4208	50	4.76328
2	29.05	195518	1719	54	0.114716
1	29.1	5553282	4208	50	4.76328
2	29.1	195518	1719	54	0.114716
1	29.15	5553282	4208	50	4.76328
2	29.15	195518	1719	54	0.114716
1	29.2	5553282	4208	50	4.76328
2	29.2	195518	1719	54	0.114716
1	29.25	5553282	4208	50	4.76328
2	29.25	195518	1719	54	0.114716
1	29.3	5553282	4208	50	4.76328
2	29.3	195518	1719	54	0.114716
1	29.35	5553282	4208	50	4.76328
2	29.35	195518	1719	54	0.114716
1	29.4	5553282	4208	50	4.76328
2	29.4	195518	1719	54	0.114716
1	29.45	5553282	4208	50	4.76328
2	29.45	195518	1719	54	0.114716
1	29.5	5553282	4208	50	4.76328
2	29.5	195518	1719	54	0.114716
1	29.55	5553282	4208	50	4.76328
2	29.55	195518	1719	54	0.114716
1	29.6	5553282	4208	50	4.76328
2	29.6	195518	1719	54	0.114716
1	29.65	5553282	4208	50	4.76328
2	29.65	195518	1719	54	0.114716
1	29.7	5553282	4208	50	4.76328
2	29.7	195518	1719	54	0.114716
1	29.75	5553282	4208	50	4.76328
2	29.75	195518	1719	54	0.114716
1	29.8	5553282	4208	50	4.76328
2	29.8	195518	1719	54	0.114716
1	29.85	5553282	4208	50	4.76328
2	29.85	195518	1719	54	0.114716
1	29.9	5553282	4208	50	4.76328
2	29.9	195518	1719	54	0.114716
1	29.95	5553282	4208	50	4.76328
2	29.95	195518	1719	54	0.114716
